,feature_0,feature_1,feature_2,feature_3,feature_4,feature_5,feature_6,feature_7,feature_8,feature_9,feature_10,feature_11,feature_12,feature_13,feature_14,feature_15
feature_0,1.0,-0.11693058547076789,-0.08148450354591925,-0.41965426249676724,-0.4184169900097668,-0.3936133960335542,-0.2979430775499089,0.07176777108023669,0.22028644468217995,-0.10677923077064724,-0.03743063414989908,0.23711663431312008,-0.11698264338368071,-0.17764835643875385,-0.2485447558906077,-0.1334853006877706
feature_1,-0.11693058547076789,1.0,-0.10988179247880162,0.18950658223112032,0.25979596384588577,0.3015378513644507,0.24232261099265096,0.4181456612263872,-0.08427965526776257,-0.10366221142504152,-0.18703782740800107,0.27297861229613296,-0.03634653533405983,0.35992403018626634,0.08236044104772068,-0.1018236329325303
feature_2,-0.08148450354591925,-0.10988179247880162,1.0,-0.010629126154045763,0.1419691653339008,-0.07428019585197021,0.09664978515095371,0.5697559948810543,0.06443933842139993,-0.0906178635813224,0.03671976514875262,0.07767900984281055,-0.08742648787919673,0.17092194492883522,-0.012236003373360569,0.08801499296937867
feature_3,-0.41965426249676724,0.18950658223112032,-0.010629126154045763,1.0,0.48935325826008413,0.3766460163928647,0.4460290563588597,0.0027275978760218336,-0.06203075943647395,0.3611735292661741,0.17435529292839638,-0.3409339087636058,0.32741304484507827,0.24394939514856717,0.23133379651398495,0.1908471495808081
feature_4,-0.4184169900097668,0.25979596384588577,0.1419691653339008,0.48935325826008413,1.0,0.3069767480307908,0.40784129361861177,0.20916278578523892,-0.21020675545405348,-0.09111046283397947,-0.06636334873730042,0.017108104966974215,0.21830598434408166,0.37686602682803216,0.15697273027576916,0.1777184823291707
feature_5,-0.3936133960335542,0.3015378513644507,-0.07428019585197021,0.3766460163928647,0.3069767480307908,1.0,0.413676518488879,0.230141041662574,-0.2773015984035598,0.07374114373705495,0.06498558537351913,-0.11127816902021274,0.12270157258145206,0.40814545470716773,0.2273884988700187,0.02156275826206288
feature_6,-0.2979430775499089,0.24232261099265096,0.09664978515095371,0.4460290563588597,0.40784129361861177,0.413676518488879,1.0,0.19052383854711707,-0.08008619663038209,0.24872320785119062,0.28363980221158624,-0.19554012620534186,0.42336530394842786,0.20815558526875572,0.1786306572885637,0.10327392426758604
feature_7,0.07176777108023669,0.4181456612263872,0.5697559948810543,0.0027275978760218336,0.20916278578523892,0.230141041662574,0.19052383854711707,1.0,-0.07203515696348231,-0.26739285323444134,-0.3977799002199291,0.489285447106336,-0.15046685727981654,0.2740003411381693,-0.0559578575821667,-0.2006490269588794
feature_8,0.22028644468217995,-0.08427965526776257,0.06443933842139993,-0.06203075943647395,-0.21020675545405348,-0.2773015984035598,-0.08008619663038209,-0.07203515696348231,1.0,-0.290010147064473,-0.16315807429094376,0.1827183075008653,-0.22156681599543776,0.005079915512268573,-0.2570758796784378,0.12399439755132266
feature_9,-0.10677923077064724,-0.10366221142504152,-0.0906178635813224,0.3611735292661741,-0.09111046283397947,0.07374114373705495,0.24872320785119062,-0.26739285323444134,-0.290010147064473,1.0,0.27112840055176846,-0.624802760822477,0.49215893237114994,-0.28240620498206725,0.33004923893003846,0.2697591182601295
feature_10,-0.03743063414989908,-0.18703782740800107,0.03671976514875262,0.17435529292839638,-0.06636334873730042,0.06498558537351913,0.28363980221158624,-0.3977799002199291,-0.16315807429094376,0.27112840055176846,1.0,-0.27768884672552385,0.33921321171655017,-0.08902268081269292,0.006831603899560813,0.154566711843987
feature_11,0.23711663431312008,0.27297861229613296,0.07767900984281055,-0.3409339087636058,0.017108104966974215,-0.11127816902021274,-0.19554012620534186,0.489285447106336,0.1827183075008653,-0.624802760822477,-0.27768884672552385,1.0,-0.5493260622172017,0.36923159191389143,-0.33957506621115646,0.011476217569549241
feature_12,-0.11698264338368071,-0.03634653533405983,-0.08742648787919673,0.32741304484507827,0.21830598434408166,0.12270157258145206,0.42336530394842786,-0.15046685727981654,-0.22156681599543776,0.49215893237114994,0.33921321171655017,-0.5493260622172017,1.0,-0.21118232651469435,0.27008506371110275,0.12667114132731197
feature_13,-0.17764835643875385,0.35992403018626634,0.17092194492883522,0.24394939514856717,0.37686602682803216,0.40814545470716773,0.20815558526875572,0.2740003411381693,0.005079915512268573,-0.28240620498206725,-0.08902268081269292,0.36923159191389143,-0.21118232651469435,1.0,-0.03328271977095144,-0.07702120330976674
feature_14,-0.2485447558906077,0.08236044104772068,-0.012236003373360569,0.23133379651398495,0.15697273027576916,0.2273884988700187,0.1786306572885637,-0.0559578575821667,-0.2570758796784378,0.33004923893003846,0.006831603899560813,-0.33957506621115646,0.27008506371110275,-0.03328271977095144,1.0,0.079336518796878
feature_15,-0.1334853006877706,-0.1018236329325303,0.08801499296937867,0.1908471495808081,0.1777184823291707,0.02156275826206288,0.10327392426758604,-0.2006490269588794,0.12399439755132266,0.2697591182601295,0.154566711843987,0.011476217569549241,0.12667114132731197,-0.07702120330976674,0.079336518796878,1.0
