,feature_0,feature_1,feature_2,feature_3,feature_4,feature_5,feature_6,feature_7,feature_8,feature_9,feature_10,feature_11,feature_12,feature_13,feature_14,feature_15
feature_0,1.0,-0.2782593653909042,-0.051725381267701785,-0.08234749769002406,-0.6205205461533623,-0.35213015129127745,0.30152957048193363,0.4339350942871179,-0.027328004652276527,-0.18652441118138968,-0.21627370416491823,0.08022415921713841,0.15456436248403915,-0.34776556950317167,-0.13110471679239552,-0.18346336626122609
feature_1,-0.2782593653909042,1.0,0.6065322672830552,-0.328711365377381,0.2991138660478653,0.46509359314496795,-0.7760867681790998,0.23994521819971165,-0.09435865229814439,-0.5303196124006078,0.6749830695362165,-0.4221351116986289,0.20963213388681992,0.8243714388861161,0.4725859988785558,0.705094490089385
feature_2,-0.051725381267701785,0.6065322672830552,1.0,-0.18116367554888352,0.17670192056924383,0.41357868880385257,-0.3408581897177805,-0.11079985720051426,0.07221236650916119,-0.3635620104581847,0.38757761837374316,-0.16428622556220426,0.043302337394454875,0.4666889347153688,-0.09901845734238873,0.4389295564811647
feature_3,-0.08234749769002406,-0.328711365377381,-0.18116367554888352,1.0,0.13885907414288265,0.23089193204878003,0.06019476054726234,0.14562010522263905,0.5878319781957438,0.45690410119607267,0.12133826306216733,-0.00549501979379428,0.008291667791996773,0.01947138962244182,-0.5833687318372,-0.10191815213528224
feature_4,-0.6205205461533623,0.2991138660478653,0.17670192056924383,0.13885907414288265,1.0,0.47804385574496006,-0.4381252750662733,0.031216264559729333,-0.025051570181150527,0.24108184836111643,0.43557892737144127,-0.22501230842494477,-0.2025225488693005,0.3618340160063831,0.22067984268445284,0.090824476082822
feature_5,-0.35213015129127745,0.46509359314496795,0.41357868880385257,0.23089193204878003,0.47804385574496006,1.0,-0.6602231608826523,0.18903678069421478,0.39102708159052046,-0.37674419385926267,0.4465340966396602,-0.7442301565132553,0.009901314800531212,0.5375283779428877,-0.29337712480275363,0.4395811624599906
feature_6,0.30152957048193363,-0.7760867681790998,-0.3408581897177805,0.06019476054726234,-0.4381252750662733,-0.6602231608826523,1.0,-0.4205920141120419,0.028092804848998374,0.57923129934481,-0.5952622891981978,0.6140278945491984,-0.11409108892828798,-0.6770070591819257,-0.271815744882075,-0.6606411605379879
feature_7,0.4339350942871179,0.23994521819971165,-0.11079985720051426,0.14562010522263905,0.031216264559729333,0.18903678069421478,-0.4205920141120419,1.0,0.08265629471786505,-0.1966990027845907,0.4730334087189304,-0.22951176801990789,0.11371767936867698,0.3727766458951136,0.25492010090973216,0.24219690633661273
feature_8,-0.027328004652276527,-0.09435865229814439,0.07221236650916119,0.5878319781957438,-0.025051570181150527,0.39102708159052046,0.028092804848998374,0.08265629471786505,1.0,0.19153955520266244,0.2536528166721398,-0.28485249276270086,0.0524586988407984,0.12877954913966042,-0.5930844873264045,0.10276329199952065
feature_9,-0.18652441118138968,-0.5303196124006078,-0.3635620104581847,0.45690410119607267,0.24108184836111643,-0.37674419385926267,0.57923129934481,-0.1966990027845907,0.19153955520266244,1.0,-0.08638446771287003,0.45855233291100744,-0.1883893023726397,-0.31068975595741444,-0.07458549113840368,-0.6443609923267699
feature_10,-0.21627370416491823,0.6749830695362165,0.38757761837374316,0.12133826306216733,0.43557892737144127,0.4465340966396602,-0.5952622891981978,0.4730334087189304,0.2536528166721398,-0.08638446771287003,1.0,-0.3568226814255022,-0.1821545831138374,0.7269788121825052,0.31686499750134767,0.42966561807509157
feature_11,0.08022415921713841,-0.4221351116986289,-0.16428622556220426,-0.00549501979379428,-0.22501230842494477,-0.7442301565132553,0.6140278945491984,-0.22951176801990789,-0.28485249276270086,0.45855233291100744,-0.3568226814255022,1.0,-0.03528025232687067,-0.330765001819447,0.11821150095549005,-0.2819212868842906
feature_12,0.15456436248403915,0.20963213388681992,0.043302337394454875,0.008291667791996773,-0.2025225488693005,0.009901314800531212,-0.11409108892828798,0.11371767936867698,0.0524586988407984,-0.1883893023726397,-0.1821545831138374,-0.03528025232687067,1.0,0.15246339799126274,-0.0890637737874899,0.18753026615798057
feature_13,-0.34776556950317167,0.8243714388861161,0.4666889347153688,0.01947138962244182,0.3618340160063831,0.5375283779428877,-0.6770070591819257,0.3727766458951136,0.12877954913966042,-0.31068975595741444,0.7269788121825052,-0.330765001819447,0.15246339799126274,1.0,0.27636842055390454,0.764882219069124
feature_14,-0.13110471679239552,0.4725859988785558,-0.09901845734238873,-0.5833687318372,0.22067984268445284,-0.29337712480275363,-0.271815744882075,0.25492010090973216,-0.5930844873264045,-0.07458549113840368,0.31686499750134767,0.11821150095549005,-0.0890637737874899,0.27636842055390454,1.0,0.14246056375060087
feature_15,-0.18346336626122609,0.705094490089385,0.4389295564811647,-0.10191815213528224,0.090824476082822,0.4395811624599906,-0.6606411605379879,0.24219690633661273,0.10276329199952065,-0.6443609923267699,0.42966561807509157,-0.2819212868842906,0.18753026615798057,0.764882219069124,0.14246056375060087,1.0
