,feature_0,feature_1,feature_2,feature_3,feature_4,feature_5,feature_6,feature_7,feature_8,feature_9,feature_10,feature_11,feature_12,feature_13,feature_14,feature_15
feature_0,1.0,-0.15629933912620528,-0.6432142594005178,-0.31908414893414133,-0.06369201937057052,-0.08814054666370076,0.3211363779157948,-0.03224756105392183,0.5577129016533123,0.3028543742477113,0.5523367460572332,-0.7481204656302893,0.1834989137036811,-0.2843471665806861,-0.27646856706776723,-0.6777748008357678
feature_1,-0.15629933912620528,1.0,0.09158359318221956,0.27102641991196846,0.5041305256880219,0.4889546342383709,0.028597312258958483,0.08280703739283278,0.189557569043312,0.3298687906251659,0.317107614974285,-0.13748618262987664,-0.12136110016639334,-0.1522188230182962,-0.07953012268729263,-0.04952782623596075
feature_2,-0.6432142594005178,0.09158359318221956,1.0,0.13970434546041763,0.06502488682536299,0.0578647650541583,-0.30809824224425547,-0.1870579451336591,-0.5152327538324969,-0.270719198214439,-0.5001475776395395,0.5029340183629447,-0.2759985208598427,0.29028491743663687,-0.04795084330974171,0.42474743726691466
feature_3,-0.31908414893414133,0.27102641991196846,0.13970434546041763,1.0,0.4115417695834163,0.5557469798709553,0.4613346813714584,-0.04631124912037127,0.33218985770245363,0.5778428779819235,0.2630420876717331,-0.005568977153650169,0.19506148753059746,0.08699222759930715,-0.40982493328000386,-0.025393791091651543
feature_4,-0.06369201937057052,0.5041305256880219,0.06502488682536299,0.4115417695834163,1.0,0.5501055998288962,-0.13857972697292564,0.21442072060743236,0.10586561347866591,0.3320284887992713,0.31323220840893784,0.11291391621627556,-0.20115637948149712,-0.16358599747050334,-0.2913614248430309,0.042422933758185455
feature_5,-0.08814054666370076,0.4889546342383709,0.0578647650541583,0.5557469798709553,0.5501055998288962,1.0,0.05257485013454998,-0.013286727792899918,0.22628381312421234,0.3864009193343563,0.2698969159767559,-0.12224640999490116,-0.1135957200676098,-0.42695425502936535,-0.5388964592784954,-0.052486052310193744
feature_6,0.3211363779157948,0.028597312258958483,-0.30809824224425547,0.4613346813714584,-0.13857972697292564,0.05257485013454998,1.0,-0.23045672649029558,0.7373343673827416,0.6905211740474156,0.5781752432405898,-0.6226223572892444,0.6648087676905468,0.2023053822597528,-0.32294581945202033,-0.5938027969115284
feature_7,-0.03224756105392183,0.08280703739283278,-0.1870579451336591,-0.04631124912037127,0.21442072060743236,-0.013286727792899918,-0.23045672649029558,1.0,-0.3047956300173326,0.16798811093212837,-0.27297898855344005,0.4230386531726374,-0.17674305242889332,0.06376794960267095,0.02551458854514368,0.28282681968810736
feature_8,0.5577129016533123,0.189557569043312,-0.5152327538324969,0.33218985770245363,0.10586561347866591,0.22628381312421234,0.7373343673827416,-0.3047956300173326,1.0,0.5121983174401479,0.7035737401189356,-0.8429621202966425,0.5653672490885687,-0.1610776679789436,-0.43126269439840964,-0.6120291238439183
feature_9,0.3028543742477113,0.3298687906251659,-0.270719198214439,0.5778428779819235,0.3320284887992713,0.3864009193343563,0.6905211740474156,0.16798811093212837,0.5121983174401479,1.0,0.615859759356909,-0.4718429375532447,0.2906802390511075,-0.14661351207814405,-0.568233587433136,-0.4110873033416571
feature_10,0.5523367460572332,0.317107614974285,-0.5001475776395395,0.2630420876717331,0.31323220840893784,0.2698969159767559,0.5781752432405898,-0.27297898855344005,0.7035737401189356,0.615859759356909,1.0,-0.7179843765111084,0.13579751049960498,-0.259199044373476,-0.3351838010849797,-0.745665580475616
feature_11,-0.7481204656302893,-0.13748618262987664,0.5029340183629447,-0.005568977153650169,0.11291391621627556,-0.12224640999490116,-0.6226223572892444,0.4230386531726374,-0.8429621202966425,-0.4718429375532447,-0.7179843765111084,1.0,-0.44400688657990234,0.3838484005663397,0.42710580602510784,0.6947423821946404
feature_12,0.1834989137036811,-0.12136110016639334,-0.2759985208598427,0.19506148753059746,-0.20115637948149712,-0.1135957200676098,0.6648087676905468,-0.17674305242889332,0.5653672490885687,0.2906802390511075,0.13579751049960498,-0.44400688657990234,1.0,0.09992511207475606,-0.13974962708854252,-0.22755895247102423
feature_13,-0.2843471665806861,-0.1522188230182962,0.29028491743663687,0.08699222759930715,-0.16358599747050334,-0.42695425502936535,0.2023053822597528,0.06376794960267095,-0.1610776679789436,-0.14661351207814405,-0.259199044373476,0.3838484005663397,0.09992511207475606,1.0,0.46682676982968846,0.10420745430192045
feature_14,-0.27646856706776723,-0.07953012268729263,-0.04795084330974171,-0.40982493328000386,-0.2913614248430309,-0.5388964592784954,-0.32294581945202033,0.02551458854514368,-0.43126269439840964,-0.568233587433136,-0.3351838010849797,0.42710580602510784,-0.13974962708854252,0.46682676982968846,1.0,0.19874196467936556
feature_15,-0.6777748008357678,-0.04952782623596075,0.42474743726691466,-0.025393791091651543,0.042422933758185455,-0.052486052310193744,-0.5938027969115284,0.28282681968810736,-0.6120291238439183,-0.4110873033416571,-0.745665580475616,0.6947423821946404,-0.22755895247102423,0.10420745430192045,0.19874196467936556,1.0
