,feature_0,feature_1,feature_2,feature_3,feature_4,feature_5,feature_6,feature_7,feature_8,feature_9,feature_10,feature_11,feature_12,feature_13,feature_14,feature_15,feature_16,feature_17,feature_18,feature_19,feature_20,feature_21,feature_22,feature_23,feature_24,feature_25,feature_26,feature_27,feature_28,feature_29,feature_30,feature_31,feature_32,feature_33,feature_34,feature_35,feature_36,feature_37,feature_38,feature_39,feature_40,feature_41,feature_42,feature_43,feature_44,feature_45,feature_46,feature_47,feature_48,feature_49,feature_50,feature_51,feature_52,feature_53,feature_54,feature_55,feature_56,feature_57,feature_58,feature_59,feature_60,feature_61,feature_62,feature_63,feature_64,feature_65,feature_66,feature_67,feature_68,feature_69,feature_70,feature_71,feature_72,feature_73,feature_74,feature_75,feature_76,feature_77,feature_78,feature_79,feature_80,feature_81,feature_82,feature_83,feature_84,feature_85,feature_86,feature_87,feature_88,feature_89,feature_90,feature_91,feature_92,feature_93,feature_94,feature_95,feature_96,feature_97,feature_98,feature_99
feature_0,1.0,0.16997338953094585,-0.2134061302918555,0.09283001845620302,-0.030001447038477586,-0.17754573980787422,-0.06046346130182089,0.17707784613819136,-0.13587431834433203,0.16965616338784537,-0.09673251145503099,-0.0053143739312312725,0.2796752795373911,0.21318659028280806,0.0621528886497129,-0.00266419638932527,-0.002429181668828135,0.11225855131335306,0.1420918924452786,-0.30581524431408175,-0.06306584452720386,-0.1846073250330739,0.07117249974903811,0.2901824096237285,0.2908175699375929,-0.1393422649587517,-0.02311728506470595,-0.0073561816617029,-0.1736936546491918,0.10009415435953473,-0.12431151236492878,-0.006812044044733096,0.05277952798996459,-0.03103440301485289,0.15718507907066628,-0.0001911433677951115,0.15655031510786094,-0.01103691058860118,0.020125711088684058,-0.004247477253026139,-0.06228812148878405,0.2904595782249607,0.11328281123298395,0.06583627882913237,0.2709046366791282,-0.18845463009320837,-0.24694207271455035,-0.24908955926670295,0.09796600766576165,0.06724341817862363,0.14027358494380643,-0.03690004332372014,-0.07003591276730403,-0.11238974953512594,-0.011467299985892668,-0.10764995797902062,-0.14591945603953485,-0.0768215344458723,-0.18249175120685007,-0.0066968016657036255,-0.09938644172509976,0.005566403360016111,0.0025595532244129964,-0.28236428466196883,-0.12813478333479772,0.28941335306730986,0.006499842276047478,0.05566759459535252,-0.24408523522777056,0.0676282187042963,-0.11585908788970628,-0.21703537196328884,0.17852886652383762,-0.21405202305507018,-0.014769053870042684,0.04394426016154451,0.11220350078932137,-0.13409766124075176,0.0363709303056229,0.15932036073495623,0.007932526350612285,0.13523757278348988,-0.06320782005436432,-0.1253417171197415,-0.13168145226852887,0.30967410208270896,-0.038506509966541626,-0.13541597857533186,-0.031043277114420238,0.05621882098943771,-0.14928801047172427,0.06452435707194974,0.1537631462713024,-0.09286853992320421,-0.2843327966348814,-0.08124084216891928,-0.19817354753130026,-0.07354957734548481,-0.22562766469287837,-0.16796424184520184
feature_1,0.16997338953094585,1.0,-0.08506522367776975,0.03826148495918329,-0.020187087717797446,-0.2388442871151591,0.12748769585361489,0.08132916703431012,0.077167126694446,0.08363521665652943,-0.08730874567256088,0.10023557339532384,0.3121256001743924,0.16532854541159578,-0.12578756634879198,-0.03926564423625014,-0.02335401843934541,0.15815793885939525,0.0393419592520912,-0.18453420590867145,0.1253112804050549,-0.14986657782396506,0.14964980532756958,0.21045215099019532,0.15472782390254233,-0.16206716070970975,0.08520831425254115,-0.025749819586967346,-0.18879212191938596,-0.037845208424121465,-0.06823644799048093,0.026844453176989403,0.0217908136680412,0.0377548827593885,0.1464785525172113,-0.12270629434307793,0.05383700837192659,-0.15288020429268204,-0.09719007070311866,0.10635290699858958,-0.0237265262292297,0.1586758545580804,0.09312585292827821,-0.02893858114714484,0.14696859466378737,-0.25449925697976433,-0.2906292159885711,-0.2799022862821589,0.1458022557345145,-0.07434555981304468,0.11294828482849802,-0.05011811433871856,0.03137613329738009,-0.09199857034544709,-0.03629583778350063,-0.16437890070373207,0.012703584006330766,-0.040841680852848415,-0.205625759056615,0.003988585300144911,-0.0073037150979282355,0.046410591644770814,-0.017474156420012172,-0.2096280386300413,-0.0916638370625,0.2626914227851247,-0.04400058195025829,0.15700884196061263,-0.23435921594117978,0.009335485847367448,-0.08686040024558479,-0.15023585564721226,0.16313130839317044,-0.08445476642354678,0.03605634525469292,0.12053635451259039,0.02595341889501021,-0.12149393694918849,-0.025399147568936433,0.17292253146567052,-0.11287141129944969,0.10000792667279908,0.03187589995259009,-0.17331316586324494,-0.15307942142694284,0.1155647446602978,-0.011369868721869621,-0.11708197077761968,-0.04434235885491618,-0.04074742847018635,-0.028340986208254447,0.10692326799973317,0.0816088311324605,-0.02276659442916427,-0.25496987506803825,-0.04017215903863037,-0.17029099946242368,-0.1023760317114563,-0.2362478729497501,0.035413867763725924
feature_2,-0.2134061302918555,-0.08506522367776975,1.0,0.11605459879328787,0.12346517860378065,0.15673303325922924,0.025537637500548962,-0.20679997440753592,0.012908969377370497,-0.25272230018247666,0.0601386845846147,0.13238875642023798,-0.3004347894070954,-0.35864102685747756,0.0076422787971891695,0.12799569421282556,-0.13023872916326895,0.045187427295628343,-0.0648524353009692,0.20216193201927615,0.06585731742011551,0.29373237762855914,-0.22531767604672964,-0.29684572349452176,-0.3194135137447713,0.17077710025605988,0.008540371213452632,0.11997656729440237,0.08132825543010672,-0.13866400124083655,0.17692297132981527,-0.04475148222233998,0.047066943560949925,0.11387916816113912,-0.23170275135117013,0.2219617561945508,0.022275314484411557,0.008978469577118552,-0.0948607270509975,0.03252369059395184,0.05879686765750891,-0.2982446184222336,-0.01110863551332386,-0.19270479655059197,-0.34636484561718606,0.09442770841932564,0.24945266925327503,0.19867451608984435,-0.15961255273165187,-0.17439847586724758,-0.1771991084981383,0.16816300392521125,0.26145333719261116,0.0694274360768617,0.23223977256148173,0.1402401197999496,0.17165506186905338,0.1241678652287183,0.18998707072967194,0.2521180895928231,0.17557887201105832,0.02226527970635368,-0.07748013402503226,0.3012606343050271,0.17198635224968042,-0.2957394950982186,-0.11564945842190037,-0.08084595765491222,0.11472150803738157,-0.05651763356505695,0.09119042613514655,0.3307626696409334,-0.15045925294322937,0.32312119161295866,-0.026340682846687166,-0.11391349580690122,-0.19466860828711158,0.25638947832136416,0.11389012220940664,-0.08929293155836657,-0.0490267411966086,-0.0758116607950429,0.14090314061108267,0.23168991060404517,0.22777200551384788,-0.08217720677889152,-0.05876684122988935,0.2010389516844734,-0.049353139260587715,0.10994421310355733,0.1161952177169602,-0.0036571524886183726,-0.0186451859183396,-0.03805449278599692,0.21633784005262605,0.20904300756375185,0.30155411618079714,0.08994401822352978,0.4138174880112939,0.14898759303655237
feature_3,0.09283001845620302,0.03826148495918329,0.11605459879328787,1.0,-0.11033292718913468,-0.06441188911167585,0.014773379127075595,0.05350685614541284,-0.04789234981083494,-0.003347866367611758,-0.03172221498571097,0.025553847617956826,0.0129216092317073,0.0011463354150460859,0.026356424387041243,-0.02501731532200912,0.0157725334307182,0.015976859040120996,-0.008277250923187348,0.02324915734217708,0.016748455863396378,-0.06856488586670191,0.010792824538591527,0.038507523411583235,0.024527421779911778,0.022973831600746574,0.12302029935151278,-0.033450610571496064,-0.03714360150690262,-0.0873301131477651,-0.03121925136612107,0.007093219132065917,0.09061549379893051,0.03780490573172428,-0.021506131540556635,-0.03693303065783411,0.027215243735670247,0.03196247640105638,-0.03782071116447157,0.038225658023413364,-0.013631790589660544,0.09890398917449077,0.01361170424647843,0.030167928051283495,-0.01767288515701001,-0.09984956746519254,-0.11424344910283253,-0.042273516777211306,0.041524674969670175,0.03703627810328388,0.07894024207379156,0.002792605420994002,0.02973657340626451,0.040678553234006334,0.08091774396766027,-0.15138545081198185,0.051567640164888774,-0.12966880117293636,-0.009807876531773075,-0.035735018713239884,-0.0343605017470064,0.06966821902906614,-0.07435997939903372,-0.05893396344603744,0.10042732240228146,0.059286910082727844,0.08515518231787218,-0.10994226052910436,0.017797421213198387,-0.02677584087155617,-0.03930867738112701,0.038742139282522625,-0.05105702618583113,0.031059483744076754,-0.04279398006311396,0.022971486339492763,-0.023957690153962066,-0.04425074099579594,-0.08749607110317975,0.04960394343399256,0.010257172807517758,0.007144922729435542,-0.006155254559174104,-0.05710176051433347,-0.058475007043211236,-0.021514965806626766,0.036086371591670954,-0.07527638900568775,-0.03383308031889509,-0.017933874450722042,0.07391419352402608,0.08619362614560167,-0.062198631688914596,-0.13733164808747164,-0.008928683132506708,0.061846137220750504,-0.0317501619544463,-0.025581352020193862,0.07183020281039204,0.002447009442247143
feature_4,-0.030001447038477586,-0.020187087717797446,0.12346517860378065,-0.11033292718913468,1.0,0.1679402619762677,-0.08353917935534722,-0.12947429465506086,0.12550918542406778,-0.26970730633249407,0.04026879962823944,0.049271536180637225,-0.2818376716772634,-0.255522003675286,0.23840622378046405,0.09703722794550095,-0.1726006608266854,0.21567550317767514,0.0675128943584806,-0.08090904266815051,-0.0878476932989284,0.10512473551724755,-0.28504800131855573,-0.2923056255259671,-0.23952859353367284,0.25084792253540666,0.039380543890111704,0.47647135621975106,0.10768027746230083,0.18577922794453516,0.3188090171040481,0.05108885282346294,-0.020905671854690944,-0.16139121011542604,-0.07872670256693316,0.17795038255858112,0.2044849050926868,-0.12956667327247257,-0.1339255918195055,-0.1344762725336285,0.1564825916685432,-0.22721602470603772,0.00022135088799354134,-0.4405234993499816,-0.14793922048237151,0.202867084286547,0.2173042066613702,0.05531864265476852,-0.1954507887093121,-0.3544011627864177,-0.06067832712914552,0.2788785080280546,-0.17580311590797257,0.07654874625904658,-0.09178853977066853,-0.01946794342779104,-0.13799771983337855,0.1662458341985079,0.27943529502949593,0.08316902652100112,0.2141132511433948,0.12111357752216013,0.10990586574704278,0.11850265724478291,-0.13394859279569918,-0.17428442485572734,-0.22777574464319109,-0.04507292979805648,-0.20222143163796133,0.21955580968498756,0.06077581859203445,0.17424611895029685,0.09544326958537903,-0.06433720829356578,0.08635896560624165,-0.14806015398327885,-0.20354454126844687,0.25642893085590424,-0.027875033112205145,0.05338815083719706,-0.1265641652123786,-0.21385156460709454,-0.18337629003585731,0.2335154509966662,0.23427722115922292,-0.04845187391247119,-0.27995991946523036,0.28971948200834946,0.3710586402621557,0.23304707915758346,-0.28067729025941573,-0.28019333027174104,0.11806722493824684,-0.022389160493236582,0.14572612823342462,-0.18023423069844177,0.391088924254697,-0.06891352960194862,0.3398631683507126,0.22794106421324167
feature_5,-0.17754573980787422,-0.2388442871151591,0.15673303325922924,-0.06441188911167585,0.1679402619762677,1.0,-0.15040797892991795,-0.27712929051138635,-0.1329549977193673,-0.32437074422377254,-0.0059123622835531384,-0.05520639317854027,-0.5331068565556532,-0.31108751605302626,0.326132075919424,0.16144951380764916,-0.16631670740067148,-0.10343265587460478,0.028991696620267085,0.20585210384563574,-0.17071187981400698,0.24666849594388934,-0.33414325031196146,-0.32791724897906055,-0.2575160918404865,0.26026816664166774,-0.22695877352837152,0.16388100699148223,0.3329880252816043,0.22317239268949307,0.2028189789668619,-0.0515107771974205,-0.02819619123261257,-0.16171547998841504,-0.23027026369926426,0.29851828332444197,0.006158410401162987,0.11584294284002497,0.026585961900497578,-0.15905861948952682,0.1592160581197509,-0.28577836589235256,-0.17519130146875805,-0.1865622264784001,-0.16495579468842583,0.45591124405242556,0.49023376105398603,0.3086531505748188,-0.19202278114741997,-0.14760152188562636,-0.21117258414309883,0.14432791640276763,-0.24130117293679287,0.24031865347196893,0.0597232310407741,0.19902367711625368,-0.1128711514391421,0.15193036179182115,0.3968709457611099,0.16182048126021514,0.058312789074490626,-0.025176171975573418,-0.07412132094286258,0.1882466212844289,0.13167915366832708,-0.45727591146232105,-0.08383497880411574,-0.24284986062069347,0.15233566328067638,0.08734321671948651,0.11361464235759405,0.23307040445102667,-0.15263559277029556,0.0916137529136146,0.1376489603645841,-0.26543032618214546,-0.2188707786959286,0.2487842160299975,-0.024862931909592486,-0.2803819984952922,0.2699500032797353,-0.3086986117922936,-0.2228230087960106,0.4336732376013565,0.3020755567763813,-0.10548664312209238,-0.03426745596585966,0.2670810868982977,0.14837804325987153,0.12838153650632203,0.01657245965737165,-0.2381588262530475,0.06387200774144872,0.08661108236292313,0.49743281196774847,0.011992051287629086,0.48634155613463886,0.12869091847236422,0.36934355865560997,0.08986674184822287
feature_6,-0.06046346130182089,0.12748769585361489,0.025537637500548962,0.014773379127075595,-0.08353917935534722,-0.15040797892991795,1.0,0.015547711966256737,0.1967834710614139,0.07553371308887628,0.05308686801226168,0.0028510846063172363,0.17614859934434648,0.13965927007182488,-0.1700613302244887,-0.1579544212070235,0.13366891525121075,-0.19235327826831905,-0.060775221496198586,0.07008485148434185,0.05034355927128477,-0.08302260189096461,0.1320228944630618,0.09378313685511357,0.09432520899664418,-0.051150391783389,0.17077536126768375,-0.16687870336462773,-0.03455035160944965,-0.03782987502239878,-0.1857148383869951,-0.021999208847052625,0.03891808768176873,0.12813922049015994,-0.05074056317376347,-0.16594056032753188,-0.1780884340584766,-0.1301481828585152,-0.10269106439265348,0.04945086092114996,0.15910201195334361,-0.007844740053631533,0.13312807173490654,0.13742412647401303,-0.03202183325720996,-0.13592153113274313,-0.14716006900714027,-0.17298021409724645,0.10611322273289191,0.04898818893120565,0.09894561181215422,0.034517511276748916,0.12333982290685606,-0.19216859446131912,-0.09772407142549866,0.1168467241112063,0.1742415910592422,0.01033749611573116,-0.14970953363800799,-0.18367565307738215,0.04547606316729046,-0.004869845813188285,-0.006991016597755403,-0.010872775272135038,-0.04720403715318104,0.09311746170688316,0.10606625515446377,0.2561940391400711,0.02138670111987143,-0.14617660546856415,0.032445399760122756,0.03152798299658778,0.04346889764928636,-0.05762311563706507,0.05435219239644544,-0.039002766738748494,0.10137471452092577,-0.13802675380081383,0.0727350328734534,-0.09043648309859371,-0.0025819258833940126,-0.010869565124564709,0.20622758667273214,-0.20455427727246003,-0.07924079472241013,0.03654230734579696,0.09570573309431711,0.059915323491824005,-0.05034717551449582,-0.0829579275129167,-0.11785723611917032,-0.07358842632316769,-0.13682261146612276,0.11706850937018862,-0.03644819384285551,-0.12143822544129816,-0.23698095693658555,-0.20535302159548413,-0.15668339073242346,0.014685954105968997
feature_7,0.17707784613819136,0.08132916703431012,-0.20679997440753592,0.05350685614541284,-0.12947429465506086,-0.27712929051138635,0.015547711966256737,1.0,-0.07361615332252833,0.2226176984482209,-0.06794230922009471,0.03317449974783098,0.30836445918304184,0.30411961024929596,-0.11666170014784487,-0.16953719442004875,0.06120456021506922,-0.003094535529756566,-0.03575488828646021,-0.13991409554931689,0.014586773526942973,-0.10483519856636202,0.21370781206249634,0.2082272375129627,0.271172068365815,-0.15749770041752137,0.02901779196343852,-0.1543643261230379,-0.24037658199798626,-0.07328691619999506,-0.2206104312449911,-0.05558378251755359,-0.0925008019053457,-0.025781128539128426,0.10943886939208528,-0.11706026698853146,0.062210343886201336,-0.09666788002022987,0.043424777373272404,0.05760997232085153,-0.2318781984861922,0.3249109060928558,0.11836814377719042,0.14640396193672034,0.27629004130578705,-0.1542901238774519,-0.2328552080823072,-0.14531394158065397,0.21765357871874583,0.15965674358285936,0.19623343013062355,-0.055788243769811084,0.06967168027031147,-0.2815586118542388,0.003673815194136463,-0.047688942610306234,-0.11390731491869503,-0.11167632728423599,-0.2826602035738668,-0.13089601895229214,-0.14839734062212004,0.08325279985025485,0.09889368475969569,-0.17364619011564975,-0.2344838438476122,0.34546818450782896,0.08298592927272389,0.09939591466215315,-0.011376726555705412,0.04276997571705993,-0.16124699113668073,-0.22914189571904786,0.14007593129165863,-0.04732671458878332,-0.10841316733480741,0.19189821553963457,0.21681647059150852,-0.11715146474595668,0.08697245217240311,0.15487441685787273,-0.1319176639189861,0.2945847503569676,0.06254040744576266,-0.17861521462673818,-0.15657082600154865,0.0691103989583411,0.01308766784530999,-0.2598895895850818,-0.0723310683598937,-0.051085770462194896,5.482615265025496e-05,0.034396670567174714,0.09679815512155984,-0.20379059950964457,-0.39188413080741585,-0.14351503946839766,-0.3575308995282808,-0.07559529866526334,-0.26855073185170414,-0.16492732800142562
feature_8,-0.13587431834433203,0.077167126694446,0.012908969377370497,-0.04789234981083494,0.12550918542406778,-0.1329549977193673,0.1967834710614139,-0.07361615332252833,1.0,-0.0657081984710856,0.1544551907142485,-0.025991817567165926,0.023834320399227553,-0.02640024037054564,-0.1603306308264619,-0.11383911590662209,0.05989780769879881,-0.08732512787004879,-0.05905042261016738,0.05916508892931015,0.16568298410976928,0.04122858769117037,0.12674357699649513,-0.05913139450036678,-0.06920749074309869,0.025497937128602884,0.12718962266072922,0.05948431882248056,-0.031494364271913135,-0.13710303694513354,0.011269774617609463,-0.06996182023844366,0.014872245019340676,0.05838407376131252,-0.08543466848942609,-0.18752331923865628,-0.09199695752018054,-0.23786761561070724,-0.08498553724489352,0.07232949230759708,0.03397058854359357,-0.10173014039368698,0.08454129965496472,-0.06662746230483425,-0.13021374590776116,-0.06963787730152307,-0.04409724941364891,-0.05151614231114783,0.015037931069845242,-0.016871131678549783,0.005824122134720951,0.03392438254156071,0.1864345688701026,-0.09566507134319725,-0.03921943157467934,0.0715550238658572,0.18371124452831983,0.08193329013222535,-0.05857816859728346,0.015820190504332716,0.1928146923062041,-0.014483455242499466,0.10162224304508964,0.1867539534649218,-0.12875040713943522,0.004603756855003552,0.07839340013482221,0.24388496436860316,0.0059539142571654515,-0.01582341932804185,0.10589943662516592,0.056020496530545416,0.0042943686054384,0.009416406410752856,-0.06982431456516983,0.08238007914189732,0.0517162955253062,0.05731478059247746,0.09882567944941345,0.06473842228101911,-0.24900201005672454,-0.07251878556380215,0.20284108105792897,-0.09606046440651982,0.05480128969561959,-0.07938771097085612,0.04007336126030498,0.039807712883850446,0.05639714749351978,0.10026044196990179,-0.18526107348944515,-0.06046227710820979,-0.17924114034893338,0.06555191493510709,0.002431341482579678,-0.10211482003167699,-0.08697705806349657,-0.16335901281142634,0.0018780280293880726,0.08455393133929649
feature_9,0.16965616338784537,0.08363521665652943,-0.25272230018247666,-0.003347866367611758,-0.26970730633249407,-0.32437074422377254,0.07553371308887628,0.2226176984482209,-0.0657081984710856,1.0,-0.08080863605421813,-0.09162884003105706,0.45561188750965587,0.425316398895274,-0.2500370628244038,-0.08654718283337748,0.19342755685137009,0.01617657682647649,0.031301033840014626,-0.24204514749857764,0.05502991800782382,-0.18302648741416527,0.31846343389950604,0.3755040097676707,0.3188116649765712,-0.34499953316967735,-0.05574104898103936,-0.22089648239016213,-0.24765199881911643,-0.11472434703805764,-0.12595255046353307,-0.06920505901131906,-0.14253486819325173,0.14235384437318008,0.29570312149102657,-0.21913916959577542,-0.016181938229466477,-0.022854544057681832,0.1483320029666153,0.10543365675212628,-0.2451297496770751,0.19239658298142376,0.03301988208555309,0.38164118655406587,0.3257421288667763,-0.25716607405664316,-0.43997325400720466,-0.24868516793802975,-0.0033520973593907113,0.17016719345123263,0.22197718830299282,-0.32960591718191873,0.16586120937706092,-0.2076027661451203,-0.07762553516038825,-0.1281938459643039,-0.07014208399298684,0.04100016647072628,-0.46173714852679953,-0.15431440156491325,-0.1823593651530719,-0.1497709225482608,0.07775113558373653,-0.15659468914512253,-0.18299118734336856,0.42088914252293713,0.03520425351814835,0.08465632740548353,-0.1057464630623307,-0.05368279985440919,-0.10093042183907588,-0.33018091791992077,0.2968093977661349,-0.08249240002659686,-0.006948656930277099,0.3578153776874147,0.3312675996625773,-0.2842042636329808,0.051103788022855916,0.3612684283174037,-0.18075176269945684,0.32809628508533517,0.17624552379702627,-0.3877173666798807,-0.3303760855950155,0.10597933458149064,0.13477720076972471,-0.24411626605139372,-0.21907712530907583,-0.15748977130442168,0.04086234672353196,0.2924895505301013,-0.04239076638403581,-0.07596674581710193,-0.4514203515813844,-0.0652286024121482,-0.49045044513986846,-0.0614848191902681,-0.4624943523923449,-0.3362646161484896
feature_10,-0.09673251145503099,-0.08730874567256088,0.0601386845846147,-0.03172221498571097,0.04026879962823944,-0.0059123622835531384,0.05308686801226168,-0.06794230922009471,0.1544551907142485,-0.08080863605421813,1.0,0.02523653712521301,-0.10965757025613919,-0.08364846636386203,-0.09839960400472039,0.1374660595169475,-0.0618253807807389,-0.04334577498926445,-0.06310234109201637,0.1392498864775552,0.010692212323118311,-0.039303303054279634,-0.0588649863790923,-0.10440211080971609,-0.24633672170335688,0.01751016793310779,0.23286105799173246,0.1523550576411298,0.017576517791062705,-0.07687954789286569,0.14232898868285668,0.05000401041400268,0.08789862651917597,0.20154598228531168,-0.01574358038759047,-0.06316950943510236,-0.004780236976216516,-0.15169220164744324,-0.19750311061420175,-0.029257807292516296,0.10805711410267307,-0.21493010749916028,-0.039374350213503995,-0.13045023196851174,-0.21350722546380116,-0.07098412495593111,0.07203266288764053,0.055815389469857944,-0.008562570626448029,-0.09499702262699508,-0.06614446114019118,0.03971234489269238,0.05909918272684197,-0.009292208636431884,-0.026200522817372694,0.02408088657500065,0.13901139335428375,0.10081798223993782,0.09987678234259523,-0.00623037024018048,0.23945330795280043,-0.04417831340450834,0.018586244264229723,0.0704973512031788,0.04796549272476931,-0.0986302128943415,-0.1208298192994037,0.1660240961716777,-0.013147359158807074,-0.17665204875094065,0.2001335949518322,0.12674854139183345,-0.06728206738238841,0.024988221294182288,0.06455825980754233,-0.073849111443388,0.043503632488979524,0.1132822458047174,0.08000408294265461,0.049309735768931016,-0.2245082849554375,-0.13999629450591147,0.14404658206513773,-0.001318430712704506,0.14609744770360886,-0.01816706432603952,0.102089524999101,0.20182348284036902,0.13605844309316512,0.027822193163706748,-0.1368587415253141,-0.09349857319828231,-0.2145680333577075,0.13118275551573635,0.05534536402481689,0.07955827015746539,0.12060518599708565,0.04106674965543424,0.12276573316325888,0.17257562760322986
feature_11,-0.0053143739312312725,0.10023557339532384,0.13238875642023798,0.025553847617956826,0.049271536180637225,-0.05520639317854027,0.0028510846063172363,0.03317449974783098,-0.025991817567165926,-0.09162884003105706,0.02523653712521301,1.0,0.02302877240703008,-0.07434380991195319,-0.06127725211698497,-0.06340735352513563,-0.07772098124817153,0.09011412961956866,-0.08781127932319345,0.029278644781597977,0.12781746675454303,-0.047970329245488545,-0.05415827469302114,-0.0219517640754404,-0.12253602466520318,0.05294717509997496,0.172229284079196,0.08166188688489871,-0.12375710278392729,-0.19117293466047175,0.010709837957266918,0.03245897830813178,0.10958905621106405,0.08968438936871753,-0.017847830304673396,-0.024785489637205657,0.08860774304655308,-0.04319938787773614,-0.16903313008744614,0.053034142048381694,0.04057573324235065,0.007513723254439413,0.0027389806849357655,-0.13168484740052827,-0.10874805536113685,-0.17143632739572787,-0.008303797867900744,0.03767174610509345,0.06074032507699713,-0.08694899761271162,0.03962164366684245,0.15581602408676645,0.21115782890424128,-0.0710133653802551,0.12398200768272546,-0.03586592518794943,0.182705270578932,-0.07194215752051814,0.022298550950918206,-0.03033767531230538,0.1481791342247354,0.1860650780162663,-0.06750380012107901,-0.03902416347132213,0.13587129634354217,-0.021177318900493267,-0.06330830512176304,0.1676470509029005,0.017417938237608246,-0.03620884994916991,-0.008132366436833,0.0719477580993259,-0.15689288540933233,0.11883840964885209,-0.07948185327514798,-0.03490338181759548,-0.20136744532928347,0.11141718067197035,-0.030279238580808058,-0.044582202387141126,-0.06936212117165591,0.044420200466530765,0.01848376659109335,0.029348193915109504,0.01567034016746608,-0.11996270196846416,-0.03598942362258061,-0.06262257952894207,0.033965168142648904,0.011757616008915756,0.008957685509651541,-0.02067436578855099,0.08087429947873376,-0.028505365330602193,-0.06542521037547272,0.07409441705916434,0.03605378862117784,0.03182455255235886,0.14451629604840655,0.10956048029145289
feature_12,0.2796752795373911,0.3121256001743924,-0.3004347894070954,0.0129216092317073,-0.2818376716772634,-0.5331068565556532,0.17614859934434648,0.30836445918304184,0.023834320399227553,0.45561188750965587,-0.10965757025613919,0.02302877240703008,1.0,0.535559062538369,-0.3448914499955535,-0.15563102777338014,0.20819929858480712,0.19198176501189168,0.06691337735411546,-0.3176624340944007,0.2363502111840875,-0.4068617492316977,0.4824260047770644,0.5885321525822974,0.4569307981114849,-0.49284298432985874,0.10756126807898102,-0.2541980014607811,-0.3760874248570093,-0.19565653724954282,-0.3410680447875464,0.0420200394012319,0.024404508860902126,0.13576800951196477,0.3314504678028798,-0.3793540609700528,-0.02551417662825257,-0.06034765779024141,0.09167790209635554,0.22340429840699552,-0.1136597369013695,0.4291044742314653,0.20199544721897003,0.3162252247253101,0.379935118666031,-0.5590454812417852,-0.7146401395235732,-0.44615968555499075,0.16357368793374935,0.21205912624324486,0.21851065230170957,-0.3254769223579817,0.17801065851902872,-0.32982966741516867,-0.159276503684602,-0.2784028726676912,0.09201682387216731,-0.2041210393233847,-0.5463075997935417,-0.21567044833417098,-0.18339299167093545,0.07109708468918312,-0.011371418016292763,-0.3787994931127586,-0.1085216020697214,0.6511124716595762,0.03403699783884353,0.19728289470126806,-0.26061283921150313,-0.10721182292052016,-0.21722311719146667,-0.44268642384432494,0.30642858422747354,-0.2311136406478083,-0.03514043145610189,0.38104300370207916,0.2183636440078145,-0.47000560521947743,0.02252490310994841,0.3448735716940036,-0.257211541914039,0.39723889774530224,0.2033829584444339,-0.6133803899368572,-0.5503532989576565,0.13895149721127056,0.11418185480965347,-0.35773475090575996,-0.24454939562507927,-0.21818249243518606,-0.054542700651887877,0.37126626405662466,0.0450694907071535,0.03996392652278841,-0.5945093039177755,0.0030204544732643735,-0.6241598988715945,-0.2058795342713999,-0.5655910964602642,-0.3121279804350358
feature_13,0.21318659028280806,0.16532854541159578,-0.35864102685747756,0.0011463354150460859,-0.255522003675286,-0.31108751605302626,0.13965927007182488,0.30411961024929596,-0.02640024037054564,0.425316398895274,-0.08364846636386203,-0.07434380991195319,0.535559062538369,1.0,-0.2526181753850039,-0.23183224537130998,0.2650756389054616,-0.05421851644490069,0.05171301109571298,-0.1734629388731153,0.12059119793486504,-0.2904046967068488,0.4126798751562647,0.4073944190473853,0.40774332776263095,-0.3321747038434386,-0.010427367955105266,-0.3061653639732838,-0.22969004642997767,-0.10033294311289283,-0.2648775100637141,0.012790136828743347,-0.07626782878752054,0.10078863872311851,0.222304626457426,-0.322713142117657,-0.03523555859689521,0.05030714270620599,0.15301513529700184,0.11973824343519536,-0.14642403243805835,0.34006976974929704,0.053849833953957184,0.39844580257929124,0.349667972858521,-0.28779980385388815,-0.49367425663225983,-0.28954488292646097,0.15211848564046473,0.2706641350188833,0.2598118926981191,-0.3055652266427288,0.07346012673612128,-0.23768949574507553,-0.1644606798100298,-0.14852596016559189,0.005950090062962068,-0.12923483913649847,-0.399886801311834,-0.30244809285019525,-0.18477683584427831,-0.04352020526078198,0.0579712194803301,-0.23068809869117218,-0.11734766310467078,0.4619391263810383,0.16957959673958234,0.1264961229688601,-0.03200129353570289,-0.05333016010346669,-0.09773578376623616,-0.35991137812981694,0.1725159081235139,-0.2320683160532524,-0.04987985987253889,0.24000421370681466,0.3583029360364158,-0.34700123533339916,-0.08325273659856926,0.12654593359032468,-0.06844652274177515,0.30806361401425625,0.0950003821339613,-0.4389798827362745,-0.3940982594752831,0.09366846545182492,0.16436452670158438,-0.2874624916744758,-0.1265661704025571,-0.15034172427277695,-0.0035443664834730448,0.1253372706425443,-0.0737746874306856,-0.0667519028014429,-0.36920328302602123,-0.14105383556010448,-0.5384477198131379,-0.09250073451707369,-0.499297588336319,-0.3072403219073265
feature_14,0.0621528886497129,-0.12578756634879198,0.0076422787971891695,0.026356424387041243,0.23840622378046405,0.326132075919424,-0.1700613302244887,-0.11666170014784487,-0.1603306308264619,-0.2500370628244038,-0.09839960400472039,-0.06127725211698497,-0.3448914499955535,-0.2526181753850039,1.0,0.20168330584608143,-0.2750982373543184,0.1527182783255305,0.1330007489716163,-0.14502719692148802,-0.2664859667888491,0.06746642727998854,-0.3846936136605225,-0.2236703933762772,-0.09628555402075753,0.2461146843557831,-0.156719399828376,0.24953058695513883,0.2066785712153645,0.34301904756594936,0.19831990810096314,0.002375203929529025,0.0014962176674296287,-0.23657928548319057,-0.097662405676754,0.3973381402765149,0.2360664323229001,0.13435784959038635,0.05572754457200362,-0.28309635293832086,0.017515805419589397,-0.010964535740979919,-0.09055326086646016,-0.26544244916890786,-0.007354885087192669,0.29919876913927745,0.3256553721329156,0.11191839336872166,-0.15664206137753584,-0.17183738363040724,-0.1676554490718958,0.23911442814713574,-0.4075105042659328,0.16828055051468327,-0.04592405655136004,0.009171279381768264,-0.3194495875994227,0.11577065831340785,0.342153637354986,0.10540702147850811,-0.00440553382533892,0.06588801087262344,-0.00672485063249686,-0.033258907380166645,-0.010040246492803294,-0.22816774469081488,-0.1733569273432834,-0.2086756696152592,-0.11346214025055977,0.21363643255715267,0.0341625527730982,0.08772710689864499,-0.03222263706465021,-0.06455791524004846,0.1719066785114009,-0.31896674379379064,-0.17083461587955415,0.13168357453263668,-0.07306873106274128,-0.09493914020343187,0.26918610045493385,-0.2616473343089907,-0.41396124104775717,0.3602472079790753,0.2038430944323365,0.13588338607557682,-0.2565445158741977,0.18767973372746594,0.22695131351377815,0.26111145981704265,-0.1429110127584094,-0.29036249284011123,0.18564576399422042,0.04950480086160693,0.26901970881348375,-0.0667113518361398,0.4279735787804279,0.04897655076354299,0.223048302297147,0.15151552631599954
feature_15,-0.00266419638932527,-0.03926564423625014,0.12799569421282556,-0.02501731532200912,0.09703722794550095,0.16144951380764916,-0.1579544212070235,-0.16953719442004875,-0.11383911590662209,-0.08654718283337748,0.1374660595169475,-0.06340735352513563,-0.15563102777338014,-0.23183224537130998,0.20168330584608143,1.0,-0.14360885262845843,0.2514019216063932,0.15070012650350006,-0.007729989620281036,-0.06568011581368062,0.14271672193895996,-0.19833864039478083,-0.028642498016488955,-0.28514479192590486,0.14639625223260258,0.06319242209428072,0.2510987525579309,0.19352285169434244,0.1515732242954351,0.2589905824234449,0.04149306490486904,0.09711476540250727,0.14534177545370677,-0.014827700431381942,0.2321195420262175,0.07718227881365065,0.024297194890269252,0.020443794528938523,0.006941840295591739,0.1683907331440314,-0.26846754780792653,-0.0821204747453902,-0.17540511641092466,-0.22544849588362986,0.026063393991621314,0.11875602665377921,0.07871283229719425,-0.28010632917307693,-0.15953395649692537,-0.2665973928383426,0.01875889202415345,-0.05552396628225028,0.054797227805066545,0.04284174517521918,-0.17746239798500363,-0.042174842961061484,0.17237737303333353,0.14584562145811567,0.217782330662945,0.07076375459055231,-0.11096175466363001,0.011862893775633215,-0.03842380327973874,0.1267300242220766,-0.1797315833566945,-0.2643940286885758,-0.07179057009042097,-0.1894950253871754,-0.07339730518682538,0.1512191348729245,0.0983876897465327,0.14222711727334217,0.021185998567860728,0.15584648480469634,-0.03918452421068829,-0.1605049927898178,0.10318532374091051,0.03439046720932648,0.09410406649508894,-0.044911850206189916,-0.19669915489211698,-0.04059434954706017,0.17873191576745576,-0.014166132895436702,0.03139720340141229,-0.03275892872558625,0.26281383162307015,0.13789314170680267,0.060231151328665855,-0.06320750907040475,0.06338383007721679,-0.05764612068064804,0.027377372091563493,0.1714445609407415,0.14489338015965136,0.34574499194197017,-0.014654118063464455,0.1735517347675215,0.07382851223715241
feature_16,-0.002429181668828135,-0.02335401843934541,-0.13023872916326895,0.0157725334307182,-0.1726006608266854,-0.16631670740067148,0.13366891525121075,0.06120456021506922,0.05989780769879881,0.19342755685137009,-0.0618253807807389,-0.07772098124817153,0.20819929858480712,0.2650756389054616,-0.2750982373543184,-0.14360885262845843,1.0,-0.16207384678675768,-0.0031404150008734234,0.022655730972482382,0.12246141441070794,-0.14027945254571095,0.2126545716477347,0.09909835550856197,0.15112405408152207,-0.21649213931892847,0.04773447422872116,-0.28030258958139626,-0.13841223654919713,-0.11798530716090284,-0.07740433184732734,-0.03743462096425707,-0.16282666874319687,-0.023991806128461975,0.13567290096790685,-0.2223415232078895,-0.10346810869410394,0.057344062594787554,0.14288293941659866,0.12883639329442545,-0.10794031202740889,0.10120887802322351,0.01932891279928238,0.27201042711770784,0.12766002347007335,-0.029376433292930538,-0.22591012488516174,-0.07436570823553033,0.12690463185618947,0.11600692196043946,0.17293308943627872,-0.27835024415667386,0.027092986058128838,-0.08070020167922193,-0.18204581199552713,-0.0038681720347585108,0.04099047981703544,0.02474589156771656,-0.22870426056510024,-0.16221514786827107,-0.09829427197314392,-0.09667348904233528,0.15232384058848816,-0.013022666585381832,-0.09523024782008842,0.18687061596796786,0.17641052619302386,-0.012839210582636956,0.10024961911212499,-0.054740145433616404,-0.0706499503367485,-0.1108425699489804,0.021287830671761352,-0.035233418450765636,-0.12883298998089773,0.2672805312107421,0.17502021174745155,-0.2347859911673688,-0.1032277942335647,-0.020532141463055358,-0.04464490494077329,0.13836600271222566,0.09048990891285569,-0.21621282622100602,-0.2531795978908796,-0.15531879653511177,0.21875397212957534,-0.13537230731442462,-0.14298717397103158,-0.3063806628738639,0.10221817986886073,0.14808688308441276,-0.11408183738161218,0.048501990201734416,-0.134182861399035,-0.07811263093980199,-0.3050403023284463,0.02477882172825174,-0.3408348141773828,-0.15349001510361956
feature_17,0.11225855131335306,0.15815793885939525,0.045187427295628343,0.015976859040120996,0.21567550317767514,-0.10343265587460478,-0.19235327826831905,-0.003094535529756566,-0.08732512787004879,0.01617657682647649,-0.04334577498926445,0.09011412961956866,0.19198176501189168,-0.05421851644490069,0.1527182783255305,0.2514019216063932,-0.16207384678675768,1.0,0.08665852925732766,-0.25545287222964713,0.19436367078213412,-0.05386444367256001,-0.060399960324886856,0.09266491508956626,-0.0884198134708212,-0.04449796569295607,0.02051489997499838,0.31707713427351214,-0.11581443578282774,0.020558157997824976,0.18638772630747386,0.07025067658061182,0.08355369170909739,0.04384059379796954,0.10520994459500022,0.09982969864746905,0.21504305596040585,-0.0541918765852557,0.0049290276640325615,0.09333706879154526,0.07009557671042752,-0.0066678166032236134,0.13034057355852569,-0.30271673817563266,0.013229351981821243,-0.18266846321068822,-0.13732789153988093,-0.09796106392608742,-0.17783877946308538,-0.2067482292516368,-0.178777509389981,-0.005945283384459353,0.050766937443364364,-0.11800247775681078,-0.012588549825867665,-0.24861652198232737,-0.025673285171328445,-0.028332376670886252,-0.013036297118114723,0.2206664579344783,0.06030002595856478,0.1416652681982315,-0.08887286926882651,-0.18409916011708052,0.016253081752218596,0.09164010524278457,-0.3621141209076274,-0.007374679914004287,-0.3081982739590021,0.051860633570871444,-0.06471225827257661,-0.021177337128622326,0.2772439367336084,-0.01776892606422396,0.11884010876882269,0.0952230166097205,-0.2095576526781802,0.023328496826883507,0.0517179907209568,0.2987888725702774,-0.19121961695418901,0.073962617712252,-0.01721556367689186,-0.03417793120585651,-0.17526931340157492,0.06606681880803074,-0.17286004856375167,0.03274517053026886,0.11165530956925467,0.16788603004269848,-0.1394987752309272,0.1869563873574794,0.17433092491883562,0.06331900227102831,-0.17053625919554974,0.13522988782364728,0.18453485982023513,-0.04628698024192713,0.09233553968317833,-0.017118330387961136
feature_18,0.1420918924452786,0.0393419592520912,-0.0648524353009692,-0.008277250923187348,0.0675128943584806,0.028991696620267085,-0.060775221496198586,-0.03575488828646021,-0.05905042261016738,0.031301033840014626,-0.06310234109201637,-0.08781127932319345,0.06691337735411546,0.05171301109571298,0.1330007489716163,0.15070012650350006,-0.0031404150008734234,0.08665852925732766,1.0,-0.18311380637556962,-0.025533903911293704,-0.16387750543016108,-0.06518524694516903,0.14691510676384245,0.12725646019299863,0.003317886005122184,-0.15728095851569243,0.07225626091059432,0.18787765103086895,0.20975899415302274,0.02525246539997498,0.1693395534663592,-0.08061123709110682,-0.03736598956842842,0.07119226614131514,0.08242055540655928,0.03856164335793948,0.10022292565587684,0.09518939886291021,-0.02597707836815767,0.13556142671272564,0.04838624774638175,0.05121531875166145,-0.025795913076056342,0.061041863565458584,0.05302848242485841,-0.031192067278212065,-0.04051983585069168,-0.1187436069546588,-0.1424309390037681,-0.06724004854489639,-0.05873773910067526,-0.20780356036623499,-0.013841868572057072,-0.1843810231885701,-0.10870167048823352,-0.13430084249933688,0.03373087320066906,0.008400698503032576,0.033653553061460575,-0.03665227705992794,-0.0470682850981444,0.07576544128365169,-0.1345750896452015,0.06520262976875485,0.05992287930458393,-0.046672637983293006,-0.12282152471504795,-0.22627637812894527,-0.0001954559438039714,0.052620737149597405,-0.06788097122068358,0.18551231410558103,-0.1826427031118923,0.16834994948476484,-0.07146242097884392,-0.029021472736211015,-0.09854948469667865,-0.11421428924038055,0.02643969282051973,0.09246599380990161,-0.1639061827615225,-0.22107247732503457,-0.02045069441564137,-0.10752431190174032,0.09957993901868593,-0.1433829368701825,0.18313176732440684,0.03177710594717114,0.011777702691121368,-0.12553980174268564,-0.054845256615384155,0.033148293853461755,0.20252068017306846,0.1303385071076848,-0.021990233322116113,0.09749899407452868,0.029200622705487962,-0.12556730451757345,-0.07372968564187256
