,byte_0,byte_1,byte_10,byte_11,byte_12,byte_13,byte_14,byte_15,byte_16,byte_17,byte_18,byte_19,byte_2,byte_20,byte_21,byte_22,byte_23,byte_24,byte_25,byte_26,byte_27,byte_28,byte_29,byte_3,byte_30,byte_31,byte_4,byte_5,byte_6,byte_7,byte_8,byte_9,chunk_byte_size,chunk_number_in_heap,chunk_ptrs,chunk_vns
byte_0,1.0,0.4342019250414676,0.3725792832074976,0.22230169650402862,-0.1585738564748525,0.030620029878693018,-0.029694413035555783,0.38821731288967964,0.31959024217392756,-0.03671792555984019,-0.04930989021396265,-0.007113847293326695,0.03357132596233614,-0.15533699039250393,-0.03889827639670309,0.05263169456407131,-0.052993158209422346,0.008224695770275655,0.3103851587787967,0.26796538394054503,0.38646103116788466,-0.10755706259885162,0.007627631368100746,-0.03839719969644885,0.16726756710653226,0.10717756766836864,0.06139859302498315,0.3994464108266283,-0.1904371366962728,0.1242251802636919,0.46863473846804127,-0.024770204743782543,-0.0657279253549438,-0.013021719642141152,-0.30662887553172447,-0.06149894595907079
byte_1,0.4342019250414676,1.0,0.35407583915478796,0.04442915593045419,0.002620530916607707,-0.14622899148325194,0.03235595823388558,-0.038574565933409515,0.031830320311403135,0.14762708366400618,-0.08691314803761509,0.0033390029805377675,0.24062289405229267,-0.23543909505034813,-0.08085517995826576,-0.1564528778878759,-0.27853456739193466,-0.05121267379672454,0.17285133000861075,0.30208135031306893,0.3742540517810073,-0.09399783666232295,-0.25601442309241257,0.024389989776482976,0.0043834980814133045,-0.05937665692734845,-0.02719964159051325,0.0622695647707729,-0.20229142218673996,0.11823761072617248,0.45484411624908194,-0.014412532961502234,-0.06948991706707634,0.013582072539997027,-0.30500566609593666,-0.0653311356354811
byte_10,0.3725792832074976,0.35407583915478796,1.0,-0.019289306418201497,0.011750865471500435,-0.0992885806600687,0.08809818209347584,0.04751390950249195,0.05287808190896376,-0.3108409230052494,-0.18090940079343923,-0.25327128779865826,0.3676014823418676,-0.2939990281722338,-0.20320511763059276,0.011294632754047226,-0.1488523895853637,0.3897529305260974,0.3850450736563847,0.32903574260535895,0.46847282521749606,-0.11363748847849227,-0.22407109821248233,-0.2815499209088164,0.05295352768426707,-0.19617814911835477,0.16114798835227317,0.032653247751979655,0.09173840850347978,-0.17150895385935672,0.211740097115575,-0.04682857490494431,-0.04815198030738238,-0.020119054698118286,-0.2237608707922652,-0.04510991060970411
byte_11,0.22230169650402862,0.04442915593045419,-0.019289306418201497,1.0,0.1341240488510031,0.39322887292229475,0.20896511765195225,0.5000859384412385,0.3373217665911177,0.26793148145640294,0.2531517740773136,0.393428280441272,0.15001298536283128,0.3041109880604744,0.3327290501656518,0.24114486125578874,0.3254570004276252,0.06641864363092978,0.021498685208164024,-0.013273541653493273,-0.19130524793742856,0.02097902813726178,0.27810775783695196,0.2862711839805299,0.19837698836482723,0.24514357670819945,0.2897889629326691,0.494716833376283,0.06986702565793454,0.41558198213850833,0.0910593570823007,0.3430456904090547,-0.06262291612670949,0.08505869552438404,-0.22427340954173022,-0.05958364269305397
byte_12,-0.1585738564748525,0.002620530916607707,0.011750865471500435,0.1341240488510031,1.0,0.23840824862839433,0.2573573976177192,0.05746032726040792,-0.040624749105721294,0.3095194771346224,0.21786501851481085,0.40245036477557206,0.2665978521974928,0.188012618614455,0.3234536892845235,0.31725054427166205,0.18440760049410168,0.10038133462267444,-0.07367397363849293,-0.014576008538316206,0.06876903768216062,0.21314240467040835,0.28852665401454153,0.4325209971478956,0.2904349660101126,0.23190825366170859,0.340650318275232,0.027084598571270994,0.4294580356558072,0.48717257411924264,0.026063940219120313,0.37795842906012067,-0.02394414302193197,0.0886569447146756,-0.17328716800492588,-0.021475831677915475
byte_13,0.030620029878693018,-0.14622899148325194,-0.0992885806600687,0.39322887292229475,0.23840824862839433,1.0,0.30643338929821917,0.39533087078927914,0.3562665646476851,0.5176927931740961,0.41285763536639475,0.338463406751931,0.13004130854793586,0.5210169769105258,0.501057933381407,0.5002336789412863,0.6012438018356646,0.06471238562962836,-0.09013928455529342,-0.08870704166926614,-0.14903957623537972,0.4071193282014255,0.4723262599478397,0.4281167422531109,0.3575651809972108,0.37106238511352235,0.49300272648177773,0.3465279153514655,0.3930878318969056,0.3386374982624105,-0.014077460613434878,0.3906607648925902,-0.0795278416694919,0.08296288733555662,-0.2159265720041018,-0.07670917838687834
byte_14,-0.029694413035555783,0.03235595823388558,0.08809818209347584,0.20896511765195225,0.2573573976177192,0.30643338929821917,1.0,0.22836645616006418,0.30706916184201993,0.22236476811662367,0.4533354230386842,0.2860944733920493,0.4093124713828117,0.394456535209468,0.408949735393451,0.24469956523368216,0.2588234692699228,0.12648496596991177,0.04924773567250566,0.007176443465368669,0.01619679072896471,0.48567118798054665,0.17412913714065947,0.30383996128177004,0.48724740261890115,0.38658804380344836,0.4095779154155939,0.07190767132491231,0.16411943279452704,0.28167418073366474,0.04589315282684087,0.2422712392434992,-0.043932345933989855,0.03367678671478188,-0.2018453622499896,-0.04118480674881853
byte_15,0.38821731288967964,-0.038574565933409515,0.04751390950249195,0.5000859384412385,0.05746032726040792,0.39533087078927914,0.22836645616006418,1.0,0.4781034722356056,0.11779702676761127,0.21991348916222955,0.3128750493580291,0.10734460316510352,0.26562411728665986,0.2477180702421983,0.38502663564880557,0.3791301204571481,0.1256069745786215,0.24192676872599075,0.06772196397971639,-0.037198482904463405,0.05733448243740775,0.40011370968005,0.2117034543434386,0.3370481391038233,0.39240805829200387,0.2545264484314349,0.5397520454242392,0.17137526419966714,0.35890853025839115,0.26193614826162837,0.2091983891332768,-0.05537049531054731,0.04846322904088391,-0.2524672593740887,-0.0518824048964017
byte_16,0.31959024217392756,0.031830320311403135,0.05287808190896376,0.3373217665911177,-0.040624749105721294,0.3562665646476851,0.30706916184201993,0.4781034722356056,1.0,0.26160367649156757,0.49103730161772813,0.256678367946784,0.06659656697856413,0.40534903407098977,0.2946626940788687,0.18823342589379125,0.34856684619928135,-0.08615210089866157,0.06519159733898863,0.012710621769686516,-0.12263156253346172,0.32096534037704894,0.37619819354004946,0.29694567273378103,0.4373604375979274,0.49715649883437385,0.2518563916314182,0.5541965979856708,0.10737073047262925,0.2779281024078694,0.3969936460122469,0.11359477344873246,-0.15875943759194713,-0.03453137394258395,-0.33611789254370117,-0.15450241243582793
byte_17,-0.03671792555984019,0.14762708366400618,-0.3108409230052494,0.26793148145640294,0.3095194771346224,0.5176927931740961,0.22236476811662367,0.11779702676761127,0.26160367649156757,1.0,0.470983532689113,0.38479547424015015,0.05125538590893453,0.4083449174472636,0.4731144842180439,0.2584352250621121,0.359484319576974,-0.24040291859964621,-0.3192463604881311,-0.05556074553775381,-0.12433100251295519,0.43621999996964517,0.35111436794494444,0.5883819241299311,0.3282290071974436,0.35794434014799065,0.3105185920937556,0.16012596670803883,0.165861825214584,0.4515186032474599,0.11266813021086858,0.39810307158593855,-0.15034075487745602,0.020539952999650814,-0.28870373667141647,-0.1467435272906403
byte_18,-0.04930989021396265,-0.08691314803761509,-0.18090940079343923,0.2531517740773136,0.21786501851481085,0.41285763536639475,0.4533354230386842,0.21991348916222955,0.49103730161772813,0.470983532689113,1.0,0.3710684630427043,0.03299240407264936,0.48675582533504974,0.5003094561701228,0.2426614958362122,0.3756878518875453,-0.17302540032700267,-0.2438062084647739,-0.2177699965960195,-0.22260520119207455,0.5974045155624326,0.25934411012646025,0.4219585824989562,0.4131379449083424,0.4544400549458165,0.4547599708229696,0.341236602100181,0.14515772092275983,0.34726844090122255,0.07458937981664703,0.2162959275452674,-0.07564605458666601,0.05279168543611104,-0.1279440945814436,-0.07408427062142064
byte_19,-0.007113847293326695,0.0033390029805377675,-0.25327128779865826,0.393428280441272,0.40245036477557206,0.338463406751931,0.2860944733920493,0.3128750493580291,0.256678367946784,0.38479547424015015,0.3710684630427043,1.0,0.10239810816346502,0.35192232526539674,0.33689449687598766,0.4725548420262638,0.3925991070595668,-0.16461095637168538,-0.1140492689988086,-0.2164154499880113,-0.16232879403005662,0.25459516660473036,0.4361166132158929,0.42861085376157165,0.31121597293987485,0.4582168353039942,0.19870842778534106,0.26452514183980974,0.24451668461476994,0.6132721079998358,0.1509744226859295,0.22044336617727212,-0.02801947977386098,0.12973588199785446,-0.05860214122916306,-0.02725717995984049
byte_2,0.03357132596233614,0.24062289405229267,0.3676014823418676,0.15001298536283128,0.2665978521974928,0.13004130854793586,0.4093124713828117,0.10734460316510352,0.06659656697856413,0.05125538590893453,0.03299240407264936,0.10239810816346502,1.0,0.14026156930421183,0.1125705690749116,0.1267939111330729,0.07462111111856701,0.3756300161092853,0.24719782172007965,0.26858039910290826,0.18933121740785797,0.09880479386360529,0.08460362375004249,0.11550247742188222,0.22788083737309467,0.07919068013308297,0.2608217438967692,-0.02970895945597788,0.31889234742923855,0.15986567921311798,0.17373197457832723,0.3147973444919632,-0.064723477929609,0.057714201598539516,-0.2809594383248118,-0.0609057492985076
byte_20,-0.15533699039250393,-0.23543909505034813,-0.2939990281722338,0.3041109880604744,0.188012618614455,0.5210169769105258,0.394456535209468,0.26562411728665986,0.40534903407098977,0.4083449174472636,0.48675582533504974,0.35192232526539674,0.14026156930421183,1.0,0.6271975870326996,0.3291060157531261,0.5676876148192547,0.0166590164229648,-0.08366922173841954,-0.003520779996313434,-0.2228130820792525,0.5310096922812512,0.5338756935789147,0.5258766561316894,0.45896226633678344,0.5222157393358662,0.3951802582879352,0.2464144548952228,0.28101959612418004,0.2935583028395737,0.00826352610427638,0.3630649189981064,-0.024129967889944613,0.1121926744959146,-0.012877849851285303,-0.024043011329533116
byte_21,-0.03889827639670309,-0.08085517995826576,-0.20320511763059276,0.3327290501656518,0.3234536892845235,0.501057933381407,0.408949735393451,0.2477180702421983,0.2946626940788687,0.4731144842180439,0.5003094561701228,0.33689449687598766,0.1125705690749116,0.6271975870326996,1.0,0.35566408306555036,0.4681042649307565,-0.04729196669949726,-0.12358425304138397,0.06864453817939874,-0.05668379112050738,0.49715836562228805,0.4169703065668709,0.5567052451203001,0.5450412155829688,0.465785987885185,0.46095792673562686,0.2917818690896191,0.14812726298361067,0.3960865092676843,0.0014375788855968926,0.44101649633412904,-0.04807405534073407,0.125297890776426,-0.07285369486450909,-0.04718473893574377
byte_22,0.05263169456407131,-0.1564528778878759,0.011294632754047226,0.24114486125578874,0.31725054427166205,0.5002336789412863,0.24469956523368216,0.38502663564880557,0.18823342589379125,0.2584352250621121,0.2426614958362122,0.4725548420262638,0.1267939111330729,0.3291060157531261,0.35566408306555036,1.0,0.6575821283717717,0.17703049536993268,0.10890474829953013,-0.030166111574721523,0.08049382145405651,0.3373854086840464,0.5287968522855768,0.2877486489103803,0.41282357889648036,0.4376567922358745,0.33585643450888314,0.19390905036110037,0.47342921163449353,0.3481063755348467,0.024166387059714786,0.23180161716100806,-0.05250570648109096,0.11365384355565657,-0.08889298117647998,-0.05143144157937677
byte_23,-0.052993158209422346,-0.27853456739193466,-0.1488523895853637,0.3254570004276252,0.18440760049410168,0.6012438018356646,0.2588234692699228,0.3791301204571481,0.34856684619928135,0.359484319576974,0.3756878518875453,0.3925991070595668,0.07462111111856701,0.5676876148192547,0.4681042649307565,0.6575821283717717,1.0,0.16460087820689756,0.03162830227899404,-0.05569594975486971,-0.151086218853821,0.45396757116622244,0.5912286621779572,0.380948837450175,0.4254210034375699,0.5319244748993637,0.35445166800190503,0.2710437890946859,0.43323378283656844,0.2694898667515138,-0.031160782983569314,0.2839249340095228,-0.0591829975234188,0.07620051760257679,-0.061864700986897156,-0.058538160596815374
byte_24,0.008224695770275655,-0.05121267379672454,0.3897529305260974,0.06641864363092978,0.10038133462267444,0.06471238562962836,0.12648496596991177,0.1256069745786215,-0.08615210089866157,-0.24040291859964621,-0.17302540032700267,-0.16461095637168538,0.3756300161092853,0.0166590164229648,-0.04729196669949726,0.17703049536993268,0.16460087820689756,1.0,0.5618571401192101,0.42524638108162416,0.3349066089525872,-0.0018765506067464264,0.15049221635834462,-0.11035952405722765,0.10874203968006782,0.016469722237512568,0.16000002963390045,-0.10077971669249502,0.2999485114270532,-0.20424515623050968,-0.13180938491026195,0.20557949758428126,0.016060202106128203,0.023836336301067566,-0.0745308507778824,0.01719719121899649
byte_25,0.3103851587787967,0.17285133000861075,0.3850450736563847,0.021498685208164024,-0.07367397363849293,-0.09013928455529342,0.04924773567250566,0.24192676872599075,0.06519159733898863,-0.3192463604881311,-0.2438062084647739,-0.1140492689988086,0.24719782172007965,-0.08366922173841954,-0.12358425304138397,0.10890474829953013,0.03162830227899404,0.5618571401192101,1.0,0.5710744132530539,0.4867070178786931,-0.108440698581114,0.13553080010816498,-0.08059248472825847,0.1907305776060164,0.14939780817068107,-0.0284998455919041,0.0497640443873976,0.08924313425733868,-0.1510341453715997,0.21783244792266448,-0.03183386057281801,0.06071522539409213,0.016153399646549813,0.018478243354672963,0.060697190353604144
byte_26,0.26796538394054503,0.30208135031306893,0.32903574260535895,-0.013273541653493273,-0.014576008538316206,-0.08870704166926614,0.007176443465368669,0.06772196397971639,0.012710621769686516,-0.05556074553775381,-0.2177699965960195,-0.2164154499880113,0.26858039910290826,-0.003520779996313434,0.06864453817939874,-0.030166111574721523,-0.05569594975486971,0.42524638108162416,0.5710744132530539,1.0,0.5907232284388538,-0.005247275218914231,0.20061808577873025,0.11489227117821153,0.33532986939599163,0.15876363178104605,-0.002168021831554494,-0.03129483068173204,0.021525310202920055,-0.09126995606786027,0.26716673033674054,0.17759971358167237,-0.02702139719744033,0.0050514104412820535,-0.07854067955575691,-0.02597622163507319
byte_27,0.38646103116788466,0.3742540517810073,0.46847282521749606,-0.19130524793742856,0.06876903768216062,-0.14903957623537972,0.01619679072896471,-0.037198482904463405,-0.12263156253346172,-0.12433100251295519,-0.22260520119207455,-0.16232879403005662,0.18933121740785797,-0.2228130820792525,-0.05668379112050738,0.08049382145405651,-0.151086218853821,0.3349066089525872,0.4867070178786931,0.5907232284388538,1.0,0.06323963867828786,0.022181796614888123,-0.033795717697205296,0.2851764358426435,0.02991509669653431,0.04577930095756067,-0.1484307249206918,-0.04037493738119724,-0.10678377864037182,0.19515553382933304,0.015685244907493897,-0.005688789314878078,-0.021400233378440568,-0.03439451742192993,-0.005208761658427208
byte_28,-0.10755706259885162,-0.09399783666232295,-0.11363748847849227,0.02097902813726178,0.21314240467040835,0.4071193282014255,0.48567118798054665,0.05733448243740775,0.32096534037704894,0.43621999996964517,0.5974045155624326,0.25459516660473036,0.09880479386360529,0.5310096922812512,0.49715836562228805,0.3373854086840464,0.45396757116622244,-0.0018765506067464264,-0.108440698581114,-0.005247275218914231,0.06323963867828786,1.0,0.36970093689111516,0.43008848093002294,0.5607731453664146,0.5347616242931954,0.430907371564872,0.044010282952550626,0.20890949504362982,0.18070627272599152,0.00948592595108004,0.21218641962600857,-0.063389906783229,0.0728729442461901,-0.056651153670966174,-0.06284431473948053
byte_29,0.007627631368100746,-0.25601442309241257,-0.22407109821248233,0.27810775783695196,0.28852665401454153,0.4723262599478397,0.17412913714065947,0.40011370968005,0.37619819354004946,0.35111436794494444,0.25934411012646025,0.4361166132158929,0.08460362375004249,0.5338756935789147,0.4169703065668709,0.5287968522855768,0.5912286621779572,0.15049221635834462,0.13553080010816498,0.20061808577873025,0.022181796614888123,0.36970093689111516,1.0,0.5410081690768065,0.5672403535092709,0.6247001998729013,0.23400991975720084,0.28725372592340265,0.4650476299551693,0.40996662657782973,0.1548188314596106,0.37429714856034896,-0.07283807422818994,0.062444719368448816,-0.10197807022828467,-0.071622731625741
byte_3,-0.03839719969644885,0.024389989776482976,-0.2815499209088164,0.2862711839805299,0.4325209971478956,0.4281167422531109,0.30383996128177004,0.2117034543434386,0.29694567273378103,0.5883819241299311,0.4219585824989562,0.42861085376157165,0.11550247742188222,0.5258766561316894,0.5567052451203001,0.2877486489103803,0.380948837450175,-0.11035952405722765,-0.08059248472825847,0.11489227117821153,-0.033795717697205296,0.43008848093002294,0.5410081690768065,1.0,0.4975867429323363,0.5620706344572898,0.33014637202535946,0.27205536073625525,0.3032509308158044,0.5307462644347174,0.2291362835315036,0.39769461627942965,-0.019272611824583556,0.0801195381602738,-0.13657296009312458,-0.01732520467511309
byte_30,0.16726756710653226,0.0043834980814133045,0.05295352768426707,0.19837698836482723,0.2904349660101126,0.3575651809972108,0.48724740261890115,0.3370481391038233,0.4373604375979274,0.3282290071974436,0.4131379449083424,0.31121597293987485,0.22788083737309467,0.45896226633678344,0.5450412155829688,0.41282357889648036,0.4254210034375699,0.10874203968006782,0.1907305776060164,0.33532986939599163,0.2851764358426435,0.5607731453664146,0.5672403535092709,0.4975867429323363,1.0,0.6618553722806695,0.38933851877429626,0.23532290798434508,0.2235241948657036,0.3781075058754645,0.25973619857591296,0.32473913522845005,-0.11167489293452997,0.027294015418115603,-0.2024564428329571,-0.10915876102642735
byte_31,0.10717756766836864,-0.05937665692734845,-0.19617814911835477,0.24514357670819945,0.23190825366170859,0.37106238511352235,0.38658804380344836,0.39240805829200387,0.49715649883437385,0.35794434014799065,0.4544400549458165,0.4582168353039942,0.07919068013308297,0.5222157393358662,0.465785987885185,0.4376567922358745,0.5319244748993637,0.016469722237512568,0.14939780817068107,0.15876363178104605,0.02991509669653431,0.5347616242931954,0.6247001998729013,0.5620706344572898,0.6618553722806695,1.0,0.2424682661169811,0.313739272444359,0.23451633711214112,0.4059444485218918,0.2994128381078879,0.23200422096664264,-0.06170580970636456,0.08635616137900391,-0.16892178037787986,-0.059471775549993514
byte_4,0.06139859302498315,-0.02719964159051325,0.16114798835227317,0.2897889629326691,0.340650318275232,0.49300272648177773,0.4095779154155939,0.2545264484314349,0.2518563916314182,0.3105185920937556,0.4547599708229696,0.19870842778534106,0.2608217438967692,0.3951802582879352,0.46095792673562686,0.33585643450888314,0.35445166800190503,0.16000002963390045,-0.0284998455919041,-0.002168021831554494,0.04577930095756067,0.430907371564872,0.23400991975720084,0.33014637202535946,0.38933851877429626,0.2424682661169811,1.0,0.26436426317141526,0.30365401752308224,0.2783496260383434,0.0017552164000200134,0.4099203389136015,-0.059212778725762576,0.10863402720719022,-0.209676875618419,-0.056388333001238494
byte_5,0.3994464108266283,0.0622695647707729,0.032653247751979655,0.494716833376283,0.027084598571270994,0.3465279153514655,0.07190767132491231,0.5397520454242392,0.5541965979856708,0.16012596670803883,0.341236602100181,0.26452514183980974,-0.02970895945597788,0.2464144548952228,0.2917818690896191,0.19390905036110037,0.2710437890946859,-0.10077971669249502,0.0497640443873976,-0.03129483068173204,-0.1484307249206918,0.044010282952550626,0.28725372592340265,0.27205536073625525,0.23532290798434508,0.313739272444359,0.26436426317141526,1.0,0.09132019129173949,0.3958694087523977,0.3421771990291602,0.13582382248178804,-0.04537318080434025,0.045909746186713236,-0.21061223570157458,-0.0424458200851508
byte_6,-0.1904371366962728,-0.20229142218673996,0.09173840850347978,0.06986702565793454,0.4294580356558072,0.3930878318969056,0.16411943279452704,0.17137526419966714,0.10737073047262925,0.165861825214584,0.14515772092275983,0.24451668461476994,0.31889234742923855,0.28101959612418004,0.14812726298361067,0.47342921163449353,0.43323378283656844,0.2999485114270532,0.08924313425733868,0.021525310202920055,-0.04037493738119724,0.20890949504362982,0.4650476299551693,0.3032509308158044,0.2235241948657036,0.23451633711214112,0.30365401752308224,0.09132019129173949,1.0,0.25532087688450905,0.07077572345868578,0.3168987402887401,-0.05356119219687854,0.08889461086876592,-0.16125697993468835,-0.05143120048380693
byte_7,0.1242251802636919,0.11823761072617248,-0.17150895385935672,0.41558198213850833,0.48717257411924264,0.3386374982624105,0.28167418073366474,0.35890853025839115,0.2779281024078694,0.4515186032474599,0.34726844090122255,0.6132721079998358,0.15986567921311798,0.2935583028395737,0.3960865092676843,0.3481063755348467,0.2694898667515138,-0.20424515623050968,-0.1510341453715997,-0.09126995606786027,-0.10678377864037182,0.18070627272599152,0.40996662657782973,0.5307462644347174,0.3781075058754645,0.4059444485218918,0.2783496260383434,0.3958694087523977,0.25532087688450905,1.0,0.30304488157282355,0.3381101523304351,-0.057096489791518455,0.0951191816725522,-0.252876942927284,-0.053591617229333914
byte_8,0.46863473846804127,0.45484411624908194,0.211740097115575,0.0910593570823007,0.026063940219120313,-0.014077460613434878,0.04589315282684087,0.26193614826162837,0.3969936460122469,0.11266813021086858,0.07458937981664703,0.1509744226859295,0.17373197457832723,0.00826352610427638,0.0014375788855968926,0.024166387059714786,-0.031160782983569314,-0.13180938491026195,0.21783244792266448,0.26716673033674054,0.19515553382933304,0.00948592595108004,0.1548188314596106,0.2291362835315036,0.25973619857591296,0.2994128381078879,0.0017552164000200134,0.3421771990291602,0.07077572345868578,0.30304488157282355,1.0,0.014345576867649838,-0.07539206740828505,0.0047163198684550545,-0.3401903532097815,-0.07071044287153647
byte_9,-0.024770204743782543,-0.014412532961502234,-0.04682857490494431,0.3430456904090547,0.37795842906012067,0.3906607648925902,0.2422712392434992,0.2091983891332768,0.11359477344873246,0.39810307158593855,0.2162959275452674,0.22044336617727212,0.3147973444919632,0.3630649189981064,0.44101649633412904,0.23180161716100806,0.2839249340095228,0.20557949758428126,-0.03183386057281801,0.17759971358167237,0.015685244907493897,0.21218641962600857,0.37429714856034896,0.39769461627942965,0.32473913522845005,0.23200422096664264,0.4099203389136015,0.13582382248178804,0.3168987402887401,0.3381101523304351,0.014345576867649838,1.0,-0.14328935188949873,0.09624603051047488,-0.3499721318279916,-0.13874359360171
chunk_byte_size,-0.0657279253549438,-0.06948991706707634,-0.04815198030738238,-0.06262291612670949,-0.02394414302193197,-0.0795278416694919,-0.043932345933989855,-0.05537049531054731,-0.15875943759194713,-0.15034075487745602,-0.07564605458666601,-0.02801947977386098,-0.064723477929609,-0.024129967889944613,-0.04807405534073407,-0.05250570648109096,-0.0591829975234188,0.016060202106128203,0.06071522539409213,-0.02702139719744033,-0.005688789314878078,-0.063389906783229,-0.07283807422818994,-0.019272611824583556,-0.11167489293452997,-0.06170580970636456,-0.059212778725762576,-0.04537318080434025,-0.05356119219687854,-0.057096489791518455,-0.07539206740828505,-0.14328935188949873,1.0,0.12830331163368117,0.2916974959425935,0.999901937564278
chunk_number_in_heap,-0.013021719642141152,0.013582072539997027,-0.020119054698118286,0.08505869552438404,0.0886569447146756,0.08296288733555662,0.03367678671478188,0.04846322904088391,-0.03453137394258395,0.020539952999650814,0.05279168543611104,0.12973588199785446,0.057714201598539516,0.1121926744959146,0.125297890776426,0.11365384355565657,0.07620051760257679,0.023836336301067566,0.016153399646549813,0.0050514104412820535,-0.021400233378440568,0.0728729442461901,0.062444719368448816,0.0801195381602738,0.027294015418115603,0.08635616137900391,0.10863402720719022,0.045909746186713236,0.08889461086876592,0.0951191816725522,0.0047163198684550545,0.09624603051047488,0.12830331163368117,1.0,0.08685740421165353,0.1275694213706574
chunk_ptrs,-0.30662887553172447,-0.30500566609593666,-0.2237608707922652,-0.22427340954173022,-0.17328716800492588,-0.2159265720041018,-0.2018453622499896,-0.2524672593740887,-0.33611789254370117,-0.28870373667141647,-0.1279440945814436,-0.05860214122916306,-0.2809594383248118,-0.012877849851285303,-0.07285369486450909,-0.08889298117647998,-0.061864700986897156,-0.0745308507778824,0.018478243354672963,-0.07854067955575691,-0.03439451742192993,-0.056651153670966174,-0.10197807022828467,-0.13657296009312458,-0.2024564428329571,-0.16892178037787986,-0.209676875618419,-0.21061223570157458,-0.16125697993468835,-0.252876942927284,-0.3401903532097815,-0.3499721318279916,0.2916974959425935,0.08685740421165353,1.0,0.27828109255132355
chunk_vns,-0.06149894595907079,-0.0653311356354811,-0.04510991060970411,-0.05958364269305397,-0.021475831677915475,-0.07670917838687834,-0.04118480674881853,-0.0518824048964017,-0.15450241243582793,-0.1467435272906403,-0.07408427062142064,-0.02725717995984049,-0.0609057492985076,-0.024043011329533116,-0.04718473893574377,-0.05143144157937677,-0.058538160596815374,0.01719719121899649,0.060697190353604144,-0.02597622163507319,-0.005208761658427208,-0.06284431473948053,-0.071622731625741,-0.01732520467511309,-0.10915876102642735,-0.059471775549993514,-0.056388333001238494,-0.0424458200851508,-0.05143120048380693,-0.053591617229333914,-0.07071044287153647,-0.13874359360171,0.999901937564278,0.1275694213706574,0.27828109255132355,1.0
