,byte_0,byte_1,byte_10,byte_11,byte_12,byte_13,byte_14,byte_15,byte_16,byte_17,byte_18,byte_19,byte_2,byte_20,byte_21,byte_22,byte_23,byte_24,byte_25,byte_26,byte_27,byte_28,byte_29,byte_3,byte_30,byte_31,byte_4,byte_5,byte_6,byte_7,byte_8,byte_9,chunk_byte_size,chunk_number_in_heap,chunk_ptrs,chunk_vns
byte_0,1.0,0.7406256178272813,0.1042385633555483,0.11019040786117032,-0.009973806183826216,0.05816995503920593,0.22497000497975184,0.2779607808811092,0.006984621273724319,-0.20614478104074682,-0.3507925557666401,-0.29937561069318236,0.4984479698992546,-0.15090773259046797,-0.15012864518799215,0.14562995987145852,0.15358704390148623,0.11644989808613132,0.13229446116908736,0.144146696291006,0.10227091403957639,0.30629632132483225,0.31511670292016764,0.21953394931391948,0.3334414422149243,0.3585578228731714,0.25892077643579325,0.24028575436442687,-0.08202557983561524,-0.058795912682387354,0.020578191308647378,0.003379113490587184,-0.012376006906511257,0.5392676490759287,-0.12372489429479103,-0.0018447034648418612
byte_1,0.7406256178272813,1.0,0.0925640216493237,0.09851387972311555,-0.0036834547326278413,0.047584132446877904,0.2275333520989192,0.257874096096459,-0.01816014164974541,-0.2212363928626299,-0.36528515036214976,-0.3102026595075354,0.5265097764018063,-0.16955847396411,-0.17966243140726437,0.12125335939050885,0.1327571591328137,0.11578742133611232,0.11791441865096977,0.13309887772786339,0.0932794482593395,0.29547474475399843,0.2726388691098098,0.23026451006083634,0.2931199680714144,0.32385262240775603,0.2498967332550063,0.23262407935509677,-0.07890489488857856,-0.0572981697911361,0.015559776337625203,-0.00017831362430085595,-0.014028799432911094,0.5472319490245449,-0.12615512990837482,-0.0033631572304828774
byte_10,0.1042385633555483,0.0925640216493237,1.0,0.46363955590353906,0.4185503767984115,0.3796281538112566,0.05638956249269777,0.05381686241019293,0.09143483594748796,0.08001989776986228,0.3650244529697602,0.09418371851977686,-0.1626768304308448,0.3606323083094778,0.35173172915113293,0.009862955069879376,-0.0016998541092585924,0.04001368288382983,0.02193466348071608,0.011677799634450947,0.012741033062424733,0.14226918848692655,0.13038222382273598,-0.2400705429950858,0.1579969049852615,0.1393876762692279,-0.21144779517318937,-0.14284681648528508,-0.1983185108002867,-0.2111459107719808,0.4678161483014775,0.4521165182679735,-0.024303982757364378,-0.08733460777368109,-0.2034549475443891,-0.007010200967983756
byte_11,0.11019040786117032,0.09851387972311555,0.46363955590353906,1.0,0.4006402133508251,0.440260715537952,0.20857477554053935,0.19652408941856356,0.10372325570196264,0.08996906568462959,0.07326922143517584,0.32503970869319626,-0.04570869438324199,0.23830039925078697,0.24123076574035635,0.023717185653467792,0.024331689774487013,-0.013811198440685724,-0.02559960525860408,-0.021249758099590156,-0.0336279973154139,0.12532426118098872,0.14156920488683475,0.1198144759278868,0.14793730197353014,0.14507766735117208,-0.08876948538866608,-0.03238329378610365,-0.1155913788305962,-0.09900607528963316,0.2743011390222087,0.2936241723006451,-0.013270153629966207,-0.016379437065978254,-0.0074982814868080625,-0.012909138682376382
byte_12,-0.009973806183826216,-0.0036834547326278413,0.4185503767984115,0.4006402133508251,1.0,0.5219119551404041,0.28924013546071764,0.2692709072506157,0.16786262685581674,0.14985927400377508,0.16299609827571532,0.18487597280311827,-0.1382645021944712,0.5672655345011101,0.3312163923819224,0.1518578489945275,0.15070585433544548,0.1487936021352441,0.13224874984684445,0.130907101229596,0.12418894767718734,0.00013563124020008225,0.009557732521426394,-0.12254914477420922,0.011900956116869837,0.015358822229905188,0.046337405743008084,-0.0978986456477156,-0.16701125722062096,-0.16208291494144492,0.20136534591002306,0.21555308165503329,-0.011938962065330022,-0.015993692258126545,0.005266261279126843,-0.012645352524920342
byte_13,0.05816995503920593,0.047584132446877904,0.3796281538112566,0.440260715537952,0.5219119551404041,1.0,0.4175216923979992,0.40845746716000036,0.19159208709498227,0.1563437252077247,0.1305302342651104,0.13750229288475374,-0.0905740335334299,0.24333478622558444,0.32790813475916436,0.23262121733671529,0.225523380071674,0.2039955689637417,0.19277678932199868,0.1790789523115483,0.1805304712362665,0.05196155275581663,0.08126859621029636,-0.0551812570547856,0.07130168024138216,0.046988494273484754,-0.04125257072110721,0.17752066547419817,-0.12729905934867014,-0.1219325950410886,0.12351119136631412,0.1498928621089561,-0.005106513969086223,0.045731182535673695,0.09850350802328421,-0.013896896349919086
byte_14,0.22497000497975184,0.2275333520989192,0.05638956249269777,0.20857477554053935,0.28924013546071764,0.4175216923979992,1.0,0.6385535015929757,0.14505206435235724,0.010128077048835674,-0.04017960175597354,-0.015764434835460514,0.3973606551010994,-0.1535845987952527,-0.13294038868735897,0.297972967611393,0.3060946671449803,0.2740893737872006,0.2530132021040114,0.25692385982456145,0.2364046137635659,0.14006902700509163,0.11075441808492976,0.30497196283928624,0.15058547535695507,0.14697754150205875,0.34089132913579917,0.2572268879792973,0.3009373756292909,0.19150802122735802,-0.3254409526165237,-0.28238931521728694,0.028134049308660636,0.2264600457882574,0.43661710766146783,-0.009588553109639021
byte_15,0.2779607808811092,0.257874096096459,0.05381686241019293,0.19652408941856356,0.2692709072506157,0.40845746716000036,0.6385535015929757,1.0,0.16833646899719246,0.020297723586779132,-0.042685699070826186,0.004079978195877562,0.37662676084877067,-0.142720064099731,-0.11548158957877493,0.3102736916276269,0.3165387679139185,0.27613239102595005,0.2849630192286582,0.28751657591245317,0.25149870357517845,0.10200469668132034,0.13803846463204286,0.280143347158035,0.14050456488734916,0.1439601122436514,0.3199864655359599,0.26156634637345055,0.15709145550438094,0.14611156533662367,-0.28251938090878365,-0.2512568300339135,0.021356223845263842,0.22722285393548738,0.3713887860742847,-0.01073329658414559
byte_16,0.006984621273724319,-0.01816014164974541,0.09143483594748796,0.10372325570196264,0.16786262685581674,0.19159208709498227,0.14505206435235724,0.16833646899719246,1.0,0.3136537635877408,0.29775477104617043,0.28230534002646307,-0.009390190875093192,0.1505823754135109,0.16433398447249004,0.09961948575409967,0.12111653444315416,0.11363117094668825,0.137934604772291,0.13277576403345367,0.09389239118808566,-0.020819992537366105,-0.012532866215685876,0.005132319585991928,-0.0002489322185660857,0.019500710774171003,0.019702424003260246,0.050991843659932604,-0.02679351055025824,-0.002606352333501377,0.07325530900634555,0.020958618506595136,-0.07728773653355721,0.007720101079656857,-0.002853814825001414,-0.0789394149799695
byte_17,-0.20614478104074682,-0.2212363928626299,0.08001989776986228,0.08996906568462959,0.14985927400377508,0.1563437252077247,0.010128077048835674,0.020297723586779132,0.3136537635877408,1.0,0.3869330975692053,0.3802692840103016,-0.17160251269085222,0.22679679400395775,0.2693906388183558,0.10462430839782216,0.10611726950622359,0.10436580717674382,0.09919822296689199,0.08635534420529417,0.07004076883383985,-0.030124982997159454,-0.01347155680581586,-0.07112277551725087,-0.023951890943967317,-0.017300013322916825,-0.08576808198928701,-0.05669763403195587,0.012264404696833724,0.04073561618219371,0.09454711916012183,0.14166420613745817,-0.07260116199151075,-0.20810918257879416,-0.047674815924974405,-0.0701949017606658
byte_18,-0.3507925557666401,-0.36528515036214976,0.3650244529697602,0.07326922143517584,0.16299609827571532,0.1305302342651104,-0.04017960175597354,-0.042685699070826186,0.29775477104617043,0.3869330975692053,1.0,0.47033976380101616,-0.27066264436267545,0.32275446155636617,0.350875372088412,0.13998828233738733,0.14346484968519063,0.11973655175823625,0.11860270406275573,0.11230293927900657,0.11876750583664301,0.014052115844631377,-0.0053817000584610065,-0.12771265884350297,0.009130132747513323,-0.0006040596483429556,-0.1493994484047822,-0.09754774316041928,0.06568487599943156,0.10064289124445089,0.15915569922063016,0.16827023917073483,-0.02953091441117657,-0.39846363692564135,-0.016086598398156352,-0.0288136788773431
byte_19,-0.29937561069318236,-0.3102026595075354,0.09418371851977686,0.32503970869319626,0.18487597280311827,0.13750229288475374,-0.015764434835460514,0.004079978195877562,0.28230534002646307,0.3802692840103016,0.47033976380101616,1.0,-0.2276898440053724,0.33139958561443483,0.3527395857992948,0.2005586952876788,0.21380665050271605,0.14140396708496203,0.14037221977235365,0.15381075165961142,0.13957286677967795,0.02094850688134765,0.035585224725468476,-0.1049735237348416,0.03106453246450348,0.05535519105696476,-0.12837343232367587,-0.07547790898600441,0.06456814527797555,0.09060881606030186,0.1469274709665457,0.16242498817982592,-0.012440929883446009,-0.3216616570045012,2.058594942210717e-05,-0.012695159048731875
byte_2,0.4984479698992546,0.5265097764018063,-0.1626768304308448,-0.04570869438324199,-0.1382645021944712,-0.0905740335334299,0.3973606551010994,0.37662676084877067,-0.009390190875093192,-0.17160251269085222,-0.27066264436267545,-0.2276898440053724,1.0,-0.47953715344728615,-0.5078602942285628,0.1261714009291353,0.12520931008525024,0.11104166228928229,0.08375103821911305,0.1001753079185518,0.0728597018127521,0.2974619487727209,0.290299233010319,0.6351110412184708,0.3177720182045707,0.3200121112931293,0.6607490522019505,0.5481820026203825,0.4379178530425789,0.43015746775481634,-0.3807965641021175,-0.3600043135940527,0.0015226744612825138,0.3886120783535734,0.3945334781764358,-0.033201410473184347
byte_20,-0.15090773259046797,-0.16955847396411,0.3606323083094778,0.23830039925078697,0.5672655345011101,0.24333478622558444,-0.1535845987952527,-0.142720064099731,0.1505823754135109,0.22679679400395775,0.32275446155636617,0.33139958561443483,-0.47953715344728615,1.0,0.7787763092871931,0.3125644148820347,0.33319247872524405,0.2507518322870392,0.2606806516052559,0.2856669296834708,0.25599323385047845,0.15218184209313032,0.15495048600883363,-0.41446408960271675,0.1586506220037092,0.16725616062809776,-0.43771910061397584,-0.34078160143063413,-0.30946196056733577,-0.29503780445598915,0.5144923227717765,0.5114245890224197,0.030760934477603693,-0.19163222004709907,-0.3922126694155724,0.06608619310390336
byte_21,-0.15012864518799215,-0.17966243140726437,0.35173172915113293,0.24123076574035635,0.3312163923819224,0.32790813475916436,-0.13294038868735897,-0.11548158957877493,0.16433398447249004,0.2693906388183558,0.350875372088412,0.3527395857992948,-0.5078602942285628,0.7787763092871931,1.0,0.4533525581299139,0.4578673612795999,0.3631559898394694,0.3549058382363082,0.3736285815867076,0.37117825177075403,0.22400717118755986,0.24202521914871447,-0.43222298101569523,0.24643022127909467,0.20828326812785614,-0.45383480389689795,-0.3505388785440748,-0.32286337180722036,-0.3019217079220244,0.5496504284583741,0.5698798315773947,0.0513421113613122,-0.19714991494883477,-0.41028648802453815,0.08879106168780242
byte_22,0.14562995987145852,0.12125335939050885,0.009862955069879376,0.023717185653467792,0.1518578489945275,0.23262121733671529,0.297972967611393,0.3102736916276269,0.09961948575409967,0.10462430839782216,0.13998828233738733,0.2005586952876788,0.1261714009291353,0.3125644148820347,0.4533525581299139,1.0,0.9106029408053855,0.7421022666152909,0.7047712286124853,0.7032706453866001,0.7043238000653839,0.46766091203034044,0.5070874145435739,0.058036680712911085,0.5154821198700797,0.4769604261974808,0.06263202939585924,0.05422655972995706,0.14075634280955737,0.12849161431443334,0.0382428807440657,0.07276109630958011,0.12127291401970104,0.08386971957076797,0.00040761904184390813,0.12427223951365453
byte_23,0.15358704390148623,0.1327571591328137,-0.0016998541092585924,0.024331689774487013,0.15070585433544548,0.225523380071674,0.3060946671449803,0.3165387679139185,0.12111653444315416,0.10611726950622359,0.14346484968519063,0.21380665050271605,0.12520931008525024,0.33319247872524405,0.4578673612795999,0.9106029408053855,1.0,0.7138530301977403,0.706425910494249,0.724560505215532,0.6750058019077497,0.4558918418932887,0.4953631157831382,0.05927327774103316,0.4933142941045005,0.5102044792399802,0.052007012393187786,0.06324002410961074,0.12642597872693045,0.12830609739173685,0.050830212872500335,0.06897119670203467,0.09743318372512848,0.08184691244267589,-0.004489377546123975,0.10019578448271577
byte_24,0.11644989808613132,0.11578742133611232,0.04001368288382983,-0.013811198440685724,0.1487936021352441,0.2039955689637417,0.2740893737872006,0.27613239102595005,0.11363117094668825,0.10436580717674382,0.11973655175823625,0.14140396708496203,0.11104166228928229,0.2507518322870392,0.3631559898394694,0.7421022666152909,0.7138530301977403,1.0,0.9012155170013536,0.8528793583655957,0.8370709134316691,0.3011950104972344,0.33740696154210287,0.0001733605741153362,0.3621736546082298,0.2782957483974381,0.015149595448482328,-0.007931730485230428,0.09458114008569299,0.05251618983598812,0.013817285593470154,0.06797608923300104,0.11024708233596053,0.06351353172318677,-0.07347638289349617,0.11952504926609794
byte_25,0.13229446116908736,0.11791441865096977,0.02193466348071608,-0.02559960525860408,0.13224874984684445,0.19277678932199868,0.2530132021040114,0.2849630192286582,0.137934604772291,0.09919822296689199,0.11860270406275573,0.14037221977235365,0.08375103821911305,0.2606806516052559,0.3549058382363082,0.7047712286124853,0.706425910494249,0.9012155170013536,1.0,0.8941012209299999,0.8431736639042349,0.2691041078730667,0.3361412366524378,-0.006841489019573603,0.3323638012520798,0.2927868367230443,-0.006979550596579991,-0.00042838442460651474,0.07347726247735166,0.03703605884712661,0.03279968165965433,0.05461047364989318,0.1502912677427372,0.067052541526799,-0.06658631372852886,0.16002957012185387
byte_26,0.144146696291006,0.13309887772786339,0.011677799634450947,-0.021249758099590156,0.130907101229596,0.1790789523115483,0.25692385982456145,0.28751657591245317,0.13277576403345367,0.08635534420529417,0.11230293927900657,0.15381075165961142,0.1001753079185518,0.2856669296834708,0.3736285815867076,0.7032706453866001,0.724560505215532,0.8528793583655957,0.8941012209299999,1.0,0.8513334885638489,0.30420149475846914,0.4004702756051403,0.004972135845472697,0.3855446950309804,0.3767258250489958,-0.0007680715149714784,0.013183756283454692,0.07029595125252638,0.05081218094402556,0.04343327076692005,0.05523795424910667,0.07979028117899314,0.07228465954894377,-0.032873237327318006,0.08467331351683911
byte_27,0.10227091403957639,0.0932794482593395,0.012741033062424733,-0.0336279973154139,0.12418894767718734,0.1805304712362665,0.2364046137635659,0.25149870357517845,0.09389239118808566,0.07004076883383985,0.11876750583664301,0.13957286677967795,0.0728597018127521,0.25599323385047845,0.37117825177075403,0.7043238000653839,0.6750058019077497,0.8370709134316691,0.8431736639042349,0.8513334885638489,1.0,0.36320461017145655,0.3688380955566867,0.0026007898497014525,0.3852041318896808,0.29977213718009527,0.0077318427756962425,-0.013036666944674017,0.05985028884437013,0.01873985970044347,0.012500917106242317,0.028866675208472907,0.08516220821673946,0.06809143525190123,0.019415639934616608,0.0855440333650593
byte_28,0.30629632132483225,0.29547474475399843,0.14226918848692655,0.12532426118098872,0.00013563124020008225,0.05196155275581663,0.14006902700509163,0.10200469668132034,-0.020819992537366105,-0.030124982997159454,0.014052115844631377,0.02094850688134765,0.2974619487727209,0.15218184209313032,0.22400717118755986,0.46766091203034044,0.4558918418932887,0.3011950104972344,0.2691041078730667,0.30420149475846914,0.36320461017145655,1.0,0.8240619256637146,0.19554435914316468,0.8766573324156417,0.8335134417776641,0.1936379789156381,0.17557034929600782,0.23209311034353866,0.2394884866733066,0.19634121602866877,0.21259923797095187,0.08088148536232688,0.07613855598490941,0.0024903166232175915,0.08261384369422897
byte_29,0.31511670292016764,0.2726388691098098,0.13038222382273598,0.14156920488683475,0.009557732521426394,0.08126859621029636,0.11075441808492976,0.13803846463204286,-0.012532866215685876,-0.01347155680581586,-0.0053817000584610065,0.035585224725468476,0.290299233010319,0.15495048600883363,0.24202521914871447,0.5070874145435739,0.4953631157831382,0.33740696154210287,0.3361412366524378,0.4004702756051403,0.3688380955566867,0.8240619256637146,1.0,0.214688889116334,0.8940647390763262,0.8566316076143222,0.17764093211914203,0.19883700269235938,0.25649057415885385,0.26050538512912175,0.21051915101480537,0.2373676348018766,0.0647197412839815,0.07635430958824206,-0.014456153222190307,0.06759610011457087
byte_3,0.21953394931391948,0.23026451006083634,-0.2400705429950858,0.1198144759278868,-0.12254914477420922,-0.0551812570547856,0.30497196283928624,0.280143347158035,0.005132319585991928,-0.07112277551725087,-0.12771265884350297,-0.1049735237348416,0.6351110412184708,-0.41446408960271675,-0.43222298101569523,0.058036680712911085,0.05927327774103316,0.0001733605741153362,-0.006841489019573603,0.004972135845472697,0.0026007898497014525,0.19554435914316468,0.214688889116334,1.0,0.21077733787914818,0.21227932221608098,0.5696289041233411,0.46996265797443976,0.4535685587905569,0.4503440252405967,-0.38747788021214075,-0.36638367457024784,0.005563725119240482,0.1989530372986152,0.4473014472334515,-0.033640880188585694
byte_30,0.3334414422149243,0.2931199680714144,0.1579969049852615,0.14793730197353014,0.011900956116869837,0.07130168024138216,0.15058547535695507,0.14050456488734916,-0.0002489322185660857,-0.023951890943967317,0.009130132747513323,0.03106453246450348,0.3177720182045707,0.1586506220037092,0.24643022127909467,0.5154821198700797,0.4933142941045005,0.3621736546082298,0.3323638012520798,0.3855446950309804,0.3852041318896808,0.8766573324156417,0.8940647390763262,0.21077733787914818,1.0,0.8763286680646027,0.19814021861355882,0.20556370734004656,0.2586767073256631,0.2644142120760406,0.2107001181703302,0.24157090106310486,0.040924399877295264,0.07919437873498793,-0.030020537369503986,0.0445388745345417
byte_31,0.3585578228731714,0.32385262240775603,0.1393876762692279,0.14507766735117208,0.015358822229905188,0.046988494273484754,0.14697754150205875,0.1439601122436514,0.019500710774171003,-0.017300013322916825,-0.0006040596483429556,0.05535519105696476,0.3200121112931293,0.16725616062809776,0.20828326812785614,0.4769604261974808,0.5102044792399802,0.2782957483974381,0.2927868367230443,0.3767258250489958,0.29977213718009527,0.8335134417776641,0.8566316076143222,0.21227932221608098,0.8763286680646027,1.0,0.18390445417440332,0.21824203240098725,0.2526916663806411,0.28475526083449254,0.22948029984261215,0.22698031180008146,0.04123191491180148,0.07858427641585819,-0.0377180308529162,0.04560135155748769
byte_4,0.25892077643579325,0.2498967332550063,-0.21144779517318937,-0.08876948538866608,0.046337405743008084,-0.04125257072110721,0.34089132913579917,0.3199864655359599,0.019702424003260246,-0.08576808198928701,-0.1493994484047822,-0.12837343232367587,0.6607490522019505,-0.43771910061397584,-0.45383480389689795,0.06263202939585924,0.052007012393187786,0.015149595448482328,-0.006979550596579991,-0.0007680715149714784,0.0077318427756962425,0.1936379789156381,0.17764093211914203,0.5696289041233411,0.19814021861355882,0.18390445417440332,1.0,0.5113064839847987,0.42932256028699073,0.42719505797152557,-0.42528943302734673,-0.39717736714390484,0.005396103582389782,0.25816657031961887,0.4751073245070644,-0.036278881989323046
byte_5,0.24028575436442687,0.23262407935509677,-0.14284681648528508,-0.03238329378610365,-0.0978986456477156,0.17752066547419817,0.2572268879792973,0.26156634637345055,0.050991843659932604,-0.05669763403195587,-0.09754774316041928,-0.07547790898600441,0.5481820026203825,-0.34078160143063413,-0.3505388785440748,0.05422655972995706,0.06324002410961074,-0.007931730485230428,-0.00042838442460651474,0.013183756283454692,-0.013036666944674017,0.17557034929600782,0.19883700269235938,0.46996265797443976,0.20556370734004656,0.21824203240098725,0.5113064839847987,1.0,0.39271314338599955,0.4066655154694092,-0.2881959695821485,-0.2902132232569658,-0.004395387715730004,0.19070330205527916,0.3836055506466436,-0.03823414828998392
byte_6,-0.08202557983561524,-0.07890489488857856,-0.1983185108002867,-0.1155913788305962,-0.16701125722062096,-0.12729905934867014,0.3009373756292909,0.15709145550438094,-0.02679351055025824,0.012264404696833724,0.06568487599943156,0.06456814527797555,0.4379178530425789,-0.30946196056733577,-0.32286337180722036,0.14075634280955737,0.12642597872693045,0.09458114008569299,0.07347726247735166,0.07029595125252638,0.05985028884437013,0.23209311034353866,0.25649057415885385,0.4535685587905569,0.2586767073256631,0.2526916663806411,0.42932256028699073,0.39271314338599955,1.0,0.6298274687481862,-0.28506495101794727,-0.26402260990875,0.021102604198407624,-0.17582876189390503,0.4429858090899057,-0.017326102458732617
byte_7,-0.058795912682387354,-0.0572981697911361,-0.2111459107719808,-0.09900607528963316,-0.16208291494144492,-0.1219325950410886,0.19150802122735802,0.14611156533662367,-0.002606352333501377,0.04073561618219371,0.10064289124445089,0.09060881606030186,0.43015746775481634,-0.29503780445598915,-0.3019217079220244,0.12849161431443334,0.12830609739173685,0.05251618983598812,0.03703605884712661,0.05081218094402556,0.01873985970044347,0.2394884866733066,0.26050538512912175,0.4503440252405967,0.2644142120760406,0.28475526083449254,0.42719505797152557,0.4066655154694092,0.6298274687481862,1.0,-0.266883825832436,-0.24516935729863085,0.02010909771613179,-0.16982658222586283,0.42217362054797464,-0.016475084129980503
byte_8,0.020578191308647378,0.015559776337625203,0.4678161483014775,0.2743011390222087,0.20136534591002306,0.12351119136631412,-0.3254409526165237,-0.28251938090878365,0.07325530900634555,0.09454711916012183,0.15915569922063016,0.1469274709665457,-0.3807965641021175,0.5144923227717765,0.5496504284583741,0.0382428807440657,0.050830212872500335,0.013817285593470154,0.03279968165965433,0.04343327076692005,0.012500917106242317,0.19634121602866877,0.21051915101480537,-0.38747788021214075,0.2107001181703302,0.22948029984261215,-0.42528943302734673,-0.2881959695821485,-0.28506495101794727,-0.266883825832436,1.0,0.6740053728025058,-0.03626574520526994,-0.2182002590447819,-0.5637662291706511,0.012402463558241213
byte_9,0.003379113490587184,-0.00017831362430085595,0.4521165182679735,0.2936241723006451,0.21555308165503329,0.1498928621089561,-0.28238931521728694,-0.2512568300339135,0.020958618506595136,0.14166420613745817,0.16827023917073483,0.16242498817982592,-0.3600043135940527,0.5114245890224197,0.5698798315773947,0.07276109630958011,0.06897119670203467,0.06797608923300104,0.05461047364989318,0.05523795424910667,0.028866675208472907,0.21259923797095187,0.2373676348018766,-0.36638367457024784,0.24157090106310486,0.22698031180008146,-0.39717736714390484,-0.2902132232569658,-0.26402260990875,-0.24516935729863085,0.6740053728025058,1.0,-0.03355755564545167,-0.21483307015692304,-0.5550532049483863,0.014469641308482023
chunk_byte_size,-0.012376006906511257,-0.014028799432911094,-0.024303982757364378,-0.013270153629966207,-0.011938962065330022,-0.005106513969086223,0.028134049308660636,0.021356223845263842,-0.07728773653355721,-0.07260116199151075,-0.02953091441117657,-0.012440929883446009,0.0015226744612825138,0.030760934477603693,0.0513421113613122,0.12127291401970104,0.09743318372512848,0.11024708233596053,0.1502912677427372,0.07979028117899314,0.08516220821673946,0.08088148536232688,0.0647197412839815,0.005563725119240482,0.040924399877295264,0.04123191491180148,0.005396103582389782,-0.004395387715730004,0.021102604198407624,0.02010909771613179,-0.03626574520526994,-0.03355755564545167,1.0,0.03298283384288704,0.3346881206750681,0.9965456360828243
chunk_number_in_heap,0.5392676490759287,0.5472319490245449,-0.08733460777368109,-0.016379437065978254,-0.015993692258126545,0.045731182535673695,0.2264600457882574,0.22722285393548738,0.007720101079656857,-0.20810918257879416,-0.39846363692564135,-0.3216616570045012,0.3886120783535734,-0.19163222004709907,-0.19714991494883477,0.08386971957076797,0.08184691244267589,0.06351353172318677,0.067052541526799,0.07228465954894377,0.06809143525190123,0.07613855598490941,0.07635430958824206,0.1989530372986152,0.07919437873498793,0.07858427641585819,0.25816657031961887,0.19070330205527916,-0.17582876189390503,-0.16982658222586283,-0.2182002590447819,-0.21483307015692304,0.03298283384288704,1.0,0.029327747271498724,0.031226030026347093
chunk_ptrs,-0.12372489429479103,-0.12615512990837482,-0.2034549475443891,-0.0074982814868080625,0.005266261279126843,0.09850350802328421,0.43661710766146783,0.3713887860742847,-0.002853814825001414,-0.047674815924974405,-0.016086598398156352,2.058594942210717e-05,0.3945334781764358,-0.3922126694155724,-0.41028648802453815,0.00040761904184390813,-0.004489377546123975,-0.07347638289349617,-0.06658631372852886,-0.032873237327318006,0.019415639934616608,0.0024903166232175915,-0.014456153222190307,0.4473014472334515,-0.030020537369503986,-0.0377180308529162,0.4751073245070644,0.3836055506466436,0.4429858090899057,0.42217362054797464,-0.5637662291706511,-0.5550532049483863,0.3346881206750681,0.029327747271498724,1.0,0.25533464632815045
chunk_vns,-0.0018447034648418612,-0.0033631572304828774,-0.007010200967983756,-0.012909138682376382,-0.012645352524920342,-0.013896896349919086,-0.009588553109639021,-0.01073329658414559,-0.0789394149799695,-0.0701949017606658,-0.0288136788773431,-0.012695159048731875,-0.033201410473184347,0.06608619310390336,0.08879106168780242,0.12427223951365453,0.10019578448271577,0.11952504926609794,0.16002957012185387,0.08467331351683911,0.0855440333650593,0.08261384369422897,0.06759610011457087,-0.033640880188585694,0.0445388745345417,0.04560135155748769,-0.036278881989323046,-0.03823414828998392,-0.017326102458732617,-0.016475084129980503,0.012402463558241213,0.014469641308482023,0.9965456360828243,0.031226030026347093,0.25533464632815045,1.0
