,0,00,000,0000,0001,001,0010,0011,01,010,0100,0101,011,0110,0111,1,10,100,1000,1001,101,1010,1011,11,110,1100,1101,111,1110,1111,chunk_byte_size,chunk_number_in_heap,chunk_ptrs,chunk_vns,kurt,mad,mean,shannon_entropy,skew,std_dev
0,1.0,0.9847307630173658,0.9635646606209807,0.9417270970979643,0.7820859927345901,0.787738210053054,0.7476438735285595,0.7240527728774936,0.7883890634292442,0.7724353007715314,0.7475014758671481,0.7471271169543445,0.7664991251820963,0.7103218955003989,0.6737439255876713,0.7787243066615672,0.7883728597914266,0.7875734397573735,0.7817539849067233,0.6722416344028047,0.754599607937423,0.7314201105933056,0.7016935641566691,0.7183575586754022,0.7664502815043884,0.730327702105932,0.6720757349981519,0.590082747665201,0.6737153459055024,0.4580699350761141,0.981935407829126,0.03149794671319515,0.35256701938279505,0.9765428173146965,0.1361916186648747,-0.08292543812627974,-0.06349527187880553,-0.09548802403790378,0.10107905280567582,-0.0662846603972085
00,0.9847307630173658,1.0,0.9950345360234975,0.9850163845444587,0.6760470213284238,0.6778634160173883,0.6433267154105946,0.6231111361902101,0.6692584244324377,0.653824214734641,0.642123460118227,0.6271489444307363,0.6538690458126006,0.6081290594545327,0.5720509036620205,0.6634072482260114,0.6692395535856939,0.6776732773394893,0.6756391309056423,0.5734289849310042,0.6337211412541103,0.6123842572238403,0.5930576390124909,0.6150849579411167,0.6538223566580317,0.6295297641914392,0.5651166189781371,0.5073586299461939,0.5720335839896794,0.3984966039257866,0.9357528513998209,0.03278104461527341,0.353673761010822,0.9290545917311097,0.17664112219881192,-0.10000396985197109,-0.1006449829167898,-0.13774132972330652,0.14576332722254803,-0.07991856021641794
000,0.9635646606209807,0.9950345360234975,1.0,0.9971144385924022,0.6040077810411334,0.6013243806857917,0.5705155909088305,0.5529782196885178,0.5964632847191498,0.5823996030243632,0.5705622607340745,0.5594339606077858,0.5832706404222227,0.5429950163583894,0.5096406432923871,0.5922462057588898,0.5964423727601178,0.601120937023638,0.6035591619243507,0.5015054050079373,0.5669259482873931,0.547148347352178,0.5319380971376308,0.5504233163330494,0.583223751739276,0.5574185423143116,0.5093002325777852,0.4556312701740212,0.5096306514381074,0.3604895984923277,0.8984800480302356,0.0329705059388549,0.3511201711014784,0.8910322663947289,0.19714493158424706,-0.10743170636624616,-0.11948470245632825,-0.16075162007631733,0.16897502909888795,-0.0855465750043368
0000,0.9417270970979643,0.9850163845444587,0.9971144385924022,1.0,0.5417643591584876,0.5422180006050223,0.5144797397475447,0.4985730492646086,0.5386580741761028,0.5254774542876244,0.5153071289158008,0.5044739052275797,0.527555167324102,0.4915536094037447,0.4604335504371362,0.5355436349965341,0.5386336830397102,0.5420068491105401,0.5412972689348281,0.4570911946065966,0.5126213239254634,0.4938653246187448,0.4827430360341542,0.49864201446987305,0.5275056593308618,0.5017298565814646,0.46370957374669614,0.41350289198534784,0.4604253336006899,0.3284970309095641,0.8650659456025163,0.031954212352891954,0.34682448088235246,0.857122827809038,0.21088213188973187,-0.11359617353767537,-0.13170301797246844,-0.17518478205011392,0.18338456605689082,-0.09062457225593006
0001,0.7820859927345901,0.6760470213284238,0.6040077810411334,0.5417643591584876,1.0,0.9655753455344588,0.9156461890388331,0.8884943459195497,0.9491060812178037,0.9317417260394572,0.9074846805831476,0.8979444301970781,0.9196360361222805,0.8516295602767596,0.8090819668674093,0.9352148440489688,0.9491298466399506,0.9655358305420385,0.9999306153587887,0.7541330933967887,0.8953918901776219,0.8732926961163436,0.8217272075881181,0.8596796911276352,0.9196366138696892,0.9045007828993481,0.770915216051792,0.7040849101156595,0.8090572386706824,0.5432305193467764,0.8663224961505568,0.02978757795460414,0.24627389526877072,0.8672742585836248,-0.03128480866428287,0.0033733957615181913,0.060745886386124326,0.059973372400743026,-0.05479669402505876,0.004514660197992154
001,0.787738210053054,0.6778634160173883,0.6013243806857917,0.5422180006050223,0.9655753455344588,1.0,0.9503092212009906,0.9175848381099524,0.9668182394323818,0.9467844093513497,0.9403113259634799,0.9022674965907256,0.9407474687241365,0.8710421700577008,0.8278176544179404,0.9510541325234357,0.9668206274659218,0.9999735451862788,0.9656111054490798,0.8989812211610485,0.8997059057591247,0.8744924683073179,0.8317405132252997,0.8721336035318703,0.9407187524337495,0.9363007383034648,0.774666918959855,0.7075962925684764,0.8277516992308217,0.5365298739756565,0.875323424180082,0.019735406341870095,0.24546940043988885,0.8765797124611058,-0.03828326665730627,-0.009094412826355166,0.07520733323423119,0.08204240847106871,-0.07824320213972386,-0.00951002049350773
0010,0.7476438735285595,0.6433267154105946,0.5705155909088305,0.5144797397475447,0.9156461890388331,0.9503092212009906,1.0,0.7482335979663921,0.9177301254329517,0.929728364554863,0.9386765381593485,0.8774602736713646,0.8406877344609237,0.7954240652709076,0.7187191655918842,0.875762487771383,0.9177168571890862,0.9502141843563109,0.915530131008205,0.8576723696904728,0.8532414758694623,0.8156654656493145,0.8163001321862862,0.767470768062799,0.8406288425686133,0.8431378100998913,0.68412416157881,0.6116588352448539,0.7186184483938931,0.4618014923812854,0.8226637416298879,0.012770625435447226,0.2393898293276738,0.8230789802616973,-0.02821326117727473,-0.016175074946428447,0.05734489738810916,0.0694761266046122,-0.0601258415421406,-0.014972644820195403
0011,0.7240527728774936,0.6231111361902101,0.5529782196885178,0.4985730492646086,0.8884943459195497,0.9175848381099524,0.7482335979663921,1.0,0.8884790076230762,0.8304664893751824,0.805234739136031,0.8023466151696249,0.9312970354601775,0.8405523678977924,0.8463769637328606,0.9084534957404835,0.8885016569575097,0.9176508872788167,0.8887202967274658,0.8205842157512745,0.8278099247779821,0.822066082805384,0.7301302619726858,0.8785237757530575,0.9313105998174896,0.9186940902624927,0.7772855595546464,0.7268113497577272,0.8463644880660032,0.5535777117194159,0.8148970908449329,0.025716020770277567,0.2174997562947223,0.8170379519324676,-0.04551368323335354,0.0011905057749115803,0.08681951029475847,0.08596115525616303,-0.08986577033669009,-0.0012246325290713078
01,0.7883890634292442,0.6692584244324377,0.5964632847191498,0.5386580741761028,0.9491060812178037,0.9668182394323818,0.9177301254329517,0.8884790076230762,1.0,0.9864432126625079,0.9213746983350333,0.9726836339656961,0.9609576870769149,0.8828122582301665,0.8541892677487378,0.9794427052247983,0.9999971026837287,0.9667860466864211,0.9491293858247272,0.8429117158730488,0.9813569858006382,0.9578175290611598,0.8992474414287571,0.8925660305472415,0.9609136691385065,0.8925781775973091,0.8715703026521812,0.725765963023131,0.8541279128045974,0.5470266708794278,0.8843682975742356,0.018631215365222442,0.25497931679127617,0.8850259204578361,-0.04294306320352125,-0.0004960548123135287,0.08479930205982693,0.07928411483236085,-0.08373292609887344,-0.000448222232275273
010,0.7724353007715314,0.653824214734641,0.5823996030243632,0.5254774542876244,0.9317417260394572,0.9467844093513497,0.929728364554863,0.8304664893751824,0.9864432126625079,1.0,0.9412781477492556,0.9820075309837883,0.9025240917078536,0.825748090066245,0.8064325185745946,0.9486036559277236,0.9864313247342359,0.9467128752716405,0.9316156179680805,0.821718802460138,0.9732821455888203,0.9713794092639164,0.8486745411535196,0.8412003701057417,0.9024625049643364,0.8337881173718676,0.8242100568781333,0.6867170829142218,0.8063570380480233,0.5187637627477205,0.8631486502968632,0.012983121461493573,0.24855678935704298,0.8638179595768456,-0.035274257323125564,-0.0023782463097321497,0.06842552541671677,0.06128749413978426,-0.06712073164947638,-0.001340286353674772
0100,0.7475014758671481,0.642123460118227,0.5705622607340745,0.5153071289158008,0.9074846805831476,0.9403113259634799,0.9386765381593485,0.805234739136031,0.9213746983350333,0.9412781477492556,1.0,0.8605844747767577,0.8307749064599105,0.7771085240278781,0.7212902805292671,0.8776043567877512,0.9213635810834504,0.940296344339433,0.9074422111426858,0.8462469354331414,0.8669289704435709,0.8732786217884694,0.7397381729282738,0.766855613552347,0.8307262439854961,0.7609814976567626,0.766902963263148,0.6191127713804159,0.7211920020642769,0.47139678377956123,0.8231109527243526,0.009972104449356754,0.22159691162311435,0.8251069931544831,-0.028882498404766938,-0.018822832565532306,0.054730614592076406,0.069082019476166,-0.06360319920191089,-0.01875683285794001
0101,0.7471271169543445,0.6271489444307363,0.5594339606077858,0.5044739052275797,0.8979444301970781,0.9022674965907256,0.8774602736713646,0.8023466151696249,0.9726836339656961,0.9820075309837883,0.8605844747767577,1.0,0.8967573961736073,0.8109664314478445,0.8130357220044434,0.94006951089762,0.9726715859944431,0.9021685831153489,0.8977787266536666,0.7662079773273297,0.983283147818384,0.9768666369081597,0.8664452894658222,0.839979178821,0.8966908298889102,0.8321107731437616,0.8143434169275694,0.6895643782849107,0.8129764610182467,0.5188167424273882,0.8416667799292519,0.013979375191414246,0.2510613892429185,0.8415546984930694,-0.037023189993094556,0.006912063286280869,0.07240295280970771,0.05366392011676387,-0.06557726550779983,0.008438025117590509
011,0.7664991251820963,0.6538690458126006,0.5832706404222227,0.527555167324102,0.9196360361222805,0.9407474687241365,0.8406877344609237,0.9312970354601775,0.9609576870769149,0.9025240917078536,0.8307749064599105,0.8967573961736073,1.0,0.9243863609616142,0.8818337348418931,0.9707974503491764,0.9609705624167547,0.9407843996301823,0.9199109836888917,0.8264567292658979,0.9342282390725198,0.8756648649040668,0.9288563176125327,0.9238899201109078,0.9999879988568569,0.9364556106741696,0.8974723478711139,0.7466220325392923,0.8817995549288923,0.5607330668627858,0.8654084154911,0.026959855856536593,0.25007210364774696,0.8660016062748956,-0.05318261406731345,0.002645930220645094,0.10700171714756766,0.10461406517964927,-0.10648998732252365,0.0010261940154922364
0110,0.7103218955003989,0.6081290594545327,0.5429950163583894,0.4915536094037447,0.8516295602767596,0.8710421700577008,0.7954240652709076,0.8405523678977924,0.8828122582301665,0.825748090066245,0.7771085240278781,0.8109664314478445,0.9243863609616142,1.0,0.6352762595623835,0.8499949161202344,0.8828278613095297,0.8710905744091756,0.8519033038364587,0.7650011251771771,0.8531432474924001,0.7842565341952541,0.8792585748200352,0.7551297146277245,0.9243751310674984,0.8589519362394791,0.838031452314958,0.5181050246298541,0.6352415973042055,0.3741483276488708,0.7870070562221949,0.02908540299911969,0.24060211466153367,0.7863866253764499,-0.040685247480013245,-0.02343181863729911,0.07496391999486714,0.0913694946166193,-0.0911769411641135,-0.02657838127829011
0111,0.6737439255876713,0.5720509036620205,0.5096406432923871,0.4604335504371362,0.8090819668674093,0.8278176544179404,0.7187191655918842,0.8463769637328606,0.8541892677487378,0.8064325185745946,0.7212902805292671,0.8130357220044434,0.8818337348418931,0.6352762595623835,1.0,0.9146631741722475,0.85419668994532,0.8278339287125803,0.8093017370137129,0.7275047458063832,0.8367543388356963,0.8033512613909441,0.7935850950989525,0.9369482584452844,0.881825010175552,0.8340791538006713,0.7810097113421111,0.8710457557890129,0.9999735274284561,0.6726322638548007,0.7791851201288065,0.018583443314495702,0.20892533440834765,0.7811470368798583,-0.05733184668485338,0.03424631609636318,0.12377685706218085,0.09870133812970887,-0.1027979507156627,0.03486499639053914
1,0.7787243066615672,0.6634072482260114,0.5922462057588898,0.5355436349965341,0.9352148440489688,0.9510541325234357,0.875762487771383,0.9084534957404835,0.9794427052247983,0.9486036559277236,0.8776043567877512,0.94006951089762,0.9707974503491764,0.8499949161202344,0.9146631741722475,1.0,0.9794731890288715,0.951109368426913,0.9353837603087795,0.8264402519564399,0.9580682292540154,0.9254099701802531,0.8973842794267565,0.9651753104200289,0.9708502116749048,0.9078369387275391,0.8729893725556334,0.8435152336469127,0.9147887397388506,0.6857197713174715,0.8833488617432778,0.030015296296735768,0.24006214242650134,0.8852921275104595,-0.058167464755539425,0.04761181282069092,0.1289432799526359,0.07801682436267307,-0.10368391532370097,0.04450706798129013
10,0.7883728597914266,0.6692395535856939,0.5964423727601178,0.5386336830397102,0.9491298466399506,0.9668206274659218,0.9177168571890862,0.8885016569575097,0.9999971026837287,0.9864313247342359,0.9213635810834504,0.9726715859944431,0.9609705624167547,0.8828278613095297,0.85419668994532,0.9794731890288715,1.0,0.9667998906016424,0.9491690380358384,0.8428796542746727,0.9813512434568706,0.9578083924458989,0.8992494772842118,0.892631005341491,0.9609352503495783,0.8926111836979239,0.8715734598121407,0.725861009937736,0.8541444836765905,0.5471598781735985,0.8843653168798982,0.019759168821016942,0.2549533800264052,0.885025216215138,-0.0431590861292405,-0.00010326545679050858,0.08512220518823399,0.07962949008060277,-0.08391771926721206,-8.348785529687439e-05
100,0.7875734397573735,0.6776732773394893,0.601120937023638,0.5420068491105401,0.9655358305420385,0.9999735451862788,0.9502141843563109,0.9176508872788167,0.9667860466864211,0.9467128752716405,0.940296344339433,0.9021685831153489,0.9407843996301823,0.8710905744091756,0.8278339287125803,0.951109368426913,0.9667998906016424,1.0,0.965645397921342,0.8989894144489374,0.8996512767141718,0.8744238444771494,0.8317216767699485,0.8722851515026059,0.9407725136300118,0.9363567364387814,0.7747088749408089,0.7078148566945447,0.8277860242515831,0.5368384644469693,0.8752171144335427,0.023199926355324037,0.24471157413340613,0.8765372388515521,-0.0391934092351806,-0.009159520488996127,0.07586449706261007,0.08360385346782453,-0.07978659791538542,-0.00983985486947193
1000,0.7817539849067233,0.6756391309056423,0.6035591619243507,0.5412972689348281,0.9999306153587887,0.9656111054490798,0.915530131008205,0.8887202967274658,0.9491293858247272,0.9316156179680805,0.9074422111426858,0.8977787266536666,0.9199109836888917,0.8519033038364587,0.8093017370137129,0.9353837603087795,0.9491690380358384,0.965645397921342,1.0,0.7542940362678948,0.8953773597971021,0.8731448815470844,0.8219835462976014,0.8600079533624563,0.9199344424498477,0.9047394281019537,0.7712343126528072,0.7044009425950183,0.809301184043011,0.543551750302435,0.8661258359849967,0.03596577008002809,0.24449496113031627,0.8672286956201679,-0.0324969153166938,0.002291702829883049,0.06176602135295806,0.06326481725691688,-0.05778898333464423,0.0028915903568431348
1001,0.6722416344028047,0.5734289849310042,0.5015054050079373,0.4570911946065966,0.7541330933967887,0.8989812211610485,0.8576723696904728,0.8205842157512745,0.8429117158730488,0.821718802460138,0.8462469354331414,0.7662079773273297,0.8264567292658979,0.7650011251771771,0.7275047458063832,0.8264402519564399,0.8428796542746727,0.8989894144489374,0.7542940362678948,1.0,0.7638904335211234,0.7376299282976378,0.7159534368435765,0.7542915549258121,0.8263865440573803,0.8408437923478954,0.6574441105159445,0.6009738418366503,0.727383408843163,0.4400486038212149,0.7514582564130644,-0.002053122353767887,0.2062364355589839,0.7529314671590014,-0.04420922130559127,-0.027086641432542403,0.08732825877213747,0.10448133258288751,-0.10405956614334111,-0.029805020905776133
101,0.754599607937423,0.6337211412541103,0.5669259482873931,0.5126213239254634,0.8953918901776219,0.8997059057591247,0.8532414758694623,0.8278099247779821,0.9813569858006382,0.9732821455888203,0.8669289704435709,0.983283147818384,0.9342282390725198,0.8531432474924001,0.8367543388356963,0.9580682292540154,0.9813512434568706,0.8996512767141718,0.8953773597971021,0.7638904335211234,1.0,0.9787550732301811,0.9108113921635905,0.8689661182662018,0.9341761269510584,0.8207667337828025,0.9064022150290586,0.7077249746959913,0.8367007379482725,0.530991882875336,0.8526765261537009,0.016277783486432783,0.2515872469723927,0.8528066707936381,-0.04422746713189978,0.006682269456399473,0.08819187351149974,0.07303096951538993,-0.08327631466303975,0.0072271451778422435
1010,0.7314201105933056,0.6123842572238403,0.547148347352178,0.4938653246187448,0.8732926961163436,0.8744924683073179,0.8156654656493145,0.822066082805384,0.9578175290611598,0.9713794092639164,0.8732786217884694,0.9768666369081597,0.8756648649040668,0.7842565341952541,0.8033512613909441,0.9254099701802531,0.9578083924458989,0.8744238444771494,0.8731448815470844,0.7376299282976378,0.9787550732301811,1.0,0.8068193390421886,0.8264853302041402,0.8756075504076088,0.766129915042441,0.8535750589303736,0.6842364712926465,0.8032992642076532,0.5169876462511778,0.8255101611502897,0.011887558823765267,0.2367781437339873,0.826235056129281,-0.03684692838460945,0.007439383397517875,0.0702738286389676,0.050601050657373546,-0.06556177359434005,0.008446500008158542
1011,0.7016935641566691,0.5930576390124909,0.5319380971376308,0.4827430360341542,0.8217272075881181,0.8317405132252997,0.8163001321862862,0.7301302619726858,0.8992474414287571,0.8486745411535196,0.7397381729282738,0.8664452894658222,0.9288563176125327,0.8792585748200352,0.7935850950989525,0.8973842794267565,0.8992494772842118,0.8317216767699485,0.8219835462976014,0.7159534368435765,0.9108113921635905,0.8068193390421886,1.0,0.8398079757537285,0.928821383847553,0.8224622415108878,0.8931520632374497,0.6615926449034457,0.7935350521027104,0.48907232707602166,0.7948516078863282,0.02292602335113144,0.24821821131786465,0.7937658617149829,-0.05323443992114516,0.004243929835372557,0.11256671363402183,0.10851632492916348,-0.10792277739279864,0.0037892650581246973
11,0.7183575586754022,0.6150849579411167,0.5504233163330494,0.49864201446987305,0.8596796911276352,0.8721336035318703,0.767470768062799,0.8785237757530575,0.8925660305472415,0.8412003701057417,0.766855613552347,0.839979178821,0.9238899201109078,0.7551297146277245,0.9369482584452844,0.9651753104200289,0.892631005341491,0.8722851515026059,0.8600079533624563,0.7542915549258121,0.8689661182662018,0.8264853302041402,0.8398079757537285,1.0,0.9240544785003467,0.8718111583270975,0.8211711144699748,0.9443546776269024,0.9372976627823207,0.8233668158705969,0.8277493469374877,0.04144539408993584,0.2060412792427576,0.8312338125800252,-0.07403772504134544,0.10656151056644528,0.17771008296257737,0.07099347110937665,-0.12288596863147493,0.09959292752518659
110,0.7664502815043884,0.6538223566580317,0.583223751739276,0.5275056593308618,0.9196366138696892,0.9407187524337495,0.8406288425686133,0.9313105998174896,0.9609136691385065,0.9024625049643364,0.8307262439854961,0.8966908298889102,0.9999879988568569,0.9243751310674984,0.881825010175552,0.9708502116749048,0.9609352503495783,0.9407725136300118,0.9199344424498477,0.8263865440573803,0.9341761269510584,0.8756075504076088,0.928821383847553,0.9240544785003467,1.0,0.9364837995823505,0.897461553037887,0.74689948844039,0.8818161183815169,0.561142128608622,0.865387750806287,0.028495627294070756,0.24993227105195764,0.8659928053495625,-0.05355674400082535,0.0035090475852390343,0.10775194674381577,0.10509843884739167,-0.10686154664311076,0.0018326234188769453
1100,0.730327702105932,0.6295297641914392,0.5574185423143116,0.5017298565814646,0.9045007828993481,0.9363007383034648,0.8431378100998913,0.9186940902624927,0.8925781775973091,0.8337881173718676,0.7609814976567626,0.8321107731437616,0.9364556106741696,0.8589519362394791,0.8340791538006713,0.9078369387275391,0.8926111836979239,0.9363567364387814,0.9047394281019537,0.8408437923478954,0.8207667337828025,0.766129915042441,0.8224622415108878,0.8718111583270975,0.9364837995823505,1.0,0.6857632814854573,0.7106818351516653,0.8340898713635188,0.5371188571800453,0.8194013940095375,0.032748064090018715,0.2379037422275345,0.8198604486496325,-0.044747159933997,0.001789173729806644,0.08794233719886208,0.08763294105846023,-0.08633165336117513,0.00044201445106873246
1101,0.6720757349981519,0.5651166189781371,0.5093002325777852,0.46370957374669614,0.770915216051792,0.774666918959855,0.68412416157881,0.7772855595546464,0.8715703026521812,0.8242100568781333,0.766902963263148,0.8143434169275694,0.8974723478711139,0.838031452314958,0.7810097113421111,0.8729893725556334,0.8715734598121407,0.7747088749408089,0.7712343126528072,0.6574441105159445,0.9064022150290586,0.8535750589303736,0.8931520632374497,0.8211711144699748,0.897461553037887,0.6857632814854573,1.0,0.656162052340489,0.7809772384854962,0.488935961721477,0.7653651376874453,0.017912669246125945,0.21948409743479835,0.7660421244660357,-0.054840106340664906,0.004995795374803659,0.1129047477678753,0.10780646224019547,-0.11313573756159023,0.0032154512336345486
111,0.590082747665201,0.5073586299461939,0.4556312701740212,0.41350289198534784,0.7040849101156595,0.7075962925684764,0.6116588352448539,0.7268113497577272,0.725765963023131,0.6867170829142218,0.6191127713804159,0.6895643782849107,0.7466220325392923,0.5181050246298541,0.8710457557890129,0.8435152336469127,0.725861009937736,0.7078148566945447,0.7044009425950183,0.6009738418366503,0.7077249746959913,0.6842364712926465,0.6615926449034457,0.9443546776269024,0.74689948844039,0.7106818351516653,0.656162052340489,1.0,0.871662981777284,0.9493649796553351,0.6952292175577689,0.04754305843725329,0.14341203467725658,0.7007643358889898,-0.08266847236977408,0.18229845981482942,0.21621253021341916,0.03290837515245672,-0.12172071844866114,0.17161682438783235
1110,0.6737153459055024,0.5720335839896794,0.5096306514381074,0.4604253336006899,0.8090572386706824,0.8277516992308217,0.7186184483938931,0.8463644880660032,0.8541279128045974,0.8063570380480233,0.7211920020642769,0.8129764610182467,0.8817995549288923,0.6352415973042055,0.9999735274284561,0.9147887397388506,0.8541444836765905,0.8277860242515831,0.809301184043011,0.727383408843163,0.8367007379482725,0.8032992642076532,0.7935350521027104,0.9372976627823207,0.8818161183815169,0.8340898713635188,0.7809772384854962,0.871662981777284,1.0,0.6735489434319974,0.7792015271673304,0.020148130802846335,0.20869418703125706,0.781184343167046,-0.05777399189895621,0.03566091825267985,0.1246877539027116,0.09873440685347055,-0.10317835182813888,0.03616660867679681
1111,0.4580699350761141,0.3984966039257866,0.3604895984923277,0.3284970309095641,0.5432305193467764,0.5365298739756565,0.4618014923812854,0.5535777117194159,0.5470266708794278,0.5187637627477205,0.47139678377956123,0.5188167424273882,0.5607330668627858,0.3741483276488708,0.6726322638548007,0.6857197713174715,0.5471598781735985,0.5368384644469693,0.543551750302435,0.4400486038212149,0.530991882875336,0.5169876462511778,0.48907232707602166,0.8233668158705969,0.561142128608622,0.5371188571800453,0.488935961721477,0.9493649796553351,0.6735489434319974,1.0,0.5490183517669873,0.058768538821093216,0.08256052951794382,0.5560904973600203,-0.08761489801569262,0.25205109684115007,0.2459715733995656,-0.013796374940309665,-0.1173540807454931,0.23560804418114484
chunk_byte_size,0.981935407829126,0.9357528513998209,0.8984800480302356,0.8650659456025163,0.8663224961505568,0.875323424180082,0.8226637416298879,0.8148970908449329,0.8843682975742356,0.8631486502968632,0.8231109527243526,0.8416667799292519,0.8654084154911,0.7870070562221949,0.7791851201288065,0.8833488617432778,0.8843653168798982,0.8752171144335427,0.8661258359849967,0.7514582564130644,0.8526765261537009,0.8255101611502897,0.7948516078863282,0.8277493469374877,0.865387750806287,0.8194013940095375,0.7653651376874453,0.6952292175577689,0.7792015271673304,0.5490183517669873,1.0,0.03261095209060469,0.33583449245978714,0.9965441900317619,0.08431743643341442,-0.04770129129968118,-0.008586440491986808,-0.047839284321037005,0.04428741137805009,-0.03620911267124913
chunk_number_in_heap,0.03149794671319515,0.03278104461527341,0.0329705059388549,0.031954212352891954,0.02978757795460414,0.019735406341870095,0.012770625435447226,0.025716020770277567,0.018631215365222442,0.012983121461493573,0.009972104449356754,0.013979375191414246,0.026959855856536593,0.02908540299911969,0.018583443314495702,0.030015296296735768,0.019759168821016942,0.023199926355324037,0.03596577008002809,-0.002053122353767887,0.016277783486432783,0.011887558823765267,0.02292602335113144,0.04144539408993584,0.028495627294070756,0.032748064090018715,0.017912669246125945,0.04754305843725329,0.020148130802846335,0.058768538821093216,0.03261095209060469,1.0,0.026156430168504816,0.03113135424243887,0.04559731945578158,0.009883318011138571,0.02211222211369469,0.09953284097153259,0.05720245828730959,0.025842409070873533
chunk_ptrs,0.35256701938279505,0.353673761010822,0.3511201711014784,0.34682448088235246,0.24627389526877072,0.24546940043988885,0.2393898293276738,0.2174997562947223,0.25497931679127617,0.24855678935704298,0.22159691162311435,0.2510613892429185,0.25007210364774696,0.24060211466153367,0.20892533440834765,0.24006214242650134,0.2549533800264052,0.24471157413340613,0.24449496113031627,0.2062364355589839,0.2515872469723927,0.2367781437339873,0.24821821131786465,0.2060412792427576,0.24993227105195764,0.2379037422275345,0.21948409743479835,0.14341203467725658,0.20869418703125706,0.08256052951794382,0.33583449245978714,0.026156430168504816,1.0,0.2564919386015768,-0.022985746499139127,0.04721097717264416,0.1308314780482471,0.1271330185047133,-0.0077377424312025395,0.1031652219680112
chunk_vns,0.9765428173146965,0.9290545917311097,0.8910322663947289,0.857122827809038,0.8672742585836248,0.8765797124611058,0.8230789802616973,0.8170379519324676,0.8850259204578361,0.8638179595768456,0.8251069931544831,0.8415546984930694,0.8660016062748956,0.7863866253764499,0.7811470368798583,0.8852921275104595,0.885025216215138,0.8765372388515521,0.8672286956201679,0.7529314671590014,0.8528066707936381,0.826235056129281,0.7937658617149829,0.8312338125800252,0.8659928053495625,0.8198604486496325,0.7660421244660357,0.7007643358889898,0.781184343167046,0.5560904973600203,0.9965441900317619,0.03113135424243887,0.2564919386015768,1.0,0.08843174669037555,-0.05299708086549332,-0.020298715281612166,-0.06025849697995379,0.0460855759651346,-0.04612917835774982
kurt,0.1361916186648747,0.17664112219881192,0.19714493158424706,0.21088213188973187,-0.03128480866428287,-0.03828326665730627,-0.02821326117727473,-0.04551368323335354,-0.04294306320352125,-0.035274257323125564,-0.028882498404766938,-0.037023189993094556,-0.05318261406731345,-0.040685247480013245,-0.05733184668485338,-0.058167464755539425,-0.0431590861292405,-0.0391934092351806,-0.0324969153166938,-0.04420922130559127,-0.04422746713189978,-0.03684692838460945,-0.05323443992114516,-0.07403772504134544,-0.05355674400082535,-0.044747159933997,-0.054840106340664906,-0.08266847236977408,-0.05777399189895621,-0.08761489801569262,0.08431743643341442,0.04559731945578158,-0.022985746499139127,0.08843174669037555,1.0,-0.6253157111237825,-0.6359271676004419,-0.5831205586909783,0.8439912550919756,-0.5548738064931968
mad,-0.08292543812627974,-0.10000396985197109,-0.10743170636624616,-0.11359617353767537,0.0033733957615181913,-0.009094412826355166,-0.016175074946428447,0.0011905057749115803,-0.0004960548123135287,-0.0023782463097321497,-0.018822832565532306,0.006912063286280869,0.002645930220645094,-0.02343181863729911,0.03424631609636318,0.04761181282069092,-0.00010326545679050858,-0.009159520488996127,0.002291702829883049,-0.027086641432542403,0.006682269456399473,0.007439383397517875,0.004243929835372557,0.10656151056644528,0.0035090475852390343,0.001789173729806644,0.004995795374803659,0.18229845981482942,0.03566091825267985,0.25205109684115007,-0.04770129129968118,0.009883318011138571,0.04721097717264416,-0.05299708086549332,-0.6253157111237825,1.0,0.7520029095387154,0.2707664544258771,-0.4572121823024142,0.9774385552652103
mean,-0.06349527187880553,-0.1006449829167898,-0.11948470245632825,-0.13170301797246844,0.060745886386124326,0.07520733323423119,0.05734489738810916,0.08681951029475847,0.08479930205982693,0.06842552541671677,0.054730614592076406,0.07240295280970771,0.10700171714756766,0.07496391999486714,0.12377685706218085,0.1289432799526359,0.08512220518823399,0.07586449706261007,0.06176602135295806,0.08732825877213747,0.08819187351149974,0.0702738286389676,0.11256671363402183,0.17771008296257737,0.10775194674381577,0.08794233719886208,0.1129047477678753,0.21621253021341916,0.1246877539027116,0.2459715733995656,-0.008586440491986808,0.02211222211369469,0.1308314780482471,-0.020298715281612166,-0.6359271676004419,0.7520029095387154,1.0,0.6911556528785742,-0.7623766556020662,0.7134319158808637
shannon_entropy,-0.09548802403790378,-0.13774132972330652,-0.16075162007631733,-0.17518478205011392,0.059973372400743026,0.08204240847106871,0.0694761266046122,0.08596115525616303,0.07928411483236085,0.06128749413978426,0.069082019476166,0.05366392011676387,0.10461406517964927,0.0913694946166193,0.09870133812970887,0.07801682436267307,0.07962949008060277,0.08360385346782453,0.06326481725691688,0.10448133258288751,0.07303096951538993,0.050601050657373546,0.10851632492916348,0.07099347110937665,0.10509843884739167,0.08763294105846023,0.10780646224019547,0.03290837515245672,0.09873440685347055,-0.013796374940309665,-0.047839284321037005,0.09953284097153259,0.1271330185047133,-0.06025849697995379,-0.5831205586909783,0.2707664544258771,0.6911556528785742,1.0,-0.7376891454888825,0.24658300095457236
skew,0.10107905280567582,0.14576332722254803,0.16897502909888795,0.18338456605689082,-0.05479669402505876,-0.07824320213972386,-0.0601258415421406,-0.08986577033669009,-0.08373292609887344,-0.06712073164947638,-0.06360319920191089,-0.06557726550779983,-0.10648998732252365,-0.0911769411641135,-0.1027979507156627,-0.10368391532370097,-0.08391771926721206,-0.07978659791538542,-0.05778898333464423,-0.10405956614334111,-0.08327631466303975,-0.06556177359434005,-0.10792277739279864,-0.12288596863147493,-0.10686154664311076,-0.08633165336117513,-0.11313573756159023,-0.12172071844866114,-0.10317835182813888,-0.1173540807454931,0.04428741137805009,0.05720245828730959,-0.0077377424312025395,0.0460855759651346,0.8439912550919756,-0.4572121823024142,-0.7623766556020662,-0.7376891454888825,1.0,-0.35296531406408327
std_dev,-0.0662846603972085,-0.07991856021641794,-0.0855465750043368,-0.09062457225593006,0.004514660197992154,-0.00951002049350773,-0.014972644820195403,-0.0012246325290713078,-0.000448222232275273,-0.001340286353674772,-0.01875683285794001,0.008438025117590509,0.0010261940154922364,-0.02657838127829011,0.03486499639053914,0.04450706798129013,-8.348785529687439e-05,-0.00983985486947193,0.0028915903568431348,-0.029805020905776133,0.0072271451778422435,0.008446500008158542,0.0037892650581246973,0.09959292752518659,0.0018326234188769453,0.00044201445106873246,0.0032154512336345486,0.17161682438783235,0.03616660867679681,0.23560804418114484,-0.03620911267124913,0.025842409070873533,0.1031652219680112,-0.04612917835774982,-0.5548738064931968,0.9774385552652103,0.7134319158808637,0.24658300095457236,-0.35296531406408327,1.0
