,byte_0,byte_1,byte_10,byte_11,byte_12,byte_13,byte_14,byte_15,byte_16,byte_17,byte_18,byte_19,byte_2,byte_20,byte_21,byte_22,byte_23,byte_24,byte_25,byte_26,byte_27,byte_28,byte_29,byte_3,byte_30,byte_31,byte_4,byte_5,byte_6,byte_7,byte_8,byte_9,chunk_byte_size,chunk_number_in_heap,chunk_ptrs,chunk_vns
byte_0,1.0,0.43420192504146354,0.3725792832074964,0.2223016965040276,-0.15857385647485314,0.030620029878693344,-0.029694413035555974,0.38821731288967465,0.3195902421739273,-0.03671792555983982,-0.049309890213962766,-0.007113847293326687,0.033571325962336585,-0.15533699039250365,-0.038898276396703006,0.05263169456407058,-0.05299315820942283,0.008224695770275587,0.3103851587787964,0.2679653839405456,0.38646103116788694,-0.10755706259885205,0.007627631368100748,-0.038397199696449016,0.1672675671065302,0.10717756766836883,0.061398593024982955,0.3994464108266277,-0.19043713669627177,0.12422518026369227,0.46863473846804404,-0.024770204743782553,-0.06572792535494354,-0.013021719642141225,-0.3066288755317243,-0.061498945959070975
byte_1,0.43420192504146354,1.0,0.3540758391547881,0.04442915593045387,0.0026205309166076815,-0.14622899148325294,0.032355958233885616,-0.03857456593340894,0.03183032031140302,0.14762708366400598,-0.08691314803761487,0.003339002980537773,0.24062289405229115,-0.23543909505034855,-0.08085517995826492,-0.15645287788787562,-0.27853456739193483,-0.0512126737967245,0.17285133000861078,0.3020813503130687,0.37425405178101,-0.09399783666232221,-0.25601442309241274,0.02438998977648293,0.004383498081413289,-0.059376656927348156,-0.027199641590513062,0.062269564770772334,-0.20229142218673912,0.1182376107261713,0.45484411624908155,-0.014412532961502118,-0.06948991706707705,0.013582072539997159,-0.30500566609593766,-0.06533113563548086
byte_10,0.3725792832074964,0.3540758391547881,1.0,-0.019289306418201493,0.011750865471500593,-0.09928858066006808,0.0880981820934754,0.0475139095024918,0.05287808190896328,-0.31084092300524824,-0.18090940079343726,-0.2532712877986601,0.36760148234186846,-0.293999028172235,-0.20320511763059365,0.011294632754047197,-0.1488523895853647,0.38975293052609566,0.385045073656381,0.3290357426053627,0.4684728252174996,-0.11363748847849167,-0.22407109821248458,-0.28154992090881464,0.05295352768426699,-0.1961781491183544,0.16114798835227384,0.032653247751979884,0.09173840850347814,-0.17150895385935386,0.21174009711557473,-0.046828574904944235,-0.04815198030738265,-0.020119054698118137,-0.22376087079226267,-0.04510991060970413
byte_11,0.2223016965040276,0.04442915593045387,-0.019289306418201493,1.0,0.13412404885100346,0.39322887292229275,0.20896511765195236,0.5000859384412335,0.33732176659111596,0.26793148145640255,0.25315177407731204,0.39342828044126826,0.15001298536283172,0.3041109880604731,0.3327290501656517,0.24114486125578805,0.3254570004276262,0.0664186436309308,0.02149868520816375,-0.013273541653493395,-0.1913052479374276,0.020979028137261987,0.27810775783694924,0.2862711839805327,0.19837698836482756,0.24514357670819864,0.28978896293267,0.4947168333762846,0.06986702565793418,0.41558198213850517,0.09105935708230108,0.34304569040905136,-0.06262291612670953,0.08505869552438393,-0.22427340954172903,-0.05958364269305425
byte_12,-0.15857385647485314,0.0026205309166076815,0.011750865471500593,0.13412404885100346,1.0,0.23840824862839238,0.25735739761772,0.057460327260406785,-0.04062474910572114,0.30951947713462186,0.21786501851481208,0.4024503647755763,0.2665978521974979,0.18801261861445515,0.32345368928452334,0.31725054427165794,0.18440760049410282,0.10038133462267405,-0.07367397363849197,-0.014576008538316362,0.06876903768216087,0.21314240467040854,0.28852665401454325,0.4325209971478976,0.29043496601010826,0.23190825366171058,0.34065031827522935,0.027084598571271327,0.4294580356558088,0.48717257411923653,0.026063940219120407,0.3779584290601195,-0.023944143021932023,0.08865694471467607,-0.17328716800492558,-0.02147583167791568
byte_13,0.030620029878693344,-0.14622899148325294,-0.09928858066006808,0.39322887292229275,0.23840824862839238,1.0,0.30643338929822117,0.3953308707892789,0.35626656464768386,0.517692793174094,0.4128576353663975,0.3384634067519301,0.13004130854793688,0.5210169769105336,0.5010579333814164,0.5002336789412892,0.6012438018356706,0.06471238562962837,-0.09013928455529398,-0.08870704166926684,-0.1490395762353805,0.40711932820143165,0.47232625994784744,0.4281167422531158,0.35756518099721085,0.37106238511352513,0.4930027264817786,0.34652791535146943,0.3930878318969128,0.33863749826241263,-0.014077460613434933,0.3906607648925922,-0.07952784166949288,0.08296288733555751,-0.21592657200410315,-0.0767091783868789
byte_14,-0.029694413035555974,0.032355958233885616,0.0880981820934754,0.20896511765195236,0.25735739761772,0.30643338929822117,1.0,0.2283664561600653,0.3070691618420235,0.22236476811662334,0.4533354230386874,0.28609447339205124,0.40931247138281807,0.39445653520947,0.40894973539345963,0.24469956523368203,0.25882346926992406,0.12648496596991332,0.049247735672505545,0.007176443465368583,0.016196790728964846,0.485671187980552,0.17412913714066044,0.3038399612817695,0.4872474026188995,0.3865880438034514,0.4095779154155991,0.07190767132491276,0.16411943279452726,0.2816741807336641,0.04589315282684088,0.24227123924350127,-0.04393234593399018,0.033676786714781894,-0.20184536224999147,-0.04118480674881898
byte_15,0.38821731288967465,-0.03857456593340894,0.0475139095024918,0.5000859384412335,0.057460327260406785,0.3953308707892789,0.2283664561600653,1.0,0.4781034722356081,0.11779702676761114,0.21991348916222775,0.31287504935803007,0.10734460316510444,0.2656241172866559,0.2477180702421992,0.38502663564880124,0.3791301204571516,0.12560697457862088,0.24192676872598554,0.06772196397971621,-0.03719848290446404,0.05733448243740777,0.4001137096800501,0.2117034543434364,0.33704813910382037,0.3924080582920014,0.2545264484314323,0.5397520454242329,0.17137526419966606,0.35890853025838915,0.26193614826162764,0.2091983891332751,-0.05537049531054759,0.048463229040884244,-0.2524672593740885,-0.05188240489640178
byte_16,0.3195902421739273,0.03183032031140302,0.05287808190896328,0.33732176659111596,-0.04062474910572114,0.35626656464768386,0.3070691618420235,0.4781034722356081,1.0,0.261603676491569,0.49103730161772835,0.256678367946785,0.06659656697856527,0.4053490340709939,0.2946626940788656,0.18823342589379014,0.3485668461992832,-0.08615210089866307,0.06519159733898804,0.012710621769686556,-0.12263156253346184,0.32096534037704866,0.3761981935400491,0.29694567273378175,0.43736043759793003,0.4971564988343742,0.2518563916314162,0.5541965979856684,0.10737073047262898,0.27792810240786636,0.3969936460122501,0.11359477344873146,-0.15875943759194683,-0.03453137394258404,-0.33611789254369867,-0.1545024124358284
byte_17,-0.03671792555983982,0.14762708366400598,-0.31084092300524824,0.26793148145640255,0.30951947713462186,0.517692793174094,0.22236476811662334,0.11779702676761114,0.261603676491569,1.0,0.4709835326891106,0.3847954742401489,0.051255385908934796,0.40834491744726037,0.4731144842180419,0.25843522506210914,0.35948431957697324,-0.24040291859964466,-0.31924636048813043,-0.05556074553775352,-0.12433100251295509,0.43621999996964655,0.3511143679449425,0.5883819241299318,0.3282290071974427,0.35794434014799253,0.3105185920937562,0.16012596670803939,0.1658618252145839,0.45151860324745646,0.11266813021086769,0.3981030715859375,-0.15034075487745815,0.02053995299965102,-0.28870373667141586,-0.14674352729064197
byte_18,-0.049309890213962766,-0.08691314803761487,-0.18090940079343726,0.25315177407731204,0.21786501851481208,0.4128576353663975,0.4533354230386874,0.21991348916222775,0.49103730161772835,0.4709835326891106,1.0,0.37106846304270524,0.03299240407264967,0.4867558253350487,0.5003094561701245,0.24266149583621166,0.3756878518875434,-0.1730254003270021,-0.24380620846477163,-0.21776999659601928,-0.22260520119207705,0.5974045155624349,0.2593441101264598,0.4219585824989538,0.4131379449083391,0.45444005494581674,0.454759970822969,0.3412366021001875,0.145157720922761,0.3472684409012241,0.07458937981664797,0.21629592754526658,-0.07564605458666675,0.0527916854361108,-0.12794409458144448,-0.07408427062142023
byte_19,-0.007113847293326687,0.003339002980537773,-0.2532712877986601,0.39342828044126826,0.4024503647755763,0.3384634067519301,0.28609447339205124,0.31287504935803007,0.256678367946785,0.3847954742401489,0.37106846304270524,1.0,0.10239810816346516,0.3519223252653989,0.3368944968759852,0.4725548420262613,0.3925991070595648,-0.16461095637168588,-0.11404926899880918,-0.21641544998801332,-0.16232879403005795,0.2545951666047343,0.43611661321589207,0.4286108537615736,0.3112159729398734,0.4582168353039915,0.19870842778534226,0.2645251418398102,0.2445166846147686,0.6132721079998354,0.15097442268593014,0.22044336617727425,-0.02801947977386113,0.12973588199785394,-0.05860214122916323,-0.02725717995984016
byte_2,0.033571325962336585,0.24062289405229115,0.36760148234186846,0.15001298536283172,0.2665978521974979,0.13004130854793688,0.40931247138281807,0.10734460316510444,0.06659656697856527,0.051255385908934796,0.03299240407264967,0.10239810816346516,1.0,0.1402615693042133,0.11257056907491302,0.1267939111330738,0.0746211111185675,0.3756300161092835,0.24719782172007895,0.2685803991029101,0.1893312174078594,0.09880479386360685,0.0846036237500433,0.11550247742188392,0.22788083737309534,0.07919068013308449,0.2608217438967716,-0.029708959455978363,0.3188923474292404,0.15986567921311778,0.17373197457832745,0.31479734449196584,-0.06472347792961036,0.057714201598539704,-0.28095943832481496,-0.06090574929850805
byte_20,-0.15533699039250365,-0.23543909505034855,-0.293999028172235,0.3041109880604731,0.18801261861445515,0.5210169769105336,0.39445653520947,0.2656241172866559,0.4053490340709939,0.40834491744726037,0.4867558253350487,0.3519223252653989,0.1402615693042133,1.0,0.6271975870327062,0.3291060157531283,0.5676876148192566,0.01665901642296478,-0.08366922173841998,-0.0035207799963134813,-0.2228130820792535,0.5310096922812522,0.5338756935789171,0.5258766561316924,0.4589622663367851,0.522215739335869,0.3951802582879377,0.2464144548952268,0.28101959612418087,0.29355830283957596,0.00826352610427634,0.3630649189981083,-0.024129967889944988,0.11219267449591586,-0.012877849851285367,-0.024043011329533254
byte_21,-0.038898276396703006,-0.08085517995826492,-0.20320511763059365,0.3327290501656517,0.32345368928452334,0.5010579333814164,0.40894973539345963,0.2477180702421992,0.2946626940788656,0.4731144842180419,0.5003094561701245,0.3368944968759852,0.11257056907491302,0.6271975870327062,1.0,0.35566408306554964,0.4681042649307605,-0.047291966699497597,-0.12358425304138432,0.06864453817939982,-0.056683791120507435,0.4971583656222919,0.41697030656687545,0.5567052451203046,0.5450412155829721,0.46578598788518794,0.4609579267356335,0.2917818690896188,0.1481272629836129,0.39608650926768135,0.0014375788855969563,0.4410164963341282,-0.04807405534073438,0.1252978907764265,-0.07285369486451009,-0.04718473893574395
byte_22,0.05263169456407058,-0.15645287788787562,0.011294632754047197,0.24114486125578805,0.31725054427165794,0.5002336789412892,0.24469956523368203,0.38502663564880124,0.18823342589379014,0.25843522506210914,0.24266149583621166,0.4725548420262613,0.1267939111330738,0.3291060157531283,0.35566408306554964,1.0,0.6575821283717621,0.17703049536993362,0.10890474829952959,-0.030166111574721405,0.08049382145405552,0.3373854086840508,0.5287968522855714,0.28774864891037577,0.41282357889648147,0.43765679223587944,0.3358564345088829,0.19390905036110012,0.47342921163449075,0.3481063755348485,0.024166387059714717,0.23180161716100592,-0.052505706481090514,0.11365384355565551,-0.08889298117647822,-0.0514314415793765
byte_23,-0.05299315820942283,-0.27853456739193483,-0.1488523895853647,0.3254570004276262,0.18440760049410282,0.6012438018356706,0.25882346926992406,0.3791301204571516,0.3485668461992832,0.35948431957697324,0.3756878518875434,0.3925991070595648,0.0746211111185675,0.5676876148192566,0.4681042649307605,0.6575821283717621,1.0,0.1646008782068977,0.03162830227899428,-0.05569594975487004,-0.1510862188538223,0.45396757116622,0.5912286621779567,0.3809488374501749,0.4254210034375711,0.5319244748993653,0.35445166800190714,0.2710437890946885,0.4332337828365669,0.2694898667515158,-0.031160782983569647,0.28392493400952523,-0.05918299752341959,0.07620051760257764,-0.06186470098689724,-0.05853816059681589
byte_24,0.008224695770275587,-0.0512126737967245,0.38975293052609566,0.0664186436309308,0.10038133462267405,0.06471238562962837,0.12648496596991332,0.12560697457862088,-0.08615210089866307,-0.24040291859964466,-0.1730254003270021,-0.16461095637168588,0.3756300161092835,0.01665901642296478,-0.047291966699497597,0.17703049536993362,0.1646008782068977,1.0,0.5618571401192095,0.42524638108163054,0.33490660895259006,-0.001876550606746436,0.15049221635834498,-0.11035952405722682,0.10874203968006875,0.016469722237512738,0.16000002963390073,-0.10077971669249527,0.29994851142705337,-0.20424515623051184,-0.1318093849102622,0.20557949758428173,0.01606020210612843,0.02383633630106787,-0.07453085077788164,0.017197191218996714
byte_25,0.3103851587787964,0.17285133000861078,0.385045073656381,0.02149868520816375,-0.07367397363849197,-0.09013928455529398,0.049247735672505545,0.24192676872598554,0.06519159733898804,-0.31924636048813043,-0.24380620846477163,-0.11404926899880918,0.24719782172007895,-0.08366922173841998,-0.12358425304138432,0.10890474829952959,0.03162830227899428,0.5618571401192095,1.0,0.5710744132530589,0.48670701787869636,-0.1084406985811144,0.13553080010816446,-0.08059248472825953,0.19073057760601558,0.14939780817068185,-0.02849984559190397,0.04976404438739756,0.08924313425733763,-0.15103414537159734,0.21783244792266235,-0.03183386057281804,0.060715225394092374,0.016153399646549577,0.01847824335467289,0.06069719035360442
byte_26,0.2679653839405456,0.3020813503130687,0.3290357426053627,-0.013273541653493395,-0.014576008538316362,-0.08870704166926684,0.007176443465368583,0.06772196397971621,0.012710621769686556,-0.05556074553775352,-0.21776999659601928,-0.21641544998801332,0.2685803991029101,-0.0035207799963134813,0.06864453817939982,-0.030166111574721405,-0.05569594975487004,0.42524638108163054,0.5710744132530589,1.0,0.5907232284388514,-0.005247275218914202,0.20061808577873338,0.114892271178211,0.33532986939599013,0.15876363178104783,-0.0021680218315545063,-0.031294830681732555,0.0215253102029203,-0.0912699560678597,0.2671667303367429,0.17759971358167373,-0.027021397197440813,0.005051410441282111,-0.07854067955575701,-0.025976221635073318
byte_27,0.38646103116788694,0.37425405178101,0.4684728252174996,-0.1913052479374276,0.06876903768216087,-0.1490395762353805,0.016196790728964846,-0.03719848290446404,-0.12263156253346184,-0.12433100251295509,-0.22260520119207705,-0.16232879403005795,0.1893312174078594,-0.2228130820792535,-0.056683791120507435,0.08049382145405552,-0.1510862188538223,0.33490660895259006,0.48670701787869636,0.5907232284388514,1.0,0.06323963867828888,0.02218179661488845,-0.0337957176972051,0.28517643584264435,0.029915096696534766,0.045779300957561206,-0.14843072492069473,-0.040374937381197046,-0.10678377864037246,0.19515553382933512,0.01568524490749373,-0.005688789314878135,-0.02140023337844069,-0.03439451742193033,-0.005208761658427231
byte_28,-0.10755706259885205,-0.09399783666232221,-0.11363748847849167,0.020979028137261987,0.21314240467040854,0.40711932820143165,0.485671187980552,0.05733448243740777,0.32096534037704866,0.43621999996964655,0.5974045155624349,0.2545951666047343,0.09880479386360685,0.5310096922812522,0.4971583656222919,0.3373854086840508,0.45396757116622,-0.001876550606746436,-0.1084406985811144,-0.005247275218914202,0.06323963867828888,1.0,0.3697009368911194,0.4300884809300214,0.5607731453664091,0.5347616242931955,0.43090737156487136,0.04401028295255146,0.2089094950436289,0.1807062727259932,0.009485925951080146,0.21218641962600635,-0.06338990678322962,0.07287294424619041,-0.05665115367096627,-0.06284431473948014
byte_29,0.007627631368100748,-0.25601442309241274,-0.22407109821248458,0.27810775783694924,0.28852665401454325,0.47232625994784744,0.17412913714066044,0.4001137096800501,0.3761981935400491,0.3511143679449425,0.2593441101264598,0.43611661321589207,0.0846036237500433,0.5338756935789171,0.41697030656687545,0.5287968522855714,0.5912286621779567,0.15049221635834498,0.13553080010816446,0.20061808577873338,0.02218179661488845,0.3697009368911194,1.0,0.5410081690768027,0.5672403535092732,0.6247001998729114,0.23400991975720356,0.28725372592340764,0.46504762995516996,0.40996662657783306,0.15481883145961184,0.37429714856035157,-0.07283807422819011,0.06244471936844863,-0.10197807022828484,-0.0716227316257415
byte_3,-0.038397199696449016,0.02438998977648293,-0.28154992090881464,0.2862711839805327,0.4325209971478976,0.4281167422531158,0.3038399612817695,0.2117034543434364,0.29694567273378175,0.5883819241299318,0.4219585824989538,0.4286108537615736,0.11550247742188392,0.5258766561316924,0.5567052451203046,0.28774864891037577,0.3809488374501749,-0.11035952405722682,-0.08059248472825953,0.114892271178211,-0.0337957176972051,0.4300884809300214,0.5410081690768027,1.0,0.497586742932335,0.5620706344572857,0.3301463720253606,0.27205536073625985,0.30325093081580623,0.5307462644347226,0.2291362835315036,0.39769461627943187,-0.01927261182458353,0.08011953816027446,-0.13657296009312384,-0.01732520467511324
byte_30,0.1672675671065302,0.004383498081413289,0.05295352768426699,0.19837698836482756,0.29043496601010826,0.35756518099721085,0.4872474026188995,0.33704813910382037,0.43736043759793003,0.3282290071974427,0.4131379449083391,0.3112159729398734,0.22788083737309534,0.4589622663367851,0.5450412155829721,0.41282357889648147,0.4254210034375711,0.10874203968006875,0.19073057760601558,0.33532986939599013,0.28517643584264435,0.5607731453664091,0.5672403535092732,0.497586742932335,1.0,0.6618553722806731,0.38933851877429465,0.23532290798434546,0.2235241948657022,0.3781075058754645,0.25973619857591046,0.3247391352284458,-0.1116748929345315,0.027294015418115766,-0.202456442832956,-0.10915876102642769
byte_31,0.10717756766836883,-0.059376656927348156,-0.1961781491183544,0.24514357670819864,0.23190825366171058,0.37106238511352513,0.3865880438034514,0.3924080582920014,0.4971564988343742,0.35794434014799253,0.45444005494581674,0.4582168353039915,0.07919068013308449,0.522215739335869,0.46578598788518794,0.43765679223587944,0.5319244748993653,0.016469722237512738,0.14939780817068185,0.15876363178104783,0.029915096696534766,0.5347616242931955,0.6247001998729114,0.5620706344572857,0.6618553722806731,1.0,0.24246826611697928,0.31373927244435584,0.23451633711214168,0.4059444485218885,0.29941283810788744,0.23200422096664364,-0.06170580970636492,0.08635616137900502,-0.16892178037788105,-0.05947177554999376
byte_4,0.061398593024982955,-0.027199641590513062,0.16114798835227384,0.28978896293267,0.34065031827522935,0.4930027264817786,0.4095779154155991,0.2545264484314323,0.2518563916314162,0.3105185920937562,0.454759970822969,0.19870842778534226,0.2608217438967716,0.3951802582879377,0.4609579267356335,0.3358564345088829,0.35445166800190714,0.16000002963390073,-0.02849984559190397,-0.0021680218315545063,0.045779300957561206,0.43090737156487136,0.23400991975720356,0.3301463720253606,0.38933851877429465,0.24246826611697928,1.0,0.26436426317141515,0.30365401752308013,0.27834962603834207,0.0017552164000198514,0.40992033891359786,-0.05921277872576364,0.1086340272071899,-0.20967687561841963,-0.05638833300123855
byte_5,0.3994464108266277,0.062269564770772334,0.032653247751979884,0.4947168333762846,0.027084598571271327,0.34652791535146943,0.07190767132491276,0.5397520454242329,0.5541965979856684,0.16012596670803939,0.3412366021001875,0.2645251418398102,-0.029708959455978363,0.2464144548952268,0.2917818690896188,0.19390905036110012,0.2710437890946885,-0.10077971669249527,0.04976404438739756,-0.031294830681732555,-0.14843072492069473,0.04401028295255146,0.28725372592340764,0.27205536073625985,0.23532290798434546,0.31373927244435584,0.26436426317141515,1.0,0.0913201912917412,0.39586940875240406,0.3421771990291633,0.13582382248178912,-0.04537318080434063,0.045909746186713236,-0.2106122357015761,-0.04244582008515113
byte_6,-0.19043713669627177,-0.20229142218673912,0.09173840850347814,0.06986702565793418,0.4294580356558088,0.3930878318969128,0.16411943279452726,0.17137526419966606,0.10737073047262898,0.1658618252145839,0.145157720922761,0.2445166846147686,0.3188923474292404,0.28101959612418087,0.1481272629836129,0.47342921163449075,0.4332337828365669,0.29994851142705337,0.08924313425733763,0.0215253102029203,-0.040374937381197046,0.2089094950436289,0.46504762995516996,0.30325093081580623,0.2235241948657022,0.23451633711214168,0.30365401752308013,0.0913201912917412,1.0,0.2553208768845087,0.07077572345868548,0.3168987402887407,-0.053561192196879354,0.08889461086876672,-0.16125697993468854,-0.05143120048380672
byte_7,0.12422518026369227,0.1182376107261713,-0.17150895385935386,0.41558198213850517,0.48717257411923653,0.33863749826241263,0.2816741807336641,0.35890853025838915,0.27792810240786636,0.45151860324745646,0.3472684409012241,0.6132721079998354,0.15986567921311778,0.29355830283957596,0.39608650926768135,0.3481063755348485,0.2694898667515158,-0.20424515623051184,-0.15103414537159734,-0.0912699560678597,-0.10678377864037246,0.1807062727259932,0.40996662657783306,0.5307462644347226,0.3781075058754645,0.4059444485218885,0.27834962603834207,0.39586940875240406,0.2553208768845087,1.0,0.3030448815728222,0.33811015233043895,-0.05709648979151912,0.09511918167255255,-0.25287694292728286,-0.05359161722933373
byte_8,0.46863473846804404,0.45484411624908155,0.21174009711557473,0.09105935708230108,0.026063940219120407,-0.014077460613434933,0.04589315282684088,0.26193614826162764,0.3969936460122501,0.11266813021086769,0.07458937981664797,0.15097442268593014,0.17373197457832745,0.00826352610427634,0.0014375788855969563,0.024166387059714717,-0.031160782983569647,-0.1318093849102622,0.21783244792266235,0.2671667303367429,0.19515553382933512,0.009485925951080146,0.15481883145961184,0.2291362835315036,0.25973619857591046,0.29941283810788744,0.0017552164000198514,0.3421771990291633,0.07077572345868548,0.3030448815728222,1.0,0.014345576867650188,-0.0753920674082861,0.004716319868455058,-0.3401903532097855,-0.07071044287153655
byte_9,-0.024770204743782553,-0.014412532961502118,-0.046828574904944235,0.34304569040905136,0.3779584290601195,0.3906607648925922,0.24227123924350127,0.2091983891332751,0.11359477344873146,0.3981030715859375,0.21629592754526658,0.22044336617727425,0.31479734449196584,0.3630649189981083,0.4410164963341282,0.23180161716100592,0.28392493400952523,0.20557949758428173,-0.03183386057281804,0.17759971358167373,0.01568524490749373,0.21218641962600635,0.37429714856035157,0.39769461627943187,0.3247391352284458,0.23200422096664364,0.40992033891359786,0.13582382248178912,0.3168987402887407,0.33811015233043895,0.014345576867650188,1.0,-0.14328935188949937,0.09624603051047526,-0.34997213182799186,-0.13874359360171007
chunk_byte_size,-0.06572792535494354,-0.06948991706707705,-0.04815198030738265,-0.06262291612670953,-0.023944143021932023,-0.07952784166949288,-0.04393234593399018,-0.05537049531054759,-0.15875943759194683,-0.15034075487745815,-0.07564605458666675,-0.02801947977386113,-0.06472347792961036,-0.024129967889944988,-0.04807405534073438,-0.052505706481090514,-0.05918299752341959,0.01606020210612843,0.060715225394092374,-0.027021397197440813,-0.005688789314878135,-0.06338990678322962,-0.07283807422819011,-0.01927261182458353,-0.1116748929345315,-0.06170580970636492,-0.05921277872576364,-0.04537318080434063,-0.053561192196879354,-0.05709648979151912,-0.0753920674082861,-0.14328935188949937,1.0,0.1283033116336828,0.29169749594259753,0.9999019375642734
chunk_number_in_heap,-0.013021719642141225,0.013582072539997159,-0.020119054698118137,0.08505869552438393,0.08865694471467607,0.08296288733555751,0.033676786714781894,0.048463229040884244,-0.03453137394258404,0.02053995299965102,0.0527916854361108,0.12973588199785394,0.057714201598539704,0.11219267449591586,0.1252978907764265,0.11365384355565551,0.07620051760257764,0.02383633630106787,0.016153399646549577,0.005051410441282111,-0.02140023337844069,0.07287294424619041,0.06244471936844863,0.08011953816027446,0.027294015418115766,0.08635616137900502,0.1086340272071899,0.045909746186713236,0.08889461086876672,0.09511918167255255,0.004716319868455058,0.09624603051047526,0.1283033116336828,1.0,0.08685740421165396,0.12756942137065938
chunk_ptrs,-0.3066288755317243,-0.30500566609593766,-0.22376087079226267,-0.22427340954172903,-0.17328716800492558,-0.21592657200410315,-0.20184536224999147,-0.2524672593740885,-0.33611789254369867,-0.28870373667141586,-0.12794409458144448,-0.05860214122916323,-0.28095943832481496,-0.012877849851285367,-0.07285369486451009,-0.08889298117647822,-0.06186470098689724,-0.07453085077788164,0.01847824335467289,-0.07854067955575701,-0.03439451742193033,-0.05665115367096627,-0.10197807022828484,-0.13657296009312384,-0.202456442832956,-0.16892178037788105,-0.20967687561841963,-0.2106122357015761,-0.16125697993468854,-0.25287694292728286,-0.3401903532097855,-0.34997213182799186,0.29169749594259753,0.08685740421165396,1.0,0.2782810925513256
chunk_vns,-0.061498945959070975,-0.06533113563548086,-0.04510991060970413,-0.05958364269305425,-0.02147583167791568,-0.0767091783868789,-0.04118480674881898,-0.05188240489640178,-0.1545024124358284,-0.14674352729064197,-0.07408427062142023,-0.02725717995984016,-0.06090574929850805,-0.024043011329533254,-0.04718473893574395,-0.0514314415793765,-0.05853816059681589,0.017197191218996714,0.06069719035360442,-0.025976221635073318,-0.005208761658427231,-0.06284431473948014,-0.0716227316257415,-0.01732520467511324,-0.10915876102642769,-0.05947177554999376,-0.05638833300123855,-0.04244582008515113,-0.05143120048380672,-0.05359161722933373,-0.07071044287153655,-0.13874359360171007,0.9999019375642734,0.12756942137065938,0.2782810925513256,1.0
