,feature_0,feature_1,feature_2,feature_3,feature_4,feature_5,feature_6,feature_7,feature_8,feature_9,feature_10,feature_11,feature_12,feature_13,feature_14,feature_15
feature_0,1.0,0.29772817777720234,0.04035097797588822,-0.38614920240233397,0.28782118350494296,0.27231810825093444,-0.041417504085649856,0.47240779178966935,0.44381486832850636,-0.07249060914214282,0.7274230943072966,0.0670981776390304,0.06825069720152721,-0.4271989157544638,-0.30090466645153535,0.15491351833097652
feature_1,0.29772817777720234,1.0,0.2416826016647943,0.06509092369018527,-0.3624018569286307,0.10953573090536312,-0.5447332404089366,0.16422735484409481,-0.17646762708415786,0.012570964946041286,0.5209563284683567,-0.04484980661677116,0.1668052976428075,-0.09130377140052574,0.0652739024874396,0.40705403940678087
feature_2,0.04035097797588822,0.2416826016647943,1.0,0.12196223838875693,-0.08799870758486841,0.4504282930265946,-0.3392575018423498,0.27301841062168297,-0.055105248560822835,0.6873908967413951,-0.06032340088609686,0.00013780521711294187,0.27492863650790855,0.17676148007307985,0.4513633924128538,0.02666851778873247
feature_3,-0.38614920240233397,0.06509092369018527,0.12196223838875693,1.0,-0.04301570716567393,-0.10742780577407181,-0.2690583975927748,0.06388433160980433,-0.1492573323372233,-0.37127343975109806,-0.0004572102128060775,0.009099851573669658,-0.3021860668831958,0.14560343714281224,0.06188152824220722,0.11391190064529742
feature_4,0.28782118350494296,-0.3624018569286307,-0.08799870758486841,-0.04301570716567393,1.0,0.3699156501803292,0.6158387647061218,-0.16112839999484949,0.18013176090110722,0.019849260573123237,-0.10987762945831954,-0.11100208298632229,-0.1150529754500735,0.05871204680719184,-0.1136655487924626,-0.5222894796445147
feature_5,0.27231810825093444,0.10953573090536312,0.4504282930265946,-0.10742780577407181,0.3699156501803292,1.0,-0.02454523561026252,-0.2766413472302014,0.22939920383977067,0.5516784234370166,0.014753074218705095,0.028219433173310167,-0.3236305449287573,-0.02298662327124606,0.08970808038837391,-0.21215748876467758
feature_6,-0.041417504085649856,-0.5447332404089366,-0.3392575018423498,-0.2690583975927748,0.6158387647061218,-0.02454523561026252,1.0,-0.13569174326685565,0.07963564889834703,0.0037300912167167943,-0.23243855244356318,-0.1636804704301079,0.03257135260092461,0.041460013242875925,-0.1629439472219524,-0.4204559190512847
feature_7,0.47240779178966935,0.16422735484409481,0.27301841062168297,0.06388433160980433,-0.16112839999484949,-0.2766413472302014,-0.13569174326685565,1.0,0.11265913927137793,-0.24159771492090276,0.5476472894415849,-0.07193206670445468,0.4936393588276422,-0.2360996930642814,-0.06611199342632826,0.38964776057122674
feature_8,0.44381486832850636,-0.17646762708415786,-0.055105248560822835,-0.1492573323372233,0.18013176090110722,0.22939920383977067,0.07963564889834703,0.11265913927137793,1.0,-0.009944651687307115,0.11744357007891444,-0.028600229078091993,-0.2420806643422465,-0.7397861392302189,-0.12159102810636932,-0.35832090054104254
feature_9,-0.07249060914214282,0.012570964946041286,0.6873908967413951,-0.37127343975109806,0.019849260573123237,0.5516784234370166,0.0037300912167167943,-0.24159771492090276,-0.009944651687307115,1.0,-0.3221991998397605,-0.14844601781495476,0.18488045705651623,0.06206451875839705,0.37442256223997383,-0.24493959326851272
feature_10,0.7274230943072966,0.5209563284683567,-0.06032340088609686,-0.0004572102128060775,-0.10987762945831954,0.014753074218705095,-0.23243855244356318,0.5476472894415849,0.11744357007891444,-0.3221991998397605,1.0,0.18013141368750543,0.0795071714393095,-0.3579112180640998,-0.21640202577437323,0.5314973780819584
feature_11,0.0670981776390304,-0.04484980661677116,0.00013780521711294187,0.009099851573669658,-0.11100208298632229,0.028219433173310167,-0.1636804704301079,-0.07193206670445468,-0.028600229078091993,-0.14844601781495476,0.18013141368750543,1.0,-0.3601229098287604,0.21821511818077588,0.26674444703403666,0.17876764524888578
feature_12,0.06825069720152721,0.1668052976428075,0.27492863650790855,-0.3021860668831958,-0.1150529754500735,-0.3236305449287573,0.03257135260092461,0.4936393588276422,-0.2420806643422465,0.18488045705651623,0.0795071714393095,-0.3601229098287604,1.0,-0.03827886770685343,0.19647925100639865,-0.0019039074989247405
feature_13,-0.4271989157544638,-0.09130377140052574,0.17676148007307985,0.14560343714281224,0.05871204680719184,-0.02298662327124606,0.041460013242875925,-0.2360996930642814,-0.7397861392302189,0.06206451875839705,-0.3579112180640998,0.21821511818077588,-0.03827886770685343,1.0,0.23034853154057933,0.1266209413667373
feature_14,-0.30090466645153535,0.0652739024874396,0.4513633924128538,0.06188152824220722,-0.1136655487924626,0.08970808038837391,-0.1629439472219524,-0.06611199342632826,-0.12159102810636932,0.37442256223997383,-0.21640202577437323,0.26674444703403666,0.19647925100639865,0.23034853154057933,1.0,-0.21058194189085983
feature_15,0.15491351833097652,0.40705403940678087,0.02666851778873247,0.11391190064529742,-0.5222894796445147,-0.21215748876467758,-0.4204559190512847,0.38964776057122674,-0.35832090054104254,-0.24493959326851272,0.5314973780819584,0.17876764524888578,-0.0019039074989247405,0.1266209413667373,-0.21058194189085983,1.0
