,feature_0,feature_1,feature_2,feature_3,feature_4,feature_5,feature_6,feature_7,feature_8,feature_9,feature_10,feature_11,feature_12,feature_13,feature_14,feature_15,feature_16,feature_17,feature_18,feature_19,feature_20,feature_21,feature_22,feature_23,feature_24,feature_25,feature_26,feature_27,feature_28,feature_29,feature_30,feature_31,feature_32,feature_33,feature_34,feature_35,feature_36,feature_37,feature_38,feature_39,feature_40,feature_41,feature_42,feature_43,feature_44,feature_45,feature_46,feature_47,feature_48,feature_49,feature_50,feature_51,feature_52,feature_53,feature_54,feature_55,feature_56,feature_57,feature_58,feature_59,feature_60,feature_61,feature_62,feature_63,feature_64,feature_65,feature_66,feature_67,feature_68,feature_69,feature_70,feature_71,feature_72,feature_73,feature_74,feature_75,feature_76,feature_77,feature_78,feature_79,feature_80,feature_81,feature_82,feature_83,feature_84,feature_85,feature_86,feature_87,feature_88,feature_89,feature_90,feature_91,feature_92,feature_93,feature_94,feature_95,feature_96,feature_97,feature_98,feature_99
feature_0,1.0,-0.14567778639857565,0.003749221544350845,-0.1609419223057087,-0.18364891438299097,0.04833837713983975,-0.1922145943238059,-0.44869093421386147,-0.397263935794894,-0.3820186166448394,0.16677074541004486,-0.2016435334354917,0.09667326978151848,0.13304467664632488,-0.31358670513668485,-0.5412411598798368,-0.16826903279171165,-0.09294795013698473,-0.1692081780233822,0.10123744232486506,-0.02714023998129296,0.15592715956330683,0.25142648875926293,0.05022449734091411,-0.09144944768930922,-0.0966216694262369,-0.23206541696384708,-0.097128839754637,0.33693395666969833,0.03106837497789017,-0.09522499127488152,0.3515877332982085,-0.034514494333600036,0.03175767073467565,0.09020455399826816,0.20246674220221622,0.09026972648355236,-0.33350701617373,-0.22455534552247478,0.12708673449292313,0.006311604539859229,0.025081584201076063,0.003394191140920917,-0.24998894642756594,0.02759314639882671,-0.10226891238631879,-0.4065522649086074,-0.2915140824201549,0.3624135110448752,-0.30591898047956784,0.07670433282083942,-0.19735561422216077,0.5343917593378323,0.025141166012869972,0.29405960207885806,-0.3276716737555363,0.031964902224333146,0.21278306604530872,-0.07122676324394617,-0.1641599196105318,0.04671604968248868,0.060769141455193784,-0.35712836473692683,0.045953097000996895,-0.29373071686212066,-0.06669536817891794,-0.40440475697654626,0.056801046354929934,0.31924797566605073,-0.33334109040034243,-0.274353596496766,0.29277781006360476,0.34165996385511443,-0.06450133184998788,-0.015485337176450878,-0.08665941189621179,0.1345390233373241,0.3066251482524616,0.2839920019615261,0.3394466033314635,0.5032621083193995,0.27611962577426713,-0.2734333098421925,-0.33447402189308073,0.183653074840415,-0.06293931708783504,0.1425508011732245,-0.011518821553112686,-0.06065272565819041,-0.42508274869393975,-0.32877221636485054,-0.25784342132466925,0.380727194026576,-0.0982306880660051,0.19829009711486653,0.26999299206236194,0.04727544653133728,-0.022174747810794013,-0.09200875520981805,0.38662878381486315
feature_1,-0.14567778639857565,1.0,-0.17896317236626724,-0.24065997297279462,-0.25831661524251026,0.19226306021479556,0.13923010058826027,-0.06196947290549477,0.2612264265005896,0.2887256406775383,-0.003742789907107852,0.36540106156968793,0.0663387992750033,-0.30804344699307695,0.26987128403762384,0.20131767269074766,-0.4896299527740872,0.3055333608537963,0.009057368192473143,0.0442360745038885,0.012695149948362185,0.10387262234793301,-0.11309980826852215,-0.3678478909959297,0.2880160678389282,0.2868816847142331,-0.3033470507173088,-0.320047063989168,0.14699801886262676,0.09256101646656752,0.3672191700022281,-0.10745992459445772,-0.28672524374114733,-0.11951291804351594,0.19907685069987033,-0.33501328329019553,-0.3632690643070671,0.12267972142432541,0.16492062482069675,-0.11267363330659566,0.08758511553172033,-0.20888961695546,-0.08173703124146703,-0.0541008469504065,-0.17884947693004224,-0.1284208794882782,0.05813042052183691,0.1292885947422102,0.17526568871800244,-0.0195896264886267,-0.42799123063064237,0.0861746037560324,-0.11576375951629542,0.24770535170208985,0.1269619571851471,-0.11177561544437428,-0.07464127528835159,-0.2809392495907461,-0.12389839031468819,0.018563055502403537,-0.34624024803260983,0.2172365438285309,0.15192950148297302,0.11658578332346449,-0.1589621780687828,0.28406434623431365,0.4484733248095837,0.22386893273181743,0.15933331139046664,0.13524426110092777,0.6352077561193509,-0.39840059992896276,-0.41784757478423135,-0.16212065487986083,-0.3877794161948069,0.14614588980837245,0.21572696383170287,0.3318035181162093,-0.29856829570092247,0.006001078855541393,0.04240273141897541,-0.37350657532402093,0.10024914889537191,0.19946533117791718,0.37259983513524586,0.05199105071074517,-0.008113674510899945,0.18006157158280503,0.2563003756006368,0.05435737747677394,-0.13081428063562014,0.07998208782591276,0.3202484149868962,0.20793493549700054,0.1470936621966229,-0.0415799097545604,-0.2913001916991156,-0.2656854690037004,-0.41611041393426584,0.21796850592928702
feature_2,0.003749221544350845,-0.17896317236626724,1.0,0.06179862975276085,-0.10700113797245053,0.08438155865286236,-0.10642201777323994,0.022320437350548228,0.040736835813939706,0.11677952533346436,-0.4915073997678115,-0.10393816690121918,0.20971115882062577,0.2822102365999771,-0.006276146173217059,0.2791705052712467,-0.27640735580652775,0.21677623784514363,-0.028277343125048347,-0.48812878547974586,-0.05204879062042408,0.31191503739515847,0.006829369909675709,-0.48889004584304707,-0.08490086337858241,-0.4974986403449764,-0.15740615566012778,0.45087412128667537,0.2537521027937707,0.21177901821533404,0.286929222261536,0.16044490491413482,0.15525674714283594,0.09255168349120485,-0.0010823764096161673,0.16071653898823743,-0.04171592218549849,-0.15845156175560238,-0.05237555341247929,-0.14801553494236508,-0.04825520823480358,0.06981311332052918,0.02804781355331303,-0.32011003659053633,0.10123602994346503,0.5327748128189118,0.19954724607394228,-0.04223981461758929,-0.3698588739604116,-0.22393687411085367,-0.2900308737273411,0.321089260630309,-0.10409836634240684,0.3426254290164448,-0.06998754477973383,0.05836586825296499,0.06196664984019744,-0.08194083686036059,0.10109700581614293,0.1482843029237011,0.35509261223094785,0.0518490749980289,-0.03254099361547032,0.3557921485219472,0.4849663494685747,-0.023395657938621923,0.02798309852857769,-0.14103527983651673,-0.06819688361263569,-0.12471716138668186,-0.08803747903276438,-0.17180476238272954,-0.034783600288462585,-0.4734778377395343,-0.1316507584270924,-0.28568052741174,0.4324337106190126,-0.035780318643419316,0.062295987042362166,0.14037198954438837,0.23146457333666481,0.47109224497870494,-0.12262674700960953,0.3636185910951624,-0.22811524650076836,-0.1506156357993831,0.2019864524048176,-0.2950343519713351,0.407796033277682,-0.06989701480316744,0.06516711874745146,-0.38121485359220636,0.2560796949124393,-0.32308733955963204,0.10942215872468383,-0.22553381907252285,0.09737957494309595,-0.2670536078990803,0.27537429763899296,-0.25093042839214785
feature_3,-0.1609419223057087,-0.24065997297279462,0.06179862975276085,1.0,0.38510685993884985,-0.31269369317644785,0.1655607306703556,0.1616265386270177,0.2487604260914457,0.0268463032002404,-0.0785276160760077,-0.329064072983555,0.09492196643412301,0.02308962375327236,0.0844647501840008,0.05320131219674855,0.49115071188977877,-0.12928637275913063,0.43250387560466347,0.07272970110547942,0.10517367870088634,0.32300693668877806,-0.09534349257004639,0.04998765266562424,-0.010927280163634857,-0.4730277384365663,0.4417296753330134,0.39263958864562104,-0.27800766853664644,0.21979842356951682,0.119899697197102,-0.07294588709073231,0.3568170347246374,0.23884040378400997,-0.04516396095649043,0.24255487400812215,-0.22548703414443672,-0.016892309602078378,0.06709308197977609,0.008301738140118807,0.06353322892889887,0.03596805197996548,0.1964848606107838,0.3175211929518003,0.3867593482962882,-0.15634678681788697,0.23096371684404585,0.2896972492441635,0.018299377877365245,0.29016725883528444,-0.18972166246022928,0.13689116849936075,-0.38229018422028255,0.2200791299010644,0.0007775745591329348,0.14358723577669386,-0.04741966079210872,0.18245478194597545,0.22935500485252977,0.2902503283712676,0.4850511824490367,0.24524785945712835,-0.004638338222139841,-0.0792714744484406,0.27561579339761183,-0.500716680928717,-0.17787475521896093,0.06749236149886606,-0.303603372840264,0.3951558263610172,-0.14065394973255346,0.04653467230533871,-0.31420405837833437,-0.03115451072817802,0.14186119021999968,-0.2697693449956415,-0.26234441596657443,-0.18697057242889809,-0.07974728019378802,-0.16571160443790411,-0.03130693867362281,0.14062795941446224,-0.018639332670811536,-0.22055590542318418,-0.19053134650801398,-0.12781396237211634,0.20480023398086358,-0.114880969936377,-0.11805576026040755,-0.09133261923302889,0.2243106796181518,0.14809223452016698,-0.10633170749710591,-0.03813431891951869,-0.11701601364689206,-0.05703595305406045,0.5103958720103767,0.040798752003152555,0.2417470233285711,-0.35751341416461235
feature_4,-0.18364891438299097,-0.25831661524251026,-0.10700113797245053,0.38510685993884985,1.0,0.06631178262283838,0.528373647048081,0.18105962547374052,0.30656847338833026,-0.06714205206912757,0.070339813800112,-0.411303214441696,-0.06405444961123381,-0.2287089580137874,0.24230223459907316,0.3305485937835728,0.6732269321374983,-0.40465384370117763,0.5851597506181465,0.06172223432520205,0.22069305405915976,0.05131815477744725,-0.5675960934474996,0.20369068433853207,0.08159209816772853,-0.19429746855491564,0.5792445556107988,0.180013420119309,-0.0060953274524379,0.12964681800249403,-0.14791228016988434,-0.4751657560125797,0.4919190054440711,0.4606938772811672,0.08456341603512486,0.32675031451560765,-0.27443369724265265,0.21425143352386536,0.34951219959704516,-0.24746406136012308,-0.025951854166947154,0.2638159598317925,0.01136663625283573,0.1333493506029932,0.3449086651680726,-0.02969781878368142,0.4774396392073694,0.2826141246495259,-0.161773479414077,0.24060970675155915,0.007787694146052255,-0.047338199916807176,-0.45964474270824374,-0.13780194951485064,0.12824771736912957,0.02800636443525622,0.39514184140942765,0.3915419087624628,0.06836271543000826,0.19028161597550725,0.24526453563023048,0.10351246307802332,0.20727524619130683,-0.1296490652917399,0.31855085928467514,0.016814925966200343,0.15403049481268183,-0.37010090124780937,-0.4758623848656049,0.6247981026661099,-0.3924492496411188,0.021651949437046843,-0.40894282774274776,0.37629731652607656,-0.11087267755548368,-0.2958263526123037,-0.38189709563635926,-0.5078172088187547,-0.24681841557180384,-0.3265033115485942,-0.29424241442713395,-0.1848822739089487,0.18225503698565465,-0.12379185908178995,-0.1184731357502647,0.21756731845363453,-0.0190198111093009,-0.056859854605761394,-0.04824327475807187,0.3299661297581405,0.41624289425774025,0.21534260429361454,-0.11539987190092692,0.28665864888301734,0.20075339909643972,-0.4775859803034379,0.41679390689768475,0.12032993615336147,0.3498427397611027,-0.2251659310235561
feature_5,0.04833837713983975,0.19226306021479556,0.08438155865286236,-0.31269369317644785,0.06631178262283838,1.0,0.32854897920688514,0.16621065589644693,-0.12495757077456193,0.29089526158794327,-0.4912095517452126,0.38248104390267174,0.3541758831922769,0.12254066202711521,0.21903544705767536,0.25384773421642215,-0.21059707334315986,-0.22239863807236165,-0.10108685067253152,-0.18656945430038993,-0.32747589179453807,0.30933367736446954,-0.1100933252729598,-0.012142038911073011,0.5270121864831628,0.13896965846533357,-0.18697806781520182,0.10478729408596113,0.2801905741818761,-0.019749010234876234,0.09365678148460113,-0.3760867140097709,0.03064068853856884,0.3685722996684075,0.28420578714936834,0.04074873283104924,-0.09251472249283989,-0.1786247156499769,0.5275051429865663,0.0364013893296045,-0.07853624638900818,-0.046426674112104625,-0.10929347911195682,-0.6567334636899692,0.1675749439998225,0.24830888092094353,0.18170177541914853,0.12394260799079762,-0.025517448085032236,-0.411871351399264,0.03157780446547199,-0.30872053667011023,0.012658030596201126,0.2497722972536702,0.21960850120551706,-0.25650456581377434,0.4109807712133479,-0.06500534349937484,-0.32815408110544253,0.3781705697537672,0.19137800421948578,0.41686402616088863,-0.3095634170002324,0.5854465437224081,0.43282234757394666,0.5878821328450563,0.4677241682885095,-0.547480538525228,-0.3164850386592154,0.1363596180150272,-0.1315786891807308,-0.5148268525172064,-0.024101998556116496,-0.22040720171416972,-0.17790250482778894,-0.3468168752645976,0.40545468565200415,-0.3519133148810946,-0.008890841155263486,-0.2488413985889712,0.1121263969540008,-0.2795084263254943,-0.09103554769451967,0.563257688009744,-0.1629974329124385,0.5391272558671744,-0.4900881350074517,-0.5514044784548678,-0.18089363220534055,0.3432139106034713,0.21967751073292882,-0.07046708819326791,0.5500080034306535,0.04617684938744121,0.24964467187137168,-0.488186377623711,0.0015556865552183996,0.06994380835857426,0.018291890784334183,-0.3081823692642806
feature_6,-0.1922145943238059,0.13923010058826027,-0.10642201777323994,0.1655607306703556,0.528373647048081,0.32854897920688514,1.0,0.31088911751358345,0.24714149844803043,-0.03934453409689274,-0.14255444778630963,0.051108483657687616,0.47925531269652055,-0.011982110041391082,0.31235446511633147,0.31572109968937656,0.27435810169129204,-0.5876889166143429,0.44626739341586624,0.1800671820336777,0.06765555764577569,0.07993000321267167,-0.5601574236035732,0.08799893703880261,0.45940721047569144,-0.07843432673668221,0.3376344420023659,0.18719262999869754,0.03266954561540022,0.17151109851512666,-0.05228285284277827,-0.7266815648373287,0.395826620178916,0.35765829984820097,0.3264320488282362,-0.024726327958186863,-0.4940005527905372,0.09818133445971408,0.6366153204263302,-0.2945795726377172,0.2484019912891042,0.26454095274367717,-0.1326921503186933,-0.15763013781587826,0.4801145785513353,-0.05898563470828347,0.3749938919586915,0.41419581754037266,-0.012598955615992422,0.042541775072346966,-0.1290702452144035,-0.23163626164359946,-0.40806371724606005,-0.06974888520454417,0.4432279895575379,-0.3552149583048511,0.35776221785645174,0.4004672978864688,-0.11296753701674084,0.3017305868608281,0.1730465573434286,0.5613957144036719,0.31361618077220255,0.20088758872868465,0.370670101741613,0.18100115680829665,0.417794159397624,-0.42902163655609193,-0.2657510250613601,0.6405946428354318,-0.2916413492160388,-0.4709587488365557,-0.48590868710452534,0.04062454341243663,-0.5013112170734437,-0.5338592637557183,0.017048944420536248,-0.5262201733048515,-0.22750229956020254,-0.5321913489339944,-0.07821542885293009,-0.37023652708599813,0.37575193784162114,0.1326674285090696,0.11299105651536075,0.48139269889385616,-0.3792506430293342,-0.2939966104296863,0.10236137620232126,0.33360856148856993,0.21052420643010733,0.18344841686352228,0.14984607389467522,0.3520910923128643,0.2754307294649778,-0.5617640535804419,0.5006633633250808,0.317395447900865,0.3257983087427377,-0.18811675303874983
feature_7,-0.44869093421386147,-0.06196947290549477,0.022320437350548228,0.1616265386270177,0.18105962547374052,0.16621065589644693,0.31088911751358345,1.0,0.23469668925461165,0.28725053973563625,-0.41899016574392817,0.4811588169208697,0.24728437623872362,0.2853256847691843,0.11300932819269485,0.29641955981371454,0.02961256376008687,-0.43544521238226036,0.06366882622357727,0.024188375406280233,-0.4219031797809349,-0.17348377037637838,0.03708094155655886,0.1046932266247473,0.42043501632853075,-0.09801328375820745,0.21118172188482087,0.2566867117322221,-0.4583202359391814,0.16630483047295128,-0.10494036672151708,-0.30618462687865733,0.3252250651459697,0.11305419092963793,-0.12541172649032928,-0.23589528768968315,0.14212934320094991,-0.2441413404543241,0.4340361875646806,0.295266790031212,0.15372911606332573,0.3013762639690547,0.21808832530136005,-0.07324107566349505,0.27840204878257907,-0.01711575043741259,0.24793464895982353,0.6635782194361063,-0.01402206395603482,-0.1545823277015601,-0.06636571896200026,0.01782793289564469,-0.3319645853022811,-0.07176944474018532,-0.060557177236885584,-0.03683158279388347,-0.17870826000695378,0.17588728764997763,-0.4758183868912806,0.4733223539880283,0.4481288978253458,0.272535908901552,0.1183204721287365,0.374954396353104,0.5190864421717221,-0.11569177552901316,0.5136473382795412,-0.2079765313143113,-0.38148148725531117,0.4481679206563464,0.02965244384753161,-0.6412472148053782,-0.2607092671344442,-0.02475729500118429,0.14330832509678276,-0.3850560886322439,0.19160208210026491,-0.4465795315055822,-0.29488713013916934,-0.7124684627095075,-0.22305750737291974,-0.11001598466039839,0.17509232062789465,0.3958664401436771,-0.3255758066249065,0.4265192893550181,-0.5142812550026039,-0.371938095268814,-0.20937230587703187,0.5120766852246257,0.30296520040542335,0.29003576089580574,-0.2584607159731118,0.0009154489074516204,-0.23545410154793625,-0.2776225551215904,0.3567679899715164,0.33367550928459466,0.2120745898354697,-0.513027866907965
feature_8,-0.397263935794894,0.2612264265005896,0.040736835813939706,0.2487604260914457,0.30656847338833026,-0.12495757077456193,0.24714149844803043,0.23469668925461165,1.0,0.008275314352045303,-0.17191724853689477,-0.12971494821868423,-0.13917634020076022,-0.2888742109315368,0.49865329301523914,0.5758606576774425,0.25095113963539123,-0.023533563377260015,0.5482019003149542,-0.16132148228597035,0.4040213953146197,-0.13865524200901166,-0.33915011921930466,-0.19390014253790053,0.20485509493213036,-0.09623698481318722,0.34439918001828024,-0.03304695533025307,-0.03618208445712269,0.391231543404521,0.3105009812123909,-0.3760471488873157,-0.08343858330170222,-0.03172437473699311,-0.10168365714302963,-0.3779662220221912,-0.3842766901471835,0.24612751386377016,0.3274600382312668,-0.33513102180746274,0.1998879704927519,0.17438891420900116,-0.2146952203930868,0.257556999141662,0.08236399864933144,0.18191216166280266,0.4181971908320358,0.23127089193906927,-0.253375777900054,0.37804873669592926,-0.08289470251459656,0.3513457159920783,-0.5756448785454807,0.12914664188160999,0.018625792380537107,0.15378031844857634,-0.10370171008453195,-0.1296295570303905,0.07872156338496818,0.007427115434987405,-0.02850727695555678,0.18193088994637424,0.19328464526423847,-0.11757775101276098,0.23848670789768972,0.02657262332872044,0.3299144157204628,0.017380144613144816,-0.3189554011559136,0.5030509994251255,0.29626443005647995,-0.22276237562609377,-0.6451342606998947,0.009838837318293745,-0.1417634244424085,-0.010457991759632601,-0.09851176109888288,-0.23074381008851833,-0.23857899492626558,-0.16382398079779342,-0.2311820649287288,-0.04237288066700499,0.4536065016470371,0.1387182161068117,0.05363680694842074,0.04637404238569323,-0.005099798014805821,0.25717771301754977,0.14510519937893493,0.49945779594760065,0.4248703401121455,0.34584018776855463,-0.227211210423776,0.48886700510185904,-0.13722536863077986,-0.23895644316146655,0.1883615477812353,-0.18225830277170882,0.29336542647286673,-0.19972090094650488
feature_9,-0.3820186166448394,0.2887256406775383,0.11677952533346436,0.0268463032002404,-0.06714205206912757,0.29089526158794327,-0.03934453409689274,0.28725053973563625,0.008275314352045303,1.0,-0.16851905816901266,0.4538466443571992,0.06100764036008636,-0.17900424096176698,0.2527567492757586,0.25359776764897174,-0.25970824498261186,0.3973441842059126,-0.004155705385136707,-0.21607290874372942,-0.2747076329476078,0.37667046377641494,0.09180001357576754,-0.23259496218071968,-0.02151329291763704,0.1001417776269686,-0.20553818122124004,0.039779758893920956,-0.3004785707415122,-0.14119716639225638,0.2956212070816372,0.03479057214367083,-0.10896688732482483,0.21285783671548517,0.02836205912201928,0.19335750853270434,0.013305616906641927,0.010062697906006418,0.020423135320205784,0.17889858001686676,-0.18389826029335404,-0.563700353468787,0.2069720335093919,-0.03394034707037734,-0.2867866810617966,-0.17995028786799594,0.018190719079481447,0.23357242310882453,-0.01135054758488655,0.004226609726322806,-0.264507667420702,0.2268062446456127,-0.14358139226657368,0.33867146012174465,-0.20880909122248395,0.28362017343126666,0.15717509646509453,-0.44021667098367623,-0.08961450647339712,0.3877209101073425,0.1793074448641435,0.008876518324716918,-0.07859249814910212,0.12106501244413317,0.26401624235165905,0.14701447421114527,0.4338915517907229,0.07107006733155034,-0.1285910580149128,0.0033279150262430527,0.3929700869668156,-0.33423529105286925,-0.03870841898671456,-0.2292334877241902,0.15696580110476838,0.15073034831909352,0.07276674223520578,0.11981670446987286,-0.3345671222887843,-0.026289714835366372,-0.09783961426941241,-0.3009929547664373,-0.29839645224517564,0.5370395765139153,-0.29190588862405203,-0.03821038923387837,-0.005604068516852971,-0.3522091873491217,-0.12414660019592272,0.1401151341462768,0.31086552614927615,-0.00013253282515250886,0.08367669251518599,-0.42020552420905044,-0.22234650782540819,-0.03031063856432484,-0.3987835165013586,-0.3104430886471834,-0.4741472185717778,-0.5111429281744899
feature_10,0.16677074541004486,-0.003742789907107852,-0.4915073997678115,-0.0785276160760077,0.070339813800112,-0.4912095517452126,-0.14255444778630963,-0.41899016574392817,-0.17191724853689477,-0.16851905816901266,1.0,-0.32177829441065564,-0.35385964741862186,-0.4489679432841789,-0.1072521198458937,-0.3287809766154616,0.22976396184892686,0.1980074132508495,0.10445770679896786,0.32414324834312125,0.4255354788416337,-0.3044239293447278,-0.09777661326575372,0.28134884573373703,-0.4138993852299613,0.36054083206832704,0.08965485978247378,-0.6097726786172087,0.0029755900131802895,-0.3576058373252349,-0.1715187502408221,0.19743228291601,-0.1073889210335535,-0.10546031713837277,-0.04777903714158071,0.1708162924633414,0.05273819248075753,0.45386595925228634,-0.44483229403217045,-0.13912160828741882,0.06534781034513436,-0.21105698429023045,0.0013876540871100827,0.6317347731594354,-0.43855073440995035,-0.5839975837445551,-0.33519846659104474,-0.19230776997528676,0.18748163779777804,0.4418283492017763,0.19791364238653564,-0.0986121767939724,0.15858790053262262,-0.36403723486375916,0.03937686035726487,0.2803291535088736,0.06860478775913754,0.1785862058104309,0.3855679868728643,-0.4715877691405373,-0.48739889940960407,-0.4081980669441041,0.392166806764313,-0.700452762951209,-0.7457136878119923,-0.11338995680635948,-0.2834284904973423,0.39513235524325185,0.42810874310062164,-0.1628212843777849,0.0035754506072967927,0.6248512252011036,0.17771469870788403,0.3996959398243442,-0.025493175262622295,0.5371470982448687,-0.6814102171428573,0.3312999743100664,-0.0260250190669553,0.3779489941798029,-0.12549277608261453,-0.2828493697213611,0.05265679243505152,-0.5513890776106333,0.25122116158317864,-0.3433497142372223,0.26596535056189563,0.4544606213496319,0.08703408563219622,-0.2560544920459696,-0.17485430720819622,0.04056770439357489,-0.29161819685761137,0.02547315937121399,-0.06765378675874906,0.488674068156369,-0.36599811216095324,-0.09367034665684305,-0.4854461325297928,0.4143485304697221
feature_11,-0.2016435334354917,0.36540106156968793,-0.10393816690121918,-0.329064072983555,-0.411303214441696,0.38248104390267174,0.051108483657687616,0.4811588169208697,-0.12971494821868423,0.4538466443571992,-0.32177829441065564,1.0,0.29906145318175453,0.15534027891641988,0.07479968899276958,-0.039356567374344814,-0.5392608732510147,0.04468190102016509,-0.42436673329530095,-0.0016024948777896386,-0.5363242982898856,-0.08721731452732279,0.3504728611928585,-0.020957314958388366,0.25704668893788485,0.2955772119430511,-0.3020530004548837,-0.010517305226304412,-0.35479180938039623,0.06555481028422716,-0.03988905962677947,-0.0363597128375853,-0.23553612356897033,-0.07768987123840548,0.008283860575629007,-0.44164570105958106,0.11794650735701948,-0.40260672889956534,0.23342609316615306,0.29390763464231306,0.20520855661005338,-0.09588759966406889,0.03932688003891652,-0.2686334089173694,-0.21824505024055604,-0.2104522296224506,-0.16148726308590586,0.18727943561514884,0.2561977408088694,-0.28680001411188105,-0.1304943613762498,0.09348279354038683,0.14942988823300993,0.010681605929230295,0.11579732614899463,-0.2529046898477632,-0.2720156358723458,-0.28553906154216757,-0.5743415687998291,0.21320164699953062,-0.01109092173516897,0.2670657909153753,-0.14844697741559007,0.28827104098714434,0.12705402830776938,0.09154305772331928,0.45266762297545554,0.01681879419864209,0.18126646405607474,-0.02824952495745693,0.3512000247735529,-0.6464449281536228,0.05623244712174104,-0.2906315745654067,0.07327071902984897,0.05829784257331403,0.4410702826638648,0.10951458710539613,-0.15911160285860568,-0.2832269235178711,0.2031260467183689,-0.3151382246808665,0.06031525980782532,0.5486429177510805,0.08963593989650631,0.219555595158089,-0.5276727883526892,-0.3569507914626611,-0.11965251841696145,0.12311260832012592,-0.05730468048402335,0.12730499363953332,0.13036413582311182,-0.13617774692301127,-0.22813375721586396,-0.010146531172759455,-0.18050780141085307,0.21215729048721788,-0.28008676279575984,-0.23475028233540524
feature_12,0.09667326978151848,0.0663387992750033,0.20971115882062577,0.09492196643412301,-0.06405444961123381,0.3541758831922769,0.47925531269652055,0.24728437623872362,-0.13917634020076022,0.06100764036008636,-0.35385964741862186,0.29906145318175453,1.0,0.38419335999167326,0.04700390024199742,0.014648151284866264,-0.14390829051646797,-0.411526443644161,-0.006073126522531661,0.061153898863842246,-0.2848939289479987,0.20190185733198432,-0.06056167187041086,0.03303914386234317,0.49327965116735983,-0.14023866612741362,0.041547257965176394,0.30434002340902755,0.1075396726063044,0.15680769899771457,0.061825689234386846,-0.3869038947572065,0.2837225024780322,0.34083396880571526,0.09547077832743953,-0.04088256870147303,-0.19428474273875196,-0.20084788247332866,0.4674136024998064,0.017525722773971433,0.2295800861108887,0.13451254816249567,-0.1669523716903175,-0.4430651396924314,0.3961389746879833,-0.021793478735847076,0.12355092334885688,0.23490558177663975,0.07684991350542363,-0.2246187028444846,-0.15428529460652465,-0.2758335858259557,-0.08172651123696359,0.24669343105240799,0.48377313643251396,-0.39778400921590773,0.21106289700760303,0.21646087380920492,-0.14504176041845984,0.3032663307782519,0.26965375777304984,0.6046099481655003,-0.09008466574217357,0.4754015702609328,0.37132246288583476,0.03917699527621231,0.2595926096293059,-0.29689244315625135,-0.013666777372038278,0.22990549126059198,-0.31368746075333775,-0.5620816230139103,-0.10119305479891569,-0.31302650011864824,-0.36323919765125706,-0.5340221876960672,0.3830781510631395,-0.23635936690234272,0.06630038045342188,-0.3971950736364744,0.23199556163006466,-0.13357563998780025,-0.019855491950061338,0.40191280016087955,0.009846087451448618,0.306538728445274,-0.4838940548628172,-0.5344837800669808,0.05276293992987782,0.045615604929329125,0.02808161105417975,-0.0735074007405561,0.3184195125562034,-0.008324388639964842,0.13730403554086756,-0.3569627885364437,0.36494126721884323,0.3880427030686182,0.16547634571066677,-0.2236052722965748
feature_13,0.13304467664632488,-0.30804344699307695,0.2822102365999771,0.02308962375327236,-0.2287089580137874,0.12254066202711521,-0.011982110041391082,0.2853256847691843,-0.2888742109315368,-0.17900424096176698,-0.4489679432841789,0.15534027891641988,0.38419335999167326,1.0,-0.2871663034528193,-0.2309933993558149,-0.1532444564533744,-0.41030903320974454,-0.236951695414036,0.010629495187865996,-0.365059244773772,0.08625645022153723,0.3501517594883695,-0.017483589496221235,0.2798970070709315,-0.3382187672162588,-0.11582935680968137,0.4076939056897363,-0.0037193928039020337,0.0763610735280164,0.032604704629306286,-0.019410054520390952,0.14665900945552068,0.08020074408043448,-0.18221674692743364,0.015114560604236594,0.3226604964960476,-0.5019488523216457,0.03829555746692566,0.3440675633654929,0.047971622476620505,0.17573380253322285,0.01266679677803051,-0.4443623707549735,0.4085835039620714,0.22318098343810852,-0.09861323760751502,0.06758083515026826,0.07181431325913756,-0.3970814672831692,0.08253440428209893,-0.21175750035175486,0.20714966875776872,0.1395322808631633,0.04843190976572669,-0.2748892668901453,-0.17935408497220226,0.15537695446051683,-0.1951658972103891,0.22339108120869483,0.40630436104481377,0.1931277871671337,-0.24952097772650356,0.5228519614335106,0.26966536261409324,-0.1801692488402473,-0.2163471585174625,-0.1553265287177167,-0.07669844766513177,-0.17670547667293518,-0.27137290858817614,-0.2108569691047704,0.24748103772689828,-0.2998907760105482,0.10356652506015174,-0.4963587786091814,0.5064115333981136,-0.14934152302602108,0.33523527838113626,-0.21849000267528532,0.2438597450385719,0.41263041204614537,-0.20856539038064253,0.10089035144874875,-0.20966098249048534,0.20465764050440857,-0.26661865610711616,-0.36471885133741805,-0.11932850008579084,-0.06232594061530671,-0.1415823247518657,-0.14399854923490898,0.077829706092149,-0.1713531783576684,0.0561460736818095,-0.09147510466414048,0.30728890208233567,0.2416721923853207,0.3929260274047441,-0.12904334520059058
feature_14,-0.31358670513668485,0.26987128403762384,-0.006276146173217059,0.0844647501840008,0.24230223459907316,0.21903544705767536,0.31235446511633147,0.11300932819269485,0.49865329301523914,0.2527567492757586,-0.1072521198458937,0.07479968899276958,0.04700390024199742,-0.2871663034528193,1.0,0.6310619883600936,0.08391283511854034,-0.013650454895196514,0.34432815578244375,-0.12117365196930488,0.3849055063422387,0.10726945318522206,-0.4572069113815406,-0.03891769067653893,0.21984176697691774,0.06877099876495518,0.46614089476044096,0.05951646266881121,0.05932073357215132,0.18533484932306896,0.2821311761671992,-0.4785886680008115,-0.3449279010557164,0.1360047327491685,-0.24951113867230634,-0.09886788967027216,-0.6052463041062278,0.3512309853397425,0.49203842424939886,-0.5985126783337805,0.24151495352858998,-0.10644782984412345,-0.5453789956285411,0.1677652945396189,-0.1804840593275895,0.07480510319796714,0.44324205737890776,-0.06844238394106965,-0.45533471989530294,0.44388426670839143,0.049968196601329166,0.2131955591503228,-0.6833593033302485,0.42547606664188864,0.373910142242254,0.2972689120273188,0.35333129047083356,-0.2184701397967884,0.22119529334126303,-0.1704118381280485,-0.22411786601183506,0.19390546907004122,0.10412456675316765,-0.16996698831516857,0.24657616866233545,0.2093969649874013,0.48964424094846937,-0.20406429394659928,-0.19526576570198648,0.38188610465305783,0.1965286693342413,-0.2875256015430335,-0.6305043023417962,0.12347155565116888,-0.03170657090135853,0.07057819411779181,-0.25256895954517383,-0.30155582408375725,-0.5348937013611877,-0.06480430838464372,-0.1906163013198883,-0.48914605851451376,0.4345190597172666,0.37098505193425957,0.2285913083865656,-0.03438537821086053,-0.20569224088496205,0.09425212618607093,0.08018858860833847,0.5107472274557333,0.7088228447348748,0.31024130250348986,0.14746974429988072,0.4971206418617465,-0.2193138191998856,-0.34061396102377567,-0.11449050163647138,-0.1939923256781211,-0.07724807942967639,-0.407711075166791
feature_15,-0.5412411598798368,0.20131767269074766,0.2791705052712467,0.05320131219674855,0.3305485937835728,0.25384773421642215,0.31572109968937656,0.29641955981371454,0.5758606576774425,0.25359776764897174,-0.3287809766154616,-0.039356567374344814,0.014648151284866264,-0.2309933993558149,0.6310619883600936,1.0,0.11444185406317019,-0.022289003228671025,0.390027226727316,-0.27772595978210196,0.2343169739200908,-0.0017817065066029368,-0.607274382509391,-0.24003874734537717,0.31054190088993017,-0.01837898544500883,0.33114277548475674,0.22902189328531355,0.13730755470792014,0.20626613962092502,0.24359646755349068,-0.44727369925911786,0.0305084182786939,0.08408227955444594,-0.12505040928136088,-0.06029574972679784,-0.36714270155925294,0.40943213910175097,0.4827767776401406,-0.4490114036445735,-0.023223598867907955,0.12264901405721605,-0.3158220491537748,-0.02605401033690249,0.09005222935675407,0.4205107642074572,0.6741614966232288,0.22228831172288477,-0.6515123832419225,0.18909597652474325,-0.10441296499177463,0.18057466581590872,-0.7408997543063199,0.2271366228400217,0.07633740562021386,0.2338500154216238,0.3071834178513011,-0.0710734161235248,0.08029109278119605,0.0822291738976418,-0.0174120001360811,0.13835862850035371,0.31179849719770975,0.15446025825792087,0.5428177784445375,0.311538685407966,0.5944085318048071,-0.38770901959338416,-0.45707325681288064,0.5240367090081213,0.11610142898099228,-0.4068548655407155,-0.5874605318051022,0.08720209375126832,-0.17241729034584075,-0.15042779389391797,-0.003448096874152032,-0.4761525148683354,-0.43620043373914685,-0.3063436759848761,-0.41732443061274327,-0.25458011667693314,0.3846270588403768,0.45210238449820245,-0.07387002156131103,0.11592964213384144,-0.17804314856226625,0.03467188587066726,0.2528916844829393,0.5999385230436171,0.5849374809291041,0.05201447170022801,0.041855404993416744,0.36137774299014375,-0.02046899614802622,-0.56133617991867,0.0385956672737782,-0.10265628248481247,0.2134313770342803,-0.3995458688654664
feature_16,-0.16826903279171165,-0.4896299527740872,-0.27640735580652775,0.49115071188977877,0.6732269321374983,-0.21059707334315986,0.27435810169129204,0.02961256376008687,0.25095113963539123,-0.25970824498261186,0.22976396184892686,-0.5392608732510147,-0.14390829051646797,-0.1532444564533744,0.08391283511854034,0.11444185406317019,1.0,-0.37701119640741376,0.5399681011603504,0.16821033325794427,0.3223393585127049,-0.11262986491534621,-0.3668613821381554,0.42610847377964506,-0.004794477069893297,-0.060957549528124655,0.5957431206252507,0.0686726938182452,-0.14441470561625408,0.007863429230527682,-0.18594265182168251,-0.3679059591905873,0.3424504576970899,0.27534012939987107,-0.09482948287433875,0.20620766022847753,-0.05822223498702691,0.3114706986089766,0.13040349848558072,-0.1076052853487676,-0.01968410331229194,0.1850765648501809,-0.055518265094710174,0.32490949371612143,0.32039446093128787,-0.08899921920900296,0.25738986713717715,0.15773985637090898,-0.12885964807850497,0.4247700448229078,0.3157273443772524,-0.17933668595327618,-0.33048346377665666,-0.24035307770166534,0.00799570346941329,0.1452815866411744,0.22944259396604413,0.3262519893609887,0.25165471012288293,0.05070312196828619,0.17325508168212994,0.013502570522623263,0.14646524966212535,-0.30393229286542617,0.09793902671281214,-0.13542564244077257,-0.17247092342254283,-0.21445824019112503,-0.4044719546319604,0.4457172201673964,-0.41660487778977173,0.3277193580180689,-0.1147865713717676,0.39859455527734905,0.09841995973265744,-0.10229002767870414,-0.5600437969429841,-0.5050749711660896,0.09328560766314474,-0.2130313782575048,-0.3325082510248831,-0.0663410914774272,0.17726230809454896,-0.3282288011590617,-0.20468611997180805,0.07316774293003077,-0.037935619131554445,0.045016428001609175,-0.250269298239243,0.20722055931772407,0.33709260180014544,0.2163701846698874,-0.3757490756279262,0.307672248063148,-0.07071281184981908,-0.17252982738020778,0.37360693402117956,0.25462895192820667,0.42341566352391646,-0.19085539538972898
feature_17,-0.09294795013698473,0.3055333608537963,0.21677623784514363,-0.12928637275913063,-0.40465384370117763,-0.22239863807236165,-0.5876889166143429,-0.43544521238226036,-0.023533563377260015,0.3973441842059126,0.1980074132508495,0.04468190102016509,-0.411526443644161,-0.41030903320974454,-0.013650454895196514,-0.022289003228671025,-0.37701119640741376,1.0,-0.21755318683535915,-0.3301660822580758,0.15746819086937439,0.19017435181123765,0.23388275845722875,-0.38939167592825913,-0.5387599176764518,0.15287625973719815,-0.4185924086048291,-0.2272748231476202,-0.0038379442894171997,-0.1406681073812622,0.26920985380186496,0.5662009255312335,-0.4541432426645395,-0.2760632536653632,0.011555744261871103,0.006798591787336806,0.051568156127394904,0.1706186940659164,-0.5425536238392215,-0.08732137843358305,-0.12962210053281725,-0.5188863895915363,0.09624380454492883,0.2691642424261549,-0.665927020489238,-0.041087382905133446,-0.2285189125851795,-0.3612068556412764,-0.048439433525575955,0.1836394760930413,-0.22079382372901776,0.5174114575407053,0.174451877304423,0.18849916730477478,-0.32182992094777657,0.3903313192828733,-0.16968174440735687,-0.5691793123569682,0.2540183005718769,-0.2454049953158242,-0.3109210895485458,-0.3955012793348587,-0.013576241013034566,-0.33454511012026006,-0.29028364528600403,-0.023683603989804847,-0.12139854030263501,0.46627866316983224,0.35574714913346833,-0.4549468959093303,0.5567744621553197,0.28587375946863974,0.14976892813280526,-0.26436439829966696,0.10788901827314694,0.675075063197514,-0.03589900144187116,0.6202420425982236,-0.023799238212173036,0.6656129031469026,0.15118804806076958,0.029276661008188647,-0.16461051744748728,0.056669833155574584,0.09285246509544935,-0.5782587267387052,0.524714582470705,0.2222220376599763,0.25649280344280734,-0.35170813205133045,-0.18189124642004448,-0.2294273169542295,0.08514747414370857,-0.3659038550479102,-0.199424409618933,0.38749670437754563,-0.6256589611716824,-0.5576370147670455,-0.5317026071687707,0.08026986571746868
feature_18,-0.1692081780233822,0.009057368192473143,-0.028277343125048347,0.43250387560466347,0.5851597506181465,-0.10108685067253152,0.44626739341586624,0.06366882622357727,0.5482019003149542,-0.004155705385136707,0.10445770679896786,-0.42436673329530095,-0.006073126522531661,-0.236951695414036,0.34432815578244375,0.390027226727316,0.5399681011603504,-0.21755318683535915,1.0,0.12185042578774374,0.37536489445907234,0.1346671980452597,-0.5487267065278079,-0.05237844866003884,0.15976949179503677,-0.1820912163360768,0.43769838581080306,0.09865430016314003,0.06327739540652304,0.17734840952862221,0.2354994671848497,-0.37964248644372844,0.28632988203153475,0.31871642805288053,0.019543638956711074,0.19760192730123402,-0.4094572843023096,0.32473017198335097,0.21571700085380704,-0.2770096058194995,-0.04921388458555468,0.06526263207086838,-0.07786006197258911,0.2038280769753306,0.29021142119530646,-0.0925862433231973,0.34889297994489665,0.311663272423501,-0.1385508828915376,0.31237841400979915,-0.15339529917238873,0.03017694302842295,-0.534969850147525,0.024855636298862428,0.18467064239918654,0.07016360120769387,0.24706803317251835,0.2112312556485682,0.17440674440835366,0.19815086613657165,0.1448365756461135,0.1781361161372506,0.3508208561783879,-0.10353372495056544,0.1871673430938649,0.017804801985393064,0.1421416780717673,-0.059278948231427084,-0.3504023345351926,0.5604988607111001,-0.06558200973356813,0.013048210620737298,-0.5034598092627578,0.173561412187772,-0.16973962749595672,-0.24647633628504592,-0.29871605263978945,-0.2500639655145165,-0.20826277187674286,-0.20764309652946097,-0.2749019340395062,-0.050590658315371746,0.2073403618321685,-0.16471113541279275,-0.016737697537694014,0.0474499358276299,0.13600586875070084,0.13639910038231576,0.11357123083066466,0.2168615535141671,0.3903352115984672,0.13609644664335555,-0.11769439921177988,0.3539665705132833,0.15749739867065876,-0.30368720911709624,0.30671545806071776,-0.11109515965558926,0.268156104941594,-0.11747999953403727
