,feature_0,feature_1,feature_2,feature_3,feature_4,feature_5,feature_6,feature_7,feature_8,feature_9,feature_10,feature_11,feature_12,feature_13,feature_14,feature_15
feature_0,1.0,-0.28374205230804833,0.0844598400280251,-0.02339024692484463,0.3066821909005538,-0.268232360499263,-0.3500346743185034,0.23602697856891644,-0.4939901156670648,0.10614999441025535,0.000837020265962877,0.042570565949343664,-0.10918381683227094,-0.4447992473585943,0.35998960601509805,-0.27591200740483407
feature_1,-0.28374205230804833,1.0,0.0944105357682692,-0.10392430150187831,-0.26425405555563913,0.06341587752011404,-0.13004042983744524,-0.3010341520681387,0.10810716849761062,0.1128807384754463,0.06191370775066414,0.2607490083479433,-0.5893112202320809,0.5762899366481538,0.4107624134247098,0.3997393974312894
feature_2,0.0844598400280251,0.0944105357682692,1.0,0.23735220083344247,-0.32507861775101665,-0.1866533485193969,-0.2190488302797892,-0.28524244346670113,0.1422732577047071,0.39879307547317516,0.013706896388267917,0.7365563749839219,-0.00146484483097367,0.32867455132517975,0.20106772837050876,-0.014339471699596804
feature_3,-0.02339024692484463,-0.10392430150187831,0.23735220083344247,1.0,-0.372259697274305,-0.03014990809457444,0.2877793930911408,-0.1872580362447963,-0.10099438481694523,-0.058503641474954765,-0.1317528115075604,0.4446730468080606,0.04679064977032873,0.09690451600396457,-0.19146008883528137,0.000610490929657356
feature_4,0.3066821909005538,-0.26425405555563913,-0.32507861775101665,-0.372259697274305,1.0,0.08332412088674834,-0.14597569718947334,0.3954517801594081,0.04157175258617512,0.3413784628973458,-0.10655527520423579,-0.4852576985526103,0.17390036418388075,-0.36758383296159464,-0.02232388352715355,-0.054868199254475405
feature_5,-0.268232360499263,0.06341587752011404,-0.1866533485193969,-0.03014990809457444,0.08332412088674834,1.0,0.20781835975602447,0.2861853741928871,0.08430766465698353,-0.01668794260904806,0.10342234927367143,-0.27385405673389135,0.07212843353464418,-0.07326077902115201,-0.36607950026944097,-0.4662806108311847
feature_6,-0.3500346743185034,-0.13004042983744524,-0.2190488302797892,0.2877793930911408,-0.14597569718947334,0.20781835975602447,1.0,-0.10963192247559184,0.11285415629348479,-0.2064652163174976,-0.4784312653204876,-0.16001877270385126,0.04194522084100177,0.245083898809387,-0.5375147574163042,0.08136463309055088
feature_7,0.23602697856891644,-0.3010341520681387,-0.28524244346670113,-0.1872580362447963,0.3954517801594081,0.2861853741928871,-0.10963192247559184,1.0,-0.014392846048228805,-0.1282800224064684,0.3561528378936686,-0.5243777292809346,0.5744245945629697,-0.479706217117246,0.19214453074093338,-0.22662483700312064
feature_8,-0.4939901156670648,0.10810716849761062,0.1422732577047071,-0.10099438481694523,0.04157175258617512,0.08430766465698353,0.11285415629348479,-0.014392846048228805,1.0,0.2697295178129196,0.056450883782954396,-0.02957171538299149,0.26377655975194914,0.27472015364507274,-0.17117622778047056,0.2858734568084343
feature_9,0.10614999441025535,0.1128807384754463,0.39879307547317516,-0.058503641474954765,0.3413784628973458,-0.01668794260904806,-0.2064652163174976,-0.1282800224064684,0.2697295178129196,1.0,0.14800794871266,0.23907975365434073,-0.14860965924555755,0.3336180754058636,0.20664886923393957,0.12283289499583204
feature_10,0.000837020265962877,0.06191370775066414,0.013706896388267917,-0.1317528115075604,-0.10655527520423579,0.10342234927367143,-0.4784312653204876,0.3561528378936686,0.056450883782954396,0.14800794871266,1.0,0.04947568741897374,0.13308634514813536,0.12318247037055037,0.3484750748441665,-0.20719672709500583
feature_11,0.042570565949343664,0.2607490083479433,0.7365563749839219,0.4446730468080606,-0.4852576985526103,-0.27385405673389135,-0.16001877270385126,-0.5243777292809346,-0.02957171538299149,0.23907975365434073,0.04947568741897374,1.0,-0.2098350417992752,0.4678837300390117,0.2397082984854394,0.11800826928743607
feature_12,-0.10918381683227094,-0.5893112202320809,-0.00146484483097367,0.04679064977032873,0.17390036418388075,0.07212843353464418,0.04194522084100177,0.5744245945629697,0.26377655975194914,-0.14860965924555755,0.13308634514813536,-0.2098350417992752,1.0,-0.3687712468308959,-0.07572665243265546,-0.10750384304823729
feature_13,-0.4447992473585943,0.5762899366481538,0.32867455132517975,0.09690451600396457,-0.36758383296159464,-0.07326077902115201,0.245083898809387,-0.479706217117246,0.27472015364507274,0.3336180754058636,0.12318247037055037,0.4678837300390117,-0.3687712468308959,1.0,0.11882497707236227,0.36285527518253563
feature_14,0.35998960601509805,0.4107624134247098,0.20106772837050876,-0.19146008883528137,-0.02232388352715355,-0.36607950026944097,-0.5375147574163042,0.19214453074093338,-0.17117622778047056,0.20664886923393957,0.3484750748441665,0.2397082984854394,-0.07572665243265546,0.11882497707236227,1.0,0.35510358507327255
feature_15,-0.27591200740483407,0.3997393974312894,-0.014339471699596804,0.000610490929657356,-0.054868199254475405,-0.4662806108311847,0.08136463309055088,-0.22662483700312064,0.2858734568084343,0.12283289499583204,-0.20719672709500583,0.11800826928743607,-0.10750384304823729,0.36285527518253563,0.35510358507327255,1.0
