,byte_0,byte_1,byte_10,byte_11,byte_12,byte_13,byte_14,byte_15,byte_16,byte_17,byte_18,byte_19,byte_2,byte_20,byte_21,byte_22,byte_23,byte_24,byte_25,byte_26,byte_27,byte_28,byte_29,byte_3,byte_30,byte_31,byte_4,byte_5,byte_6,byte_7,byte_8,byte_9,chunk_byte_size,chunk_number_in_heap,chunk_ptrs,chunk_vns
byte_0,1.0,0.7406256178272876,0.10423856335554953,0.11019040786117405,-0.009973806183826978,0.05816995503920821,0.2249700049797485,0.2779607808811101,0.0069846212737250165,-0.20614478104075087,-0.35079255576664115,-0.29937561069320245,0.49844796989925655,-0.15090773259047335,-0.1501286451879991,0.14562995987146046,0.15358704390148972,0.1164498980861314,0.13229446116908722,0.14414669629101132,0.10227091403958069,0.3062963213248397,0.3151167029201672,0.21953394931392095,0.3334414422149325,0.3585578228731687,0.2589207764357924,0.24028575436443544,-0.08202557983561558,-0.05879591268238849,0.02057819130864855,0.0033791134905874916,-0.012376006906511723,0.5392676490759349,-0.12372489429479329,-0.0018447034648419198
byte_1,0.7406256178272876,1.0,0.09256402164931844,0.09851387972311176,-0.003683454732627361,0.04758413244687434,0.2275333520989201,0.2578740960964489,-0.01816014164974529,-0.22123639286262417,-0.36528515036212844,-0.31020265950753484,0.5265097764017976,-0.16955847396410817,-0.1796624314072663,0.12125335939050504,0.13275715913280628,0.11578742133610627,0.1179144186509645,0.1330988777278606,0.0932794482593398,0.29547474475399144,0.2726388691098111,0.2302645100608328,0.2931199680714094,0.3238526224077605,0.249896733254997,0.2326240793550979,-0.0789048948885776,-0.057298169791133335,0.015559776337625925,-0.0001783136243006897,-0.014028799432911456,0.5472319490245241,-0.12615512990837113,-0.0033631572304828124
byte_10,0.10423856335554953,0.09256402164931844,1.0,0.4636395559035439,0.4185503767983842,0.3796281538112428,0.056389562492695944,0.05381686241019334,0.09143483594748998,0.08001989776986129,0.3650244529697431,0.09418371851977776,-0.16267683043082984,0.3606323083094763,0.35173172915112927,0.009862955069879147,-0.001699854109258629,0.040013682883828734,0.021934663480716193,0.011677799634450899,0.012741033062424415,0.14226918848692544,0.1303822238227274,-0.24007054299508718,0.1579969049852599,0.13938767626922993,-0.21144779517319282,-0.1428468164852826,-0.19831851080028234,-0.21114591077197992,0.4678161483014648,0.4521165182679728,-0.024303982757364635,-0.08733460777368172,-0.20345494754438173,-0.0070102009679833925
byte_11,0.11019040786117405,0.09851387972311176,0.4636395559035439,1.0,0.40064021335082833,0.4402607155379634,0.2085747755405437,0.1965240894185637,0.10372325570196737,0.08996906568463463,0.07326922143517631,0.3250397086931971,-0.045708694383242425,0.23830039925079285,0.24123076574035357,0.023717185653468677,0.02433168977448695,-0.013811198440686267,-0.025599605258604295,-0.02124975809959084,-0.033627997315415006,0.1253242611809871,0.14156920488683292,0.1198144759278853,0.14793730197352944,0.14507766735117494,-0.0887694853886636,-0.0323832937861042,-0.11559137883060214,-0.09900607528963651,0.2743011390222216,0.2936241723006548,-0.013270153629966672,-0.016379437065977075,-0.007498281486808341,-0.01290913868237681
byte_12,-0.009973806183826978,-0.003683454732627361,0.4185503767983842,0.40064021335082833,1.0,0.5219119551404088,0.28924013546071736,0.2692709072506133,0.16786262685581396,0.14985927400377677,0.16299609827571518,0.18487597280311652,-0.1382645021944689,0.5672655345011326,0.33121639238192946,0.1518578489945184,0.15070585433544142,0.14879360213524173,0.1322487498468353,0.13090710122959173,0.12418894767719094,0.00013563124020010863,0.0095577325214264,-0.12254914477421412,0.011900956116869935,0.015358822229906146,0.04633740574300657,-0.09789864564771104,-0.16701125722062315,-0.16208291494144542,0.20136534591002472,0.2155530816550363,-0.011938962065329442,-0.015993692258126177,0.0052662612791266935,-0.012645352524920439
byte_13,0.05816995503920821,0.04758413244687434,0.3796281538112428,0.4402607155379634,0.5219119551404088,1.0,0.4175216923980086,0.4084574671599958,0.19159208709498715,0.15634372520773165,0.13053023426511115,0.1375022928847582,-0.09057403353342486,0.2433347862255956,0.32790813475916447,0.23262121733672467,0.2255233800716728,0.20399556896374518,0.1927767893220011,0.17907895231155357,0.1805304712362637,0.05196155275581713,0.08126859621029685,-0.05518125705478657,0.07130168024138125,0.04698849427348447,-0.04125257072110601,0.17752066547419001,-0.12729905934867042,-0.12193259504108944,0.1235111913663141,0.14989286210895725,-0.005106513969086173,0.04573118253567235,0.09850350802328486,-0.01389689634991894
byte_14,0.2249700049797485,0.2275333520989201,0.056389562492695944,0.2085747755405437,0.28924013546071736,0.4175216923980086,1.0,0.6385535015929716,0.14505206435234974,0.010128077048835586,-0.04017960175597316,-0.01576443483546095,0.3973606551010907,-0.15358459879525765,-0.13294038868735794,0.29797296761138325,0.30609466714498146,0.27408937378719694,0.25301320210401285,0.25692385982454785,0.23640461376356076,0.14006902700509327,0.11075441808492824,0.30497196283928,0.1505854753569543,0.14697754150205464,0.3408913291357944,0.2572268879792946,0.30093737562928813,0.19150802122736438,-0.32544095261652195,-0.28238931521728633,0.028134049308660303,0.22646004578825069,0.4366171076614634,-0.009588553109639039
byte_15,0.2779607808811101,0.2578740960964489,0.05381686241019334,0.1965240894185637,0.2692709072506133,0.4084574671599958,0.6385535015929716,1.0,0.16833646899719107,0.020297723586779566,-0.04268569907082534,0.004079978195877755,0.37662676084875163,-0.14272006409973428,-0.1154815895787771,0.31027369162761814,0.316538767913909,0.27613239102595183,0.2849630192286541,0.28751657591245655,0.2514987035751888,0.1020046966813191,0.13803846463204647,0.28014334715802997,0.14050456488734553,0.1439601122436534,0.31998646553596033,0.26156634637344395,0.15709145550437917,0.14611156533662625,-0.2825193809087816,-0.25125683003391486,0.021356223845264085,0.2272228539354904,0.37138878607428955,-0.010733296584145935
byte_16,0.0069846212737250165,-0.01816014164974529,0.09143483594748998,0.10372325570196737,0.16786262685581396,0.19159208709498715,0.14505206435234974,0.16833646899719107,1.0,0.31365376358774893,0.29775477104617315,0.2823053400264717,-0.009390190875093053,0.15058237541352218,0.16433398447248607,0.09961948575410122,0.12111653444315607,0.11363117094668845,0.13793460477229363,0.1327757640334512,0.09389239118808725,-0.020819992537366255,-0.012532866215685976,0.005132319585992083,-0.0002489322185660969,0.019500710774171575,0.019702424003260104,0.05099184365993124,-0.026793510550259254,-0.002606352333501427,0.07325530900634604,0.020958618506595174,-0.07728773653355842,0.007720101079656755,-0.0028538148250015012,-0.07893941497996902
byte_17,-0.20614478104075087,-0.22123639286262417,0.08001989776986129,0.08996906568463463,0.14985927400377677,0.15634372520773165,0.010128077048835586,0.020297723586779566,0.31365376358774893,1.0,0.3869330975692008,0.3802692840103073,-0.17160251269085083,0.2267967940039725,0.2693906388183551,0.10462430839782191,0.10611726950622463,0.1043658071767426,0.09919822296689203,0.08635534420529914,0.07004076883383975,-0.0301249829971596,-0.013471556805816121,-0.07112277551725246,-0.023951890943967213,-0.017300013322917248,-0.08576808198928405,-0.05669763403195614,0.01226440469683378,0.04073561618219426,0.09454711916012075,0.141664206137465,-0.07260116199151231,-0.208109182578797,-0.04767481592497339,-0.07019490176066849
byte_18,-0.35079255576664115,-0.36528515036212844,0.3650244529697431,0.07326922143517631,0.16299609827571518,0.13053023426511115,-0.04017960175597316,-0.04268569907082534,0.29775477104617315,0.3869330975692008,1.0,0.47033976380104225,-0.2706626443626714,0.32275446155637527,0.35087537208840686,0.13998828233738012,0.14346484968518816,0.11973655175823246,0.11860270406275485,0.1123029392790107,0.11876750583664299,0.014052115844631239,-0.005381700058460935,-0.12771265884350072,0.009130132747513134,-0.0006040596483429486,-0.14939944840478228,-0.09754774316041813,0.06568487599943022,0.10064289124445011,0.15915569922063497,0.16827023917073833,-0.029530914411175828,-0.3984636369256303,-0.01608659839815671,-0.028813678877343193
byte_19,-0.29937561069320245,-0.31020265950753484,0.09418371851977776,0.3250397086931971,0.18487597280311652,0.1375022928847582,-0.01576443483546095,0.004079978195877755,0.2823053400264717,0.3802692840103073,0.47033976380104225,1.0,-0.22768984400537193,0.33139958561445243,0.3527395857992863,0.20055869528767,0.21380665050272024,0.14140396708496283,0.14037221977235753,0.1538107516596161,0.13957286677968042,0.020948506881347768,0.035585224725469045,-0.10497352373484274,0.03106453246450442,0.055355191056966645,-0.12837343232367435,-0.07547790898600869,0.06456814527797607,0.09060881606030578,0.1469274709665476,0.16242498817983392,-0.012440929883446205,-0.321661657004509,2.0585949421926376e-05,-0.012695159048731962
byte_2,0.49844796989925655,0.5265097764017976,-0.16267683043082984,-0.045708694383242425,-0.1382645021944689,-0.09057403353342486,0.3973606551010907,0.37662676084875163,-0.009390190875093053,-0.17160251269085083,-0.2706626443626714,-0.22768984400537193,1.0,-0.4795371534473085,-0.5078602942285426,0.12617140092912965,0.12520931008524291,0.11104166228928139,0.0837510382191117,0.10017530791855336,0.07285970181275032,0.29746194877271703,0.29029923301032645,0.6351110412184577,0.31777201820455653,0.32001211129311874,0.6607490522019522,0.5481820026203726,0.437917853042573,0.4301574677548029,-0.3807965641021116,-0.3600043135940601,0.0015226744612824993,0.3886120783535634,0.39453347817643836,-0.03320141047318334
byte_20,-0.15090773259047335,-0.16955847396410817,0.3606323083094763,0.23830039925079285,0.5672655345011326,0.2433347862255956,-0.15358459879525765,-0.14272006409973428,0.15058237541352218,0.2267967940039725,0.32275446155637527,0.33139958561445243,-0.4795371534473085,1.0,0.7787763092872095,0.3125644148820452,0.3331924787252485,0.2507518322870477,0.2606806516052645,0.2856669296834888,0.2559932338504872,0.15218184209312724,0.15495048600883926,-0.4144640896027239,0.15865062200370944,0.167256160628107,-0.4377191006139883,-0.3407816014306482,-0.3094619605673464,-0.29503780445601285,0.5144923227717966,0.511424589022454,0.030760934477604102,-0.1916322200471014,-0.39221266941558836,0.06608619310390623
byte_21,-0.1501286451879991,-0.1796624314072663,0.35173172915112927,0.24123076574035357,0.33121639238192946,0.32790813475916447,-0.13294038868735794,-0.1154815895787771,0.16433398447248607,0.2693906388183551,0.35087537208840686,0.3527395857992863,-0.5078602942285426,0.7787763092872095,1.0,0.4533525581299024,0.4578673612796043,0.3631559898394613,0.35490583823631144,0.3736285815867191,0.3711782517707582,0.22400717118757346,0.2420252191487146,-0.4322229810157109,0.24643022127909356,0.2082832681278707,-0.4538348038968765,-0.3505388785440678,-0.3228633718072126,-0.30192170792203116,0.549650428458389,0.5698798315773935,0.05134211136131347,-0.19714991494883813,-0.4102864880245432,0.08879106168780214
byte_22,0.14562995987146046,0.12125335939050504,0.009862955069879147,0.023717185653468677,0.1518578489945184,0.23262121733672467,0.29797296761138325,0.31027369162761814,0.09961948575410122,0.10462430839782191,0.13998828233738012,0.20055869528767,0.12617140092912965,0.3125644148820452,0.4533525581299024,1.0,0.9106029408053669,0.7421022666152531,0.7047712286124942,0.7032706453865887,0.7043238000653634,0.46766091203032667,0.5070874145435966,0.058036680712910765,0.5154821198700728,0.4769604261974583,0.06263202939585509,0.05422655972995479,0.14075634280955707,0.12849161431443706,0.03824288074406541,0.07276109630958004,0.12127291401969924,0.08386971957076597,0.00040761904184377054,0.12427223951365717
byte_23,0.15358704390148972,0.13275715913280628,-0.001699854109258629,0.02433168977448695,0.15070585433544142,0.2255233800716728,0.30609466714498146,0.316538767913909,0.12111653444315607,0.10611726950622463,0.14346484968518816,0.21380665050272024,0.12520931008524291,0.3331924787252485,0.4578673612796043,0.9106029408053669,1.0,0.7138530301976967,0.7064259104942264,0.724560505215501,0.6750058019077386,0.455891841893299,0.49536311578313375,0.05927327774103202,0.49331429410450606,0.5102044792399747,0.05200701239318617,0.06324002410960898,0.12642597872693193,0.12830609739173693,0.050830212872498594,0.06897119670203374,0.09743318372512598,0.081846912442675,-0.004489377546123816,0.10019578448271296
byte_24,0.1164498980861314,0.11578742133610627,0.040013682883828734,-0.013811198440686267,0.14879360213524173,0.20399556896374518,0.27408937378719694,0.27613239102595183,0.11363117094668845,0.1043658071767426,0.11973655175823246,0.14140396708496283,0.11104166228928139,0.2507518322870477,0.3631559898394613,0.7421022666152531,0.7138530301976967,1.0,0.9012155170013989,0.8528793583656369,0.8370709134316832,0.3011950104972241,0.3374069615420869,0.00017336057411536886,0.3621736546082206,0.2782957483974315,0.015149595448482078,-0.007931730485230099,0.09458114008569424,0.05251618983598915,0.013817285593470124,0.06797608923300144,0.11024708233595912,0.06351353172318548,-0.0734763828934959,0.11952504926610237
byte_25,0.13229446116908722,0.1179144186509645,0.021934663480716193,-0.025599605258604295,0.1322487498468353,0.1927767893220011,0.25301320210401285,0.2849630192286541,0.13793460477229363,0.09919822296689203,0.11860270406275485,0.14037221977235753,0.0837510382191117,0.2606806516052645,0.35490583823631144,0.7047712286124942,0.7064259104942264,0.9012155170013989,1.0,0.8941012209300484,0.8431736639042499,0.2691041078730652,0.3361412366524356,-0.006841489019573752,0.33236380125206844,0.29278683672304917,-0.0069795505965795715,-0.0004283844246065113,0.07347726247735482,0.037036058847127455,0.03279968165965448,0.05461047364989287,0.15029126774274437,0.06705254152680037,-0.0665863137285309,0.1600295701218574
byte_26,0.14414669629101132,0.1330988777278606,0.011677799634450899,-0.02124975809959084,0.13090710122959173,0.17907895231155357,0.25692385982454785,0.28751657591245655,0.1327757640334512,0.08635534420529914,0.1123029392790107,0.1538107516596161,0.10017530791855336,0.2856669296834888,0.3736285815867191,0.7032706453865887,0.724560505215501,0.8528793583656369,0.8941012209300484,1.0,0.8513334885638296,0.30420149475846625,0.4004702756051602,0.004972135845472683,0.38554469503097677,0.3767258250490101,-0.0007680715149715315,0.013183756283454534,0.07029595125252584,0.0508121809440254,0.043433270766919066,0.055237954249109746,0.07979028117899407,0.07228465954894192,-0.03287323732731774,0.0846733135168399
byte_27,0.10227091403958069,0.0932794482593398,0.012741033062424415,-0.033627997315415006,0.12418894767719094,0.1805304712362637,0.23640461376356076,0.2514987035751888,0.09389239118808725,0.07004076883383975,0.11876750583664299,0.13957286677968042,0.07285970181275032,0.2559932338504872,0.3711782517707582,0.7043238000653634,0.6750058019077386,0.8370709134316832,0.8431736639042499,0.8513334885638296,1.0,0.3632046101714621,0.36883809555668823,0.0026007898497016047,0.38520413188967895,0.2997721371800999,0.007731842775695987,-0.013036666944674275,0.05985028884437045,0.018739859700443843,0.012500917106242636,0.028866675208473653,0.085162208216738,0.0680914352519022,0.019415639934616487,0.08554403336505777
byte_28,0.3062963213248397,0.29547474475399144,0.14226918848692544,0.1253242611809871,0.00013563124020010863,0.05196155275581713,0.14006902700509327,0.1020046966813191,-0.020819992537366255,-0.0301249829971596,0.014052115844631239,0.020948506881347768,0.29746194877271703,0.15218184209312724,0.22400717118757346,0.46766091203032667,0.455891841893299,0.3011950104972241,0.2691041078730652,0.30420149475846625,0.3632046101714621,1.0,0.8240619256637195,0.1955443591431693,0.8766573324156187,0.8335134417776656,0.19363797891563572,0.17557034929600754,0.23209311034353564,0.23948848667331185,0.19634121602867807,0.21259923797095298,0.08088148536232748,0.07613855598491011,0.00249031662321771,0.08261384369423083
byte_29,0.3151167029201672,0.2726388691098111,0.1303822238227274,0.14156920488683292,0.0095577325214264,0.08126859621029685,0.11075441808492824,0.13803846463204647,-0.012532866215685976,-0.013471556805816121,-0.005381700058460935,0.035585224725469045,0.29029923301032645,0.15495048600883926,0.2420252191487146,0.5070874145435966,0.49536311578313375,0.3374069615420869,0.3361412366524356,0.4004702756051602,0.36883809555668823,0.8240619256637195,1.0,0.21468888911633022,0.8940647390763093,0.8566316076143399,0.17764093211913717,0.19883700269236126,0.2564905741588461,0.2605053851291277,0.21051915101480187,0.23736763480187897,0.06471974128398231,0.07635430958824299,-0.014456153222190156,0.06759610011457004
byte_3,0.21953394931392095,0.2302645100608328,-0.24007054299508718,0.1198144759278853,-0.12254914477421412,-0.05518125705478657,0.30497196283928,0.28014334715802997,0.005132319585992083,-0.07112277551725246,-0.12771265884350072,-0.10497352373484274,0.6351110412184577,-0.4144640896027239,-0.4322229810157109,0.058036680712910765,0.05927327774103202,0.00017336057411536886,-0.006841489019573752,0.004972135845472683,0.0026007898497016047,0.1955443591431693,0.21468888911633022,1.0,0.2107773378791454,0.2122793222160886,0.5696289041233253,0.46996265797443604,0.45356855879053853,0.45034402524061007,-0.38747788021214635,-0.36638367457025983,0.005563725119240426,0.19895303729860914,0.4473014472334397,-0.03364088018858568
byte_30,0.3334414422149325,0.2931199680714094,0.1579969049852599,0.14793730197352944,0.011900956116869935,0.07130168024138125,0.1505854753569543,0.14050456488734553,-0.0002489322185660969,-0.023951890943967213,0.009130132747513134,0.03106453246450442,0.31777201820455653,0.15865062200370944,0.24643022127909356,0.5154821198700728,0.49331429410450606,0.3621736546082206,0.33236380125206844,0.38554469503097677,0.38520413188967895,0.8766573324156187,0.8940647390763093,0.2107773378791454,1.0,0.876328668064604,0.19814021861354036,0.20556370734004265,0.25867670732564874,0.2644142120760317,0.21070011817032647,0.24157090106310689,0.040924399877294695,0.07919437873498826,-0.030020537369504635,0.04453887453454113
byte_31,0.3585578228731687,0.3238526224077605,0.13938767626922993,0.14507766735117494,0.015358822229906146,0.04698849427348447,0.14697754150205464,0.1439601122436534,0.019500710774171575,-0.017300013322917248,-0.0006040596483429486,0.055355191056966645,0.32001211129311874,0.167256160628107,0.2082832681278707,0.4769604261974583,0.5102044792399747,0.2782957483974315,0.29278683672304917,0.3767258250490101,0.2997721371800999,0.8335134417776656,0.8566316076143399,0.2122793222160886,0.876328668064604,1.0,0.1839044541743945,0.21824203240098772,0.2526916663806394,0.28475526083449304,0.2294802998426213,0.22698031180008907,0.04123191491180282,0.07858427641585992,-0.037718030852916716,0.045601351557487346
byte_4,0.2589207764357924,0.249896733254997,-0.21144779517319282,-0.0887694853886636,0.04633740574300657,-0.04125257072110601,0.3408913291357944,0.31998646553596033,0.019702424003260104,-0.08576808198928405,-0.14939944840478228,-0.12837343232367435,0.6607490522019522,-0.4377191006139883,-0.4538348038968765,0.06263202939585509,0.05200701239318617,0.015149595448482078,-0.0069795505965795715,-0.0007680715149715315,0.007731842775695987,0.19363797891563572,0.17764093211913717,0.5696289041233253,0.19814021861354036,0.1839044541743945,1.0,0.5113064839847866,0.4293225602869656,0.42719505797150975,-0.4252894330273367,-0.3971773671438924,0.005396103582389903,0.25816657031962165,0.47510732450704546,-0.03627888198932182
byte_5,0.24028575436443544,0.2326240793550979,-0.1428468164852826,-0.0323832937861042,-0.09789864564771104,0.17752066547419001,0.2572268879792946,0.26156634637344395,0.05099184365993124,-0.05669763403195614,-0.09754774316041813,-0.07547790898600869,0.5481820026203726,-0.3407816014306482,-0.3505388785440678,0.05422655972995479,0.06324002410960898,-0.007931730485230099,-0.0004283844246065113,0.013183756283454534,-0.013036666944674275,0.17557034929600754,0.19883700269236126,0.46996265797443604,0.20556370734004265,0.21824203240098772,0.5113064839847866,1.0,0.3927131433859986,0.40666551546940255,-0.2881959695821467,-0.29021322325697363,-0.004395387715730244,0.19070330205528208,0.3836055506466575,-0.03823414828998386
byte_6,-0.08202557983561558,-0.0789048948885776,-0.19831851080028234,-0.11559137883060214,-0.16701125722062315,-0.12729905934867042,0.30093737562928813,0.15709145550437917,-0.026793510550259254,0.01226440469683378,0.06568487599943022,0.06456814527797607,0.437917853042573,-0.3094619605673464,-0.3228633718072126,0.14075634280955707,0.12642597872693193,0.09458114008569424,0.07347726247735482,0.07029595125252584,0.05985028884437045,0.23209311034353564,0.2564905741588461,0.45356855879053853,0.25867670732564874,0.2526916663806394,0.4293225602869656,0.3927131433859986,1.0,0.6298274687482018,-0.28506495101794976,-0.26402260990875664,0.02110260419840768,-0.1758287618939053,0.4429858090898771,-0.01732610245873198
byte_7,-0.05879591268238849,-0.057298169791133335,-0.21114591077197992,-0.09900607528963651,-0.16208291494144542,-0.12193259504108944,0.19150802122736438,0.14611156533662625,-0.002606352333501427,0.04073561618219426,0.10064289124445011,0.09060881606030578,0.4301574677548029,-0.29503780445601285,-0.30192170792203116,0.12849161431443706,0.12830609739173693,0.05251618983598915,0.037036058847127455,0.0508121809440254,0.018739859700443843,0.23948848667331185,0.2605053851291277,0.45034402524061007,0.2644142120760317,0.28475526083449304,0.42719505797150975,0.40666551546940255,0.6298274687482018,1.0,-0.26688382583244563,-0.24516935729863756,0.020109097716132184,-0.16982658222586464,0.4221736205479878,-0.0164750841299809
byte_8,0.02057819130864855,0.015559776337625925,0.4678161483014648,0.2743011390222216,0.20136534591002472,0.1235111913663141,-0.32544095261652195,-0.2825193809087816,0.07325530900634604,0.09454711916012075,0.15915569922063497,0.1469274709665476,-0.3807965641021116,0.5144923227717966,0.549650428458389,0.03824288074406541,0.050830212872498594,0.013817285593470124,0.03279968165965448,0.043433270766919066,0.012500917106242636,0.19634121602867807,0.21051915101480187,-0.38747788021214635,0.21070011817032647,0.2294802998426213,-0.4252894330273367,-0.2881959695821467,-0.28506495101794976,-0.26688382583244563,1.0,0.6740053728025116,-0.03626574520527058,-0.21820025904478013,-0.5637662291706669,0.012402463558241268
byte_9,0.0033791134905874916,-0.0001783136243006897,0.4521165182679728,0.2936241723006548,0.2155530816550363,0.14989286210895725,-0.28238931521728633,-0.25125683003391486,0.020958618506595174,0.141664206137465,0.16827023917073833,0.16242498817983392,-0.3600043135940601,0.511424589022454,0.5698798315773935,0.07276109630958004,0.06897119670203374,0.06797608923300144,0.05461047364989287,0.055237954249109746,0.028866675208473653,0.21259923797095298,0.23736763480187897,-0.36638367457025983,0.24157090106310689,0.22698031180008907,-0.3971773671438924,-0.29021322325697363,-0.26402260990875664,-0.24516935729863756,0.6740053728025116,1.0,-0.033557555645452555,-0.21483307015692577,-0.5550532049483892,0.01446964130848212
chunk_byte_size,-0.012376006906511723,-0.014028799432911456,-0.024303982757364635,-0.013270153629966672,-0.011938962065329442,-0.005106513969086173,0.028134049308660303,0.021356223845264085,-0.07728773653355842,-0.07260116199151231,-0.029530914411175828,-0.012440929883446205,0.0015226744612824993,0.030760934477604102,0.05134211136131347,0.12127291401969924,0.09743318372512598,0.11024708233595912,0.15029126774274437,0.07979028117899407,0.085162208216738,0.08088148536232748,0.06471974128398231,0.005563725119240426,0.040924399877294695,0.04123191491180282,0.005396103582389903,-0.004395387715730244,0.02110260419840768,0.020109097716132184,-0.03626574520527058,-0.033557555645452555,1.0,0.032982833842887124,0.3346881206750716,0.9965456360828469
chunk_number_in_heap,0.5392676490759349,0.5472319490245241,-0.08733460777368172,-0.016379437065977075,-0.015993692258126177,0.04573118253567235,0.22646004578825069,0.2272228539354904,0.007720101079656755,-0.208109182578797,-0.3984636369256303,-0.321661657004509,0.3886120783535634,-0.1916322200471014,-0.19714991494883813,0.08386971957076597,0.081846912442675,0.06351353172318548,0.06705254152680037,0.07228465954894192,0.0680914352519022,0.07613855598491011,0.07635430958824299,0.19895303729860914,0.07919437873498826,0.07858427641585992,0.25816657031962165,0.19070330205528208,-0.1758287618939053,-0.16982658222586464,-0.21820025904478013,-0.21483307015692577,0.032982833842887124,1.0,0.029327747271499956,0.031226030026347544
chunk_ptrs,-0.12372489429479329,-0.12615512990837113,-0.20345494754438173,-0.007498281486808341,0.0052662612791266935,0.09850350802328486,0.4366171076614634,0.37138878607428955,-0.0028538148250015012,-0.04767481592497339,-0.01608659839815671,2.0585949421926376e-05,0.39453347817643836,-0.39221266941558836,-0.4102864880245432,0.00040761904184377054,-0.004489377546123816,-0.0734763828934959,-0.0665863137285309,-0.03287323732731774,0.019415639934616487,0.00249031662321771,-0.014456153222190156,0.4473014472334397,-0.030020537369504635,-0.037718030852916716,0.47510732450704546,0.3836055506466575,0.4429858090898771,0.4221736205479878,-0.5637662291706669,-0.5550532049483892,0.3346881206750716,0.029327747271499956,1.0,0.255334646328153
chunk_vns,-0.0018447034648419198,-0.0033631572304828124,-0.0070102009679833925,-0.01290913868237681,-0.012645352524920439,-0.01389689634991894,-0.009588553109639039,-0.010733296584145935,-0.07893941497996902,-0.07019490176066849,-0.028813678877343193,-0.012695159048731962,-0.03320141047318334,0.06608619310390623,0.08879106168780214,0.12427223951365717,0.10019578448271296,0.11952504926610237,0.1600295701218574,0.0846733135168399,0.08554403336505777,0.08261384369423083,0.06759610011457004,-0.03364088018858568,0.04453887453454113,0.045601351557487346,-0.03627888198932182,-0.03823414828998386,-0.01732610245873198,-0.0164750841299809,0.012402463558241268,0.01446964130848212,0.9965456360828469,0.031226030026347544,0.255334646328153,1.0
