,byte_0,byte_1,byte_10,byte_11,byte_12,byte_13,byte_14,byte_15,byte_16,byte_17,byte_18,byte_19,byte_2,byte_20,byte_21,byte_22,byte_23,byte_24,byte_25,byte_26,byte_27,byte_28,byte_29,byte_3,byte_30,byte_31,byte_4,byte_5,byte_6,byte_7,byte_8,byte_9,chunk_byte_size,chunk_number_in_heap,chunk_ptrs,chunk_vns
byte_0,1.0,0.7543560833180241,0.1248495134527766,0.09316678791947422,-0.014265615036659633,0.04334357356789688,0.17876290070733633,0.2858294786138539,0.022865022723632843,-0.14626087722959266,-0.26115177511175974,-0.20438752375193006,0.4739111428625289,-0.10980928944989903,-0.06256748514859078,0.17807541911170113,0.17107423026308674,0.09767931355084225,0.13375010242451024,0.13033566760987073,0.13103565374817797,0.25354045681370757,0.25325325584087055,0.22050096669779282,0.29134678531772856,0.31884761102114323,0.2055392285173799,0.2336714775151583,-0.07695947605247329,-0.03924041754801954,0.09613337808929963,0.05111704125391794,0.030982524695925825,0.43373497097595026,-0.027925363598056367,0.03223050738498609
byte_1,0.7543560833180241,1.0,0.1162557619238067,0.07453311020529438,-0.011425355997437311,0.030148859718718904,0.18100832705815142,0.2596109896183748,0.007892865148516974,-0.14527313166353303,-0.27342629671122803,-0.21373416612441337,0.49625754685113543,-0.12392629860204184,-0.08452268684781844,0.14845398211533717,0.1401903270328685,0.09152091864658726,0.11689033416881324,0.13675758722189696,0.12930265955383075,0.2587794242241399,0.2270240283425157,0.23565622608450748,0.2771438741632181,0.2900514047015925,0.19591337358793048,0.22437135804403618,-0.0755429607895335,-0.03676941019070775,0.08951429613018762,0.05690923800567812,0.019298707749560776,0.4397074686460495,-0.02642116175850385,0.020443469491217933
byte_10,0.1248495134527766,0.1162557619238067,1.0,0.4729820822997029,0.4253799288699873,0.3772597478182624,0.10820901290382613,0.09727603813316867,0.10731932192997923,0.10010255390673332,0.3593628099282095,0.1283491052702059,-0.10012155802495835,0.33528906604516934,0.3320696425498791,0.06719778035841927,0.051261003773244,0.0606311532103234,0.06500750543098796,0.0553818603212445,0.06053951903254022,0.13672011971434156,0.11419096295855713,-0.18516422326247542,0.1531541816663665,0.13670224096914485,-0.1650756847985789,-0.08939314405925597,-0.14734600285447577,-0.14513198605147964,0.467300360234185,0.4495687068050703,0.005310083264335171,-0.07083968234490642,-0.06641190401396865,0.00805173766971504
byte_11,0.09316678791947422,0.07453311020529438,0.4729820822997029,1.0,0.4033646924640494,0.3705744671641331,0.23973335920718003,0.1982405423804808,0.08543783339910203,0.07101356845000167,0.07573460006806954,0.28690304129161726,-0.009246767501580056,0.21172901425216126,0.20668229476720784,0.06048091468900321,0.05754114075485864,0.013489982134879563,0.018574391431532687,0.005357676814458854,0.007766472466625226,0.09921287213489813,0.1168361752337232,0.1804877982153226,0.11821302263852909,0.11759088015799389,-0.030907519740284568,-0.019007733103826047,-0.06931835845059502,-0.057166821753777526,0.23720045111221721,0.2522624429853687,0.006701797391264416,-0.001210975090031419,-0.020287519773330712,0.007559001258899061
byte_12,-0.014265615036659633,-0.011425355997437311,0.4253799288699873,0.4033646924640494,1.0,0.5073803712707526,0.3012308852584936,0.25318521678885614,0.1304733191051625,0.12830478358302938,0.14506322319973539,0.16066888540152163,-0.12082651758977968,0.5151185919833734,0.31054546191028337,0.1673192452862686,0.15898669994695663,0.1285600934044198,0.12433400587341689,0.12030626388132877,0.11543829668533534,0.042447718451402126,0.038164598767283515,-0.07932321969492989,0.044966966574328526,0.04552926534291692,0.10349478311811561,-0.061293170453165555,-0.11055029794497259,-0.09911516932169157,0.20032951183020123,0.20886893560948058,0.008197172384895606,-0.020937969264478197,-0.02021209819532045,0.009057840856030995
byte_13,0.04334357356789688,0.030148859718718904,0.3772597478182624,0.3705744671641331,0.5073803712707526,1.0,0.42361769135830746,0.3640879867856919,0.13408796244019766,0.11678204921011016,0.10727365099465706,0.10332936059238829,-0.061010894394810555,0.22628210523733583,0.31527372497327943,0.23560960963506897,0.22920370748833388,0.17793051745178307,0.17714961745189559,0.16189844220180188,0.15461005766896707,0.0819075292352448,0.11289131544151469,-0.031158662001608873,0.09333450865156105,0.07857226791529329,-0.012046482194650996,0.24253978480944552,-0.057649761399589564,-0.05955630085566299,0.12023429830964835,0.13992072175165898,0.016898137120518682,0.04091971133161175,-0.0028083100960009,0.017071403913924227
byte_14,0.17876290070733633,0.18100832705815142,0.10820901290382613,0.23973335920718003,0.3012308852584936,0.42361769135830746,1.0,0.5674854742252803,0.06827340534769596,-0.03341103856986688,-0.06004204573426946,-0.035573465161078906,0.3271509969002126,-0.11504079542743945,-0.05064496382764302,0.31509219923941145,0.3051309871618741,0.26044017384636414,0.26417927160498733,0.25546167914196655,0.23969762995778543,0.17118184811528087,0.15614258654909552,0.26477876783317483,0.19755109457591905,0.18673307484517596,0.27505438477364885,0.2176354759281505,0.2867490709976467,0.20131946737115256,-0.27809367317588407,-0.26786585617420366,0.018000839822394088,0.20977068091104378,0.07548111955993307,0.014965330488771241
byte_15,0.2858294786138539,0.2596109896183748,0.09727603813316867,0.1982405423804808,0.25318521678885614,0.3640879867856919,0.5674854742252803,1.0,0.17816817835754045,0.044105922117348664,-0.0004484043866575346,0.05168938715607571,0.3276212861493777,-0.09015919115731016,-0.0310096451687529,0.29495993364528805,0.3024405646101669,0.26138697326360066,0.2645606330801343,0.24783192408131358,0.2189461466402085,0.09801604950401435,0.1274784874376573,0.2418162414065014,0.13434256604071246,0.14709422280182147,0.2643303943157639,0.22982736928242017,0.13475565625723845,0.15187370307744744,-0.1846105586091835,-0.18340683877319655,0.0006620638929544081,0.18708890399614383,0.04601354598466645,-0.0012196615154616032
byte_16,0.022865022723632843,0.007892865148516974,0.10731932192997923,0.08543783339910203,0.1304733191051625,0.13408796244019766,0.06827340534769596,0.17816817835754045,1.0,0.4149497207486588,0.38972571681595364,0.36569550530737227,-0.009369241535135539,0.19346994279721116,0.19954876797699253,0.08056023149761887,0.08688443683254664,0.07882986782894603,0.09845564741047681,0.06997537499543423,0.03054814358117004,-0.039587421486265845,-0.026987448791709306,0.006571138668288942,-0.01593100250216912,0.0024507197225167223,0.0012324342648014715,0.06343001292111616,-0.0218042127837434,-0.00015836123354876454,0.14250034809104165,0.09863809547322525,-0.04867292109823796,-0.04045594976892109,-0.08344350113269128,-0.045411490799655015
byte_17,-0.14626087722959266,-0.14527313166353303,0.10010255390673332,0.07101356845000167,0.12830478358302938,0.11678204921011016,-0.03341103856986688,0.044105922117348664,0.4149497207486588,1.0,0.4601547078308225,0.42743048577964615,-0.12612469904349066,0.253730631259347,0.2779908431105645,0.07093288946125091,0.06772697407765549,0.05652497072872707,0.05649049110196201,0.047516846992340905,0.024775102796745888,-0.03625547222881926,-0.040929568285749694,-0.04940801922705728,-0.035307398264918764,-0.04187181474414721,-0.06308709752681595,-0.027766857824426974,0.014286642264177803,0.03286539040418489,0.15524343105325464,0.19929251260057035,-0.04815873975155977,-0.20992374311214146,-0.09008950163644679,-0.04462383566406307
byte_18,-0.26115177511175974,-0.27342629671122803,0.3593628099282095,0.07573460006806954,0.14506322319973539,0.10727365099465706,-0.06004204573426946,-0.0004484043866575346,0.38972571681595364,0.4601547078308225,1.0,0.5353203355298524,-0.19384469982386615,0.3595226425538461,0.3871739005775295,0.16262585961940085,0.16083743698384179,0.09383830172579286,0.10472335628126346,0.09376781714072384,0.09648816848119436,0.029027589955029204,0.0023084150568958386,-0.11531602922696693,0.02261502998385543,0.021859754925430432,-0.10809685840577153,-0.07146064639105866,0.06120750568731819,0.08308895572277704,0.21179846440082015,0.21622229621720498,-0.029973115192125473,-0.3679149195817579,-0.03192502623619284,-0.028761787554623233
byte_19,-0.20438752375193006,-0.21373416612441337,0.1283491052702059,0.28690304129161726,0.16066888540152163,0.10332936059238829,-0.035573465161078906,0.05168938715607571,0.36569550530737227,0.42743048577964615,0.5353203355298524,1.0,-0.15492477810772473,0.35835494678898494,0.36954535737133026,0.21149647893964438,0.2134746651177268,0.09654515282679788,0.1095557050148777,0.11222556245653997,0.11659077966408415,0.03204568930989487,0.034477949344786284,-0.08770807718541263,0.04354583117858019,0.06140559427723326,-0.09327771486201189,-0.04812958673273751,0.055620276973532515,0.07965818157736453,0.2030377951902843,0.20346984321684145,-0.022507182287599847,-0.30184068170212563,-0.0026771006868440243,-0.02246869313480112
byte_2,0.4739111428625289,0.49625754685113543,-0.10012155802495835,-0.009246767501580056,-0.12082651758977968,-0.061010894394810555,0.3271509969002126,0.3276212861493777,-0.009369241535135539,-0.12612469904349066,-0.19384469982386615,-0.15492477810772473,1.0,-0.3992491839987342,-0.3672423984895464,0.13118925142792645,0.11746447802086264,0.059391807861239876,0.0525100604473006,0.05110339929029316,0.053650161942122916,0.22875668892788645,0.22918000857859602,0.630782599124344,0.25333258063933245,0.26854998548507264,0.6135536458843898,0.5420637223668102,0.46333686905575444,0.45360954069881204,-0.2745431814371717,-0.2767655118268846,0.009110243882893726,0.2944566656170731,0.046035646573951136,0.007252114681894392
byte_20,-0.10980928944989903,-0.12392629860204184,0.33528906604516934,0.21172901425216126,0.5151185919833734,0.22628210523733583,-0.11504079542743945,-0.09015919115731016,0.19346994279721116,0.253730631259347,0.3595226425538461,0.35835494678898494,-0.3992491839987342,1.0,0.7688334752501143,0.35762531009081877,0.37255875959435913,0.24800221720410462,0.26039747661527424,0.2717291461946088,0.2502291835573725,0.2078739667568307,0.19649617717362297,-0.36043696020515387,0.19343535112184654,0.20433528134362008,-0.36888877165079337,-0.2865522813601938,-0.2681297734535473,-0.2538374568544176,0.4941711086080746,0.49660686492855927,0.01240595171377507,-0.16510584725546484,-0.01610723378540221,0.01310838735361722
byte_21,-0.06256748514859078,-0.08452268684781844,0.3320696425498791,0.20668229476720784,0.31054546191028337,0.31527372497327943,-0.05064496382764302,-0.0310096451687529,0.19954876797699253,0.2779908431105645,0.3871739005775295,0.36954535737133026,-0.3672423984895464,0.7688334752501143,1.0,0.5382924333180931,0.5309005694798788,0.3689994066647796,0.3908248705288004,0.40917919803773695,0.4082845915914519,0.31842068162599063,0.3287254123566406,-0.34273148444129226,0.3358020365293926,0.31282700711274775,-0.34843994326742567,-0.2595005335050066,-0.24478816439710402,-0.2183380683736532,0.5051107302355128,0.5170841667558127,0.026801648131463768,-0.14238385599507694,-0.002449200878774866,0.026993220208209077
byte_22,0.17807541911170113,0.14845398211533717,0.06719778035841927,0.06048091468900321,0.1673192452862686,0.23560960963506897,0.31509219923941145,0.29495993364528805,0.08056023149761887,0.07093288946125091,0.16262585961940085,0.21149647893964438,0.13118925142792645,0.35762531009081877,0.5382924333180931,1.0,0.868434869765786,0.6459040881102035,0.6589347650544126,0.6529814788843679,0.6595271384093582,0.5114519140133708,0.5423250346055271,0.041362197168104645,0.5717299347393351,0.5534687281101753,0.05474442839402311,0.038132021197814475,0.12591995800279787,0.13867789320221424,0.07953139516277258,0.07167191833218294,0.06346863985702561,0.10541554210046705,0.08842506973343445,0.060053020298895705
byte_23,0.17107423026308674,0.1401903270328685,0.051261003773244,0.05754114075485864,0.15898669994695663,0.22920370748833388,0.3051309871618741,0.3024405646101669,0.08688443683254664,0.06772697407765549,0.16083743698384179,0.2134746651177268,0.11746447802086264,0.37255875959435913,0.5309005694798788,0.868434869765786,1.0,0.6117583534230006,0.6255145001091592,0.6420318782974268,0.6060055848039403,0.5136108946688707,0.5273533047120786,0.03149541303844969,0.5372613638166693,0.5584369404092575,0.03950820832868169,0.03575699916403707,0.10447776448095185,0.12024876768851014,0.0812504207146999,0.07317924760352511,0.06256313110022502,0.09308607520615125,0.15825641049821337,0.05627984356685331
byte_24,0.09767931355084225,0.09152091864658726,0.0606311532103234,0.013489982134879563,0.1285600934044198,0.17793051745178307,0.26044017384636414,0.26138697326360066,0.07882986782894603,0.05652497072872707,0.09383830172579286,0.09654515282679788,0.059391807861239876,0.24800221720410462,0.3689994066647796,0.6459040881102035,0.6117583534230006,1.0,0.8407409137610371,0.7959719077060327,0.7345807388512955,0.3254127402493557,0.3427186687773781,-0.026900699868240164,0.3649832305937737,0.3384628124988173,-0.015418752110532218,-0.04236177998246078,0.05913961818557772,0.05207073872816063,0.03736788851355045,0.05507386074042256,0.04566263465105756,0.08905240294370019,0.0006024182490685356,0.04578893517413956
byte_25,0.13375010242451024,0.11689033416881324,0.06500750543098796,0.018574391431532687,0.12433400587341689,0.17714961745189559,0.26417927160498733,0.2645606330801343,0.09845564741047681,0.05649049110196201,0.10472335628126346,0.1095557050148777,0.0525100604473006,0.26039747661527424,0.3908248705288004,0.6589347650544126,0.6255145001091592,0.8407409137610371,1.0,0.8582663022025706,0.7863517761349288,0.3342691559799549,0.40708475734412836,-0.029969695952754994,0.41950819603027156,0.41121028758973116,-0.029313444859847975,-0.03793982618672486,0.04706427141766678,0.05356562728110609,0.07044063683406206,0.045685676832055294,0.06301614762505105,0.10735900543514705,-0.005400073513390167,0.06344847952176244
byte_26,0.13033566760987073,0.13675758722189696,0.0553818603212445,0.005357676814458854,0.12030626388132877,0.16189844220180188,0.25546167914196655,0.24783192408131358,0.06997537499543423,0.047516846992340905,0.09376781714072384,0.11222556245653997,0.05110339929029316,0.2717291461946088,0.40917919803773695,0.6529814788843679,0.6420318782974268,0.7959719077060327,0.8582663022025706,1.0,0.853852614759007,0.4270956950306695,0.4550106219874686,-0.02321842121179944,0.4900673408717398,0.46589304741940346,-0.030340048259333972,-0.046359931654327294,0.025859513086628153,0.04363669294931243,0.06879495274112654,0.0467586961200532,0.0694505428611712,0.09716780795463775,0.0724131462330636,0.06671322917622122
byte_27,0.13103565374817797,0.12930265955383075,0.06053951903254022,0.007766472466625226,0.11543829668533534,0.15461005766896707,0.23969762995778543,0.2189461466402085,0.03054814358117004,0.024775102796745888,0.09648816848119436,0.11659077966408415,0.053650161942122916,0.2502291835573725,0.4082845915914519,0.6595271384093582,0.6060055848039403,0.7345807388512955,0.7863517761349288,0.853852614759007,1.0,0.4804189138433143,0.44926068760195065,-0.017383294974062435,0.5060476167222357,0.44843778386031263,-0.010276962923927152,-0.04750942592017759,0.030912442475570037,0.03356479048463027,0.05613456155631586,0.03224742348925248,0.07127073531095557,0.09370656140802927,0.09036010479323511,0.06780284459637458
byte_28,0.25354045681370757,0.2587794242241399,0.13672011971434156,0.09921287213489813,0.042447718451402126,0.0819075292352448,0.17118184811528087,0.09801604950401435,-0.039587421486265845,-0.03625547222881926,0.029027589955029204,0.03204568930989487,0.22875668892788645,0.2078739667568307,0.31842068162599063,0.5114519140133708,0.5136108946688707,0.3254127402493557,0.3342691559799549,0.4270956950306695,0.4804189138433143,1.0,0.7885146854036633,0.1365162065284109,0.8331838106010959,0.7924813429752446,0.14476858468016734,0.10612415397669524,0.1741817620410316,0.19884605747220233,0.16302223746067265,0.1533156978883618,0.07662945816169747,0.0926683297471857,0.11881779069134217,0.07201043350989061
byte_29,0.25325325584087055,0.2270240283425157,0.11419096295855713,0.1168361752337232,0.038164598767283515,0.11289131544151469,0.15614258654909552,0.1274784874376573,-0.026987448791709306,-0.040929568285749694,0.0023084150568958386,0.034477949344786284,0.22918000857859602,0.19649617717362297,0.3287254123566406,0.5423250346055271,0.5273533047120786,0.3427186687773781,0.40708475734412836,0.4550106219874686,0.44926068760195065,0.7885146854036633,1.0,0.15153448625062874,0.8385673504500732,0.8188293532130109,0.1318612554683722,0.13680184000715667,0.19530130405757487,0.22030594416333357,0.15911107661950363,0.1563038365959919,0.07393394281284062,0.10638070136241162,0.12013015387160997,0.06925622115618173
byte_3,0.22050096669779282,0.23565622608450748,-0.18516422326247542,0.1804877982153226,-0.07932321969492989,-0.031158662001608873,0.26477876783317483,0.2418162414065014,0.006571138668288942,-0.04940801922705728,-0.11531602922696693,-0.08770807718541263,0.630782599124344,-0.36043696020515387,-0.34273148444129226,0.041362197168104645,0.03149541303844969,-0.026900699868240164,-0.029969695952754994,-0.02321842121179944,-0.017383294974062435,0.1365162065284109,0.15153448625062874,1.0,0.148235840918298,0.1460104493998254,0.5708362740223875,0.43093646018672604,0.4428647675184611,0.436095961147424,-0.3236136766965703,-0.31198685601005655,-0.0037271037392693903,0.1852933356621098,0.053707463548779914,-0.00593985507960696
byte_30,0.29134678531772856,0.2771438741632181,0.1531541816663665,0.11821302263852909,0.044966966574328526,0.09333450865156105,0.19755109457591905,0.13434256604071246,-0.01593100250216912,-0.035307398264918764,0.02261502998385543,0.04354583117858019,0.25333258063933245,0.19343535112184654,0.3358020365293926,0.5717299347393351,0.5372613638166693,0.3649832305937737,0.41950819603027156,0.4900673408717398,0.5060476167222357,0.8331838106010959,0.8385673504500732,0.148235840918298,1.0,0.8480000201729918,0.14258985701883012,0.12992019244430253,0.19356997600932457,0.22976215128586486,0.17946166637211836,0.16068169087612452,0.07706822428330021,0.1040541951030386,0.11498473287921841,0.07261241933040853
byte_31,0.31884761102114323,0.2900514047015925,0.13670224096914485,0.11759088015799389,0.04552926534291692,0.07857226791529329,0.18673307484517596,0.14709422280182147,0.0024507197225167223,-0.04187181474414721,0.021859754925430432,0.06140559427723326,0.26854998548507264,0.20433528134362008,0.31282700711274775,0.5534687281101753,0.5584369404092575,0.3384628124988173,0.41121028758973116,0.46589304741940346,0.44843778386031263,0.7924813429752446,0.8188293532130109,0.1460104493998254,0.8480000201729918,1.0,0.14272917724700124,0.15355894813579204,0.1956871293252491,0.24031376187074768,0.19548436666102614,0.1565385434799392,0.07228199045220804,0.10683581466200645,0.11193093157637217,0.06793848243268738
byte_4,0.2055392285173799,0.19591337358793048,-0.1650756847985789,-0.030907519740284568,0.10349478311811561,-0.012046482194650996,0.27505438477364885,0.2643303943157639,0.0012324342648014715,-0.06308709752681595,-0.10809685840577153,-0.09327771486201189,0.6135536458843898,-0.36888877165079337,-0.34843994326742567,0.05474442839402311,0.03950820832868169,-0.015418752110532218,-0.029313444859847975,-0.030340048259333972,-0.010276962923927152,0.14476858468016734,0.1318612554683722,0.5708362740223875,0.14258985701883012,0.14272917724700124,1.0,0.5016104310875478,0.4477790284471727,0.4433285367355108,-0.349167126523912,-0.33185670119502964,0.0005046628975808626,0.17847118700324927,0.04889697161817317,-0.0014976035855311406
byte_5,0.2336714775151583,0.22437135804403618,-0.08939314405925597,-0.019007733103826047,-0.061293170453165555,0.24253978480944552,0.2176354759281505,0.22982736928242017,0.06343001292111616,-0.027766857824426974,-0.07146064639105866,-0.04812958673273751,0.5420637223668102,-0.2865522813601938,-0.2595005335050066,0.038132021197814475,0.03575699916403707,-0.04236177998246078,-0.03793982618672486,-0.046359931654327294,-0.04750942592017759,0.10612415397669524,0.13680184000715667,0.43093646018672604,0.12992019244430253,0.15355894813579204,0.5016104310875478,1.0,0.3980771925170134,0.3933656850083921,-0.21358620613531415,-0.2250921040888264,-0.006655094499638774,0.15787803343929213,0.01778687372505877,-0.007404251817042357
byte_6,-0.07695947605247329,-0.0755429607895335,-0.14734600285447577,-0.06931835845059502,-0.11055029794497259,-0.057649761399589564,0.2867490709976467,0.13475565625723845,-0.0218042127837434,0.014286642264177803,0.06120750568731819,0.055620276973532515,0.46333686905575444,-0.2681297734535473,-0.24478816439710402,0.12591995800279787,0.10447776448095185,0.05913961818557772,0.04706427141766678,0.025859513086628153,0.030912442475570037,0.1741817620410316,0.19530130405757487,0.4428647675184611,0.19356997600932457,0.1956871293252491,0.4477790284471727,0.3980771925170134,1.0,0.6173734905338566,-0.2384586002765069,-0.23065309125996333,-0.01142965174852726,-0.13644888191573254,0.042720033231007176,-0.013218690016502601
byte_7,-0.03924041754801954,-0.03676941019070775,-0.14513198605147964,-0.057166821753777526,-0.09911516932169157,-0.05955630085566299,0.20131946737115256,0.15187370307744744,-0.00015836123354876454,0.03286539040418489,0.08308895572277704,0.07965818157736453,0.45360954069881204,-0.2538374568544176,-0.2183380683736532,0.13867789320221424,0.12024876768851014,0.05207073872816063,0.05356562728110609,0.04363669294931243,0.03356479048463027,0.19884605747220233,0.22030594416333357,0.436095961147424,0.22976215128586486,0.24031376187074768,0.4433285367355108,0.3933656850083921,0.6173734905338566,1.0,-0.20366569872568596,-0.20886465832690707,-0.004350630858168408,-0.12478756455239362,0.04435388246841872,-0.0061798596146543094
byte_8,0.09613337808929963,0.08951429613018762,0.467300360234185,0.23720045111221721,0.20032951183020123,0.12023429830964835,-0.27809367317588407,-0.1846105586091835,0.14250034809104165,0.15524343105325464,0.21179846440082015,0.2030377951902843,-0.2745431814371717,0.4941711086080746,0.5051107302355128,0.07953139516277258,0.0812504207146999,0.03736788851355045,0.07044063683406206,0.06879495274112654,0.05613456155631586,0.16302223746067265,0.15911107661950363,-0.3236136766965703,0.17946166637211836,0.19548436666102614,-0.349167126523912,-0.21358620613531415,-0.2384586002765069,-0.20366569872568596,1.0,0.6890243972025283,0.015045781178554362,-0.20374247024264,-0.13759011891905573,0.020736730836309194
byte_9,0.05111704125391794,0.05690923800567812,0.4495687068050703,0.2522624429853687,0.20886893560948058,0.13992072175165898,-0.26786585617420366,-0.18340683877319655,0.09863809547322525,0.19929251260057035,0.21622229621720498,0.20346984321684145,-0.2767655118268846,0.49660686492855927,0.5170841667558127,0.07167191833218294,0.07317924760352511,0.05507386074042256,0.045685676832055294,0.0467586961200532,0.03224742348925248,0.1533156978883618,0.1563038365959919,-0.31198685601005655,0.16068169087612452,0.1565385434799392,-0.33185670119502964,-0.2250921040888264,-0.23065309125996333,-0.20886465832690707,0.6890243972025283,1.0,0.0012651941468877813,-0.20478333939922608,-0.13298264120387704,0.006722453679875702
chunk_byte_size,0.030982524695925825,0.019298707749560776,0.005310083264335171,0.006701797391264416,0.008197172384895606,0.016898137120518682,0.018000839822394088,0.0006620638929544081,-0.04867292109823796,-0.04815873975155977,-0.029973115192125473,-0.022507182287599847,0.009110243882893726,0.01240595171377507,0.026801648131463768,0.06346863985702561,0.06256313110022502,0.04566263465105756,0.06301614762505105,0.0694505428611712,0.07127073531095557,0.07662945816169747,0.07393394281284062,-0.0037271037392693903,0.07706822428330021,0.07228199045220804,0.0005046628975808626,-0.006655094499638774,-0.01142965174852726,-0.004350630858168408,0.015045781178554362,0.0012651941468877813,1.0,0.04350216221054931,0.10286909976798923,0.9991684423035957
chunk_number_in_heap,0.43373497097595026,0.4397074686460495,-0.07083968234490642,-0.001210975090031419,-0.020937969264478197,0.04091971133161175,0.20977068091104378,0.18708890399614383,-0.04045594976892109,-0.20992374311214146,-0.3679149195817579,-0.30184068170212563,0.2944566656170731,-0.16510584725546484,-0.14238385599507694,0.10541554210046705,0.09308607520615125,0.08905240294370019,0.10735900543514705,0.09716780795463775,0.09370656140802927,0.0926683297471857,0.10638070136241162,0.1852933356621098,0.1040541951030386,0.10683581466200645,0.17847118700324927,0.15787803343929213,-0.13644888191573254,-0.12478756455239362,-0.20374247024264,-0.20478333939922608,0.04350216221054931,1.0,-0.0012525803966437611,0.04369899988498635
chunk_ptrs,-0.027925363598056367,-0.02642116175850385,-0.06641190401396865,-0.020287519773330712,-0.02021209819532045,-0.0028083100960009,0.07548111955993307,0.04601354598466645,-0.08344350113269128,-0.09008950163644679,-0.03192502623619284,-0.0026771006868440243,0.046035646573951136,-0.01610723378540221,-0.002449200878774866,0.08842506973343445,0.15825641049821337,0.0006024182490685356,-0.005400073513390167,0.0724131462330636,0.09036010479323511,0.11881779069134217,0.12013015387160997,0.053707463548779914,0.11498473287921841,0.11193093157637217,0.04889697161817317,0.01778687372505877,0.042720033231007176,0.04435388246841872,-0.13759011891905573,-0.13298264120387704,0.10286909976798923,-0.0012525803966437611,1.0,0.06222782643125865
chunk_vns,0.03223050738498609,0.020443469491217933,0.00805173766971504,0.007559001258899061,0.009057840856030995,0.017071403913924227,0.014965330488771241,-0.0012196615154616032,-0.045411490799655015,-0.04462383566406307,-0.028761787554623233,-0.02246869313480112,0.007252114681894392,0.01310838735361722,0.026993220208209077,0.060053020298895705,0.05627984356685331,0.04578893517413956,0.06344847952176244,0.06671322917622122,0.06780284459637458,0.07201043350989061,0.06925622115618173,-0.00593985507960696,0.07261241933040853,0.06793848243268738,-0.0014976035855311406,-0.007404251817042357,-0.013218690016502601,-0.0061798596146543094,0.020736730836309194,0.006722453679875702,0.9991684423035957,0.04369899988498635,0.06222782643125865,1.0
