,chns_ancestor_2,chns_ancestor_3,chns_ancestor_4,chns_ancestor_5,chns_ancestor_6,chns_ancestor_7,chns_ancestor_8,chns_children_2,chns_children_3,chns_children_4,chns_children_5,chns_children_6,chns_children_7,chns_children_8,chunk_byte_size,chunk_number_in_heap,chunk_ptrs,chunk_vns
chns_ancestor_2,1.0,1.0,1.0,1.0,1.0,1.0,1.0,0.16368311437754007,0.10762184472334746,0.11154440004290037,0.10536395759464433,0.10278256753314978,0.10123277963914298,0.11063606699102874,0.025138254405814155,-0.03987658101797022,0.19383865280449433,0.018316928156800572
chns_ancestor_3,1.0,1.0,1.0,1.0,1.0,1.0,1.0,0.16368311437754007,0.10762184472334746,0.11154440004290037,0.10536395759464433,0.10278256753314978,0.10123277963914298,0.11063606699102874,0.025138254405814155,-0.03987658101797022,0.19383865280449433,0.018316928156800572
chns_ancestor_4,1.0,1.0,1.0,1.0,1.0,1.0,1.0,0.16368311437754007,0.10762184472334746,0.11154440004290037,0.10536395759464433,0.10278256753314978,0.10123277963914298,0.11063606699102874,0.025138254405814155,-0.03987658101797022,0.19383865280449433,0.018316928156800572
chns_ancestor_5,1.0,1.0,1.0,1.0,1.0,1.0,1.0,0.16368311437754007,0.10762184472334746,0.11154440004290037,0.10536395759464433,0.10278256753314978,0.10123277963914298,0.11063606699102874,0.025138254405814155,-0.03987658101797022,0.19383865280449433,0.018316928156800572
chns_ancestor_6,1.0,1.0,1.0,1.0,1.0,1.0,1.0,0.16368311437754007,0.10762184472334746,0.11154440004290037,0.10536395759464433,0.10278256753314978,0.10123277963914298,0.11063606699102874,0.025138254405814155,-0.03987658101797022,0.19383865280449433,0.018316928156800572
chns_ancestor_7,1.0,1.0,1.0,1.0,1.0,1.0,1.0,0.16368311437754007,0.10762184472334746,0.11154440004290037,0.10536395759464433,0.10278256753314978,0.10123277963914298,0.11063606699102874,0.025138254405814155,-0.03987658101797022,0.19383865280449433,0.018316928156800572
chns_ancestor_8,1.0,1.0,1.0,1.0,1.0,1.0,1.0,0.16368311437754007,0.10762184472334746,0.11154440004290037,0.10536395759464433,0.10278256753314978,0.10123277963914298,0.11063606699102874,0.025138254405814155,-0.03987658101797022,0.19383865280449433,0.018316928156800572
chns_children_2,0.16368311437754007,0.16368311437754007,0.16368311437754007,0.16368311437754007,0.16368311437754007,0.16368311437754007,0.16368311437754007,1.0,0.874126027465838,0.7945023206601703,0.7680443057239205,0.7507956939083781,0.7416363887429153,0.7390188082708538,0.08193753863262591,0.07161439106562943,0.6140455129520488,0.06033546416532589
chns_children_3,0.10762184472334746,0.10762184472334746,0.10762184472334746,0.10762184472334746,0.10762184472334746,0.10762184472334746,0.10762184472334746,0.874126027465838,1.0,0.980859729150306,0.9626088858825731,0.9484720181195723,0.9399253948223435,0.935751481843066,0.06344056805987286,0.11043931741992379,0.24777542017642706,0.054806196918862814
chns_children_4,0.11154440004290037,0.11154440004290037,0.11154440004290037,0.11154440004290037,0.11154440004290037,0.11154440004290037,0.11154440004290037,0.7945023206601703,0.980859729150306,1.0,0.9923113718884644,0.9825881500860973,0.975603925842821,0.9702389896991472,0.05749878251063788,0.12352578107043086,0.16431571533374445,0.051814476207402
chns_children_5,0.10536395759464433,0.10536395759464433,0.10536395759464433,0.10536395759464433,0.10536395759464433,0.10536395759464433,0.10536395759464433,0.7680443057239205,0.9626088858825731,0.9923113718884644,1.0,0.9971535150155978,0.9930709761137457,0.9888659151133024,0.057443029005787793,0.12326751915781982,0.13442993175920576,0.052820401543791896
chns_children_6,0.10278256753314978,0.10278256753314978,0.10278256753314978,0.10278256753314978,0.10278256753314978,0.10278256753314978,0.10278256753314978,0.7507956939083781,0.9484720181195723,0.9825881500860973,0.9971535150155978,1.0,0.9986820079287836,0.9953686780725025,0.05968633856965751,0.12049175114269281,0.12082170059201938,0.05555360082060904
chns_children_7,0.10123277963914298,0.10123277963914298,0.10123277963914298,0.10123277963914298,0.10123277963914298,0.10123277963914298,0.10123277963914298,0.7416363887429153,0.9399253948223435,0.975603925842821,0.9930709761137457,0.9986820079287836,1.0,0.998150363993881,0.060574177802868966,0.11790080392495698,0.1150780414006684,0.05664811324636671
chns_children_8,0.11063606699102874,0.11063606699102874,0.11063606699102874,0.11063606699102874,0.11063606699102874,0.11063606699102874,0.11063606699102874,0.7390188082708538,0.935751481843066,0.9702389896991472,0.9888659151133024,0.9953686780725025,0.998150363993881,1.0,0.06085977151422994,0.11557055766506137,0.11470122196885445,0.05694795604823198
chunk_byte_size,0.025138254405814155,0.025138254405814155,0.025138254405814155,0.025138254405814155,0.025138254405814155,0.025138254405814155,0.025138254405814155,0.08193753863262591,0.06344056805987286,0.05749878251063788,0.057443029005787793,0.05968633856965751,0.060574177802868966,0.06085977151422994,1.0,0.03759236598567731,0.09687474190381429,0.9993738259092392
chunk_number_in_heap,-0.03987658101797022,-0.03987658101797022,-0.03987658101797022,-0.03987658101797022,-0.03987658101797022,-0.03987658101797022,-0.03987658101797022,0.07161439106562943,0.11043931741992379,0.12352578107043086,0.12326751915781982,0.12049175114269281,0.11790080392495698,0.11557055766506137,0.03759236598567731,1.0,-0.0018000300478435056,0.037761485102416566
chunk_ptrs,0.19383865280449433,0.19383865280449433,0.19383865280449433,0.19383865280449433,0.19383865280449433,0.19383865280449433,0.19383865280449433,0.6140455129520488,0.24777542017642706,0.16431571533374445,0.13442993175920576,0.12082170059201938,0.1150780414006684,0.11470122196885445,0.09687474190381429,-0.0018000300478435056,1.0,0.06159811616563565
chunk_vns,0.018316928156800572,0.018316928156800572,0.018316928156800572,0.018316928156800572,0.018316928156800572,0.018316928156800572,0.018316928156800572,0.06033546416532589,0.054806196918862814,0.051814476207402,0.052820401543791896,0.05555360082060904,0.05664811324636671,0.05694795604823198,0.9993738259092392,0.037761485102416566,0.06159811616563565,1.0
