,byte_0,byte_1,byte_10,byte_11,byte_12,byte_13,byte_14,byte_15,byte_16,byte_17,byte_18,byte_19,byte_2,byte_20,byte_21,byte_22,byte_23,byte_24,byte_25,byte_26,byte_27,byte_28,byte_29,byte_3,byte_30,byte_31,byte_4,byte_5,byte_6,byte_7,byte_8,byte_9,chunk_byte_size,chunk_number_in_heap,chunk_ptrs,chunk_vns
byte_0,1.0,0.4342019250414627,0.3725792832074957,0.22230169650402656,-0.1585738564748517,0.030620029878693087,-0.029694413035555773,0.38821731288967865,0.3195902421739247,-0.03671792555984004,-0.04930989021396248,-0.00711384729332667,0.03357132596233619,-0.1553369903925065,-0.03889827639670302,0.05263169456407089,-0.05299315820942234,0.008224695770275556,0.3103851587787937,0.2679653839405441,0.3864610311678907,-0.10755706259885144,0.0076276313681006794,-0.0383971996964487,0.16726756710652965,0.10717756766836899,0.061398593024983426,0.3994464108266244,-0.19043713669627085,0.12422518026369116,0.46863473846803855,-0.024770204743782356,-0.06572792535494243,-0.013021719642141138,-0.3066288755317233,-0.06149894595907039
byte_1,0.4342019250414627,1.0,0.3540758391547833,0.044429155930453997,0.002620530916607718,-0.1462289914832514,0.03235595823388527,-0.03857456593340913,0.03183032031140289,0.1476270836640039,-0.08691314803761464,0.003339002980537778,0.2406228940522924,-0.23543909505034702,-0.08085517995826559,-0.15645287788787643,-0.2785345673919337,-0.05121267379672418,0.1728513300086095,0.3020813503130671,0.37425405178101034,-0.0939978366623221,-0.2560144230924111,0.024389989776482768,0.0043834980814133374,-0.05937665692734883,-0.027199641590513086,0.06226956477077252,-0.20229142218673896,0.11823761072617203,0.454844116249077,-0.014412532961501967,-0.0694899170670755,0.013582072539997107,-0.30500566609593555,-0.0653311356354808
byte_10,0.3725792832074957,0.3540758391547833,1.0,-0.019289306418201337,0.011750865471500385,-0.09928858066006777,0.08809818209347604,0.04751390950249175,0.05287808190896356,-0.3108409230052504,-0.1809094007934389,-0.2532712877986617,0.36760148234186896,-0.2939990281722339,-0.20320511763059218,0.011294632754047181,-0.14885238958536548,0.3897529305260962,0.38504507365638463,0.3290357426053592,0.4684728252175001,-0.1136374884784926,-0.22407109821248142,-0.28154992090881337,0.0529535276842668,-0.19617814911835424,0.16114798835227465,0.03265324775197979,0.09173840850347773,-0.1715089538593542,0.21174009711557257,-0.04682857490494378,-0.04815198030738199,-0.020119054698118356,-0.22376087079226326,-0.0451099106097036
byte_11,0.22230169650402656,0.044429155930453997,-0.019289306418201337,1.0,0.1341240488510019,0.39322887292229397,0.20896511765195178,0.5000859384412328,0.337321766591112,0.2679314814564029,0.253151774077313,0.3934282804412724,0.15001298536282953,0.30411098806047726,0.3327290501656512,0.24114486125578571,0.32545700042762893,0.06641864363092972,0.02149868520816379,-0.013273541653493355,-0.19130524793742915,0.0209790281372617,0.27810775783695035,0.28627118398053064,0.19837698836482717,0.24514357670820114,0.28978896293266965,0.4947168333762847,0.06986702565793464,0.4155819821385047,0.09105935708230058,0.3430456904090537,-0.06262291612670906,0.0850586955243852,-0.22427340954173014,-0.059583642693054044
byte_12,-0.1585738564748517,0.002620530916607718,0.011750865471500385,0.1341240488510019,1.0,0.2384082486283929,0.2573573976177166,0.057460327260406494,-0.040624749105721586,0.3095194771346199,0.21786501851481016,0.40245036477557333,0.26659785219749427,0.18801261861445495,0.3234536892845186,0.3172505442716581,0.18440760049410268,0.10038133462267387,-0.07367397363849232,-0.014576008538316365,0.06876903768216176,0.21314240467040763,0.28852665401454375,0.4325209971478999,0.2904349660101112,0.23190825366170814,0.340650318275229,0.027084598571271244,0.42945803565580176,0.4871725741192391,0.026063940219120136,0.3779584290601194,-0.0239441430219317,0.0886569447146761,-0.1732871680049244,-0.021475831677915485
byte_13,0.030620029878693087,-0.1462289914832514,-0.09928858066006777,0.39322887292229397,0.2384082486283929,1.0,0.3064333892982193,0.39533087078927703,0.35626656464768497,0.5176927931740961,0.4128576353663968,0.33846340675192843,0.13004130854793416,0.5210169769105295,0.5010579333814071,0.5002336789412851,0.6012438018356688,0.06471238562962853,-0.09013928455529376,-0.08870704166926743,-0.14903957623538108,0.40711932820142577,0.472326259947838,0.4281167422531119,0.35756518099721374,0.37106238511352885,0.49300272648177745,0.3465279153514706,0.3930878318969064,0.33863749826241085,-0.014077460613434711,0.3906607648925877,-0.07952784166949214,0.08296288733555623,-0.21592657200410506,-0.07670917838687819
byte_14,-0.029694413035555773,0.03235595823388527,0.08809818209347604,0.20896511765195178,0.2573573976177166,0.3064333892982193,1.0,0.2283664561600635,0.3070691618420209,0.2223647681166231,0.4533354230386841,0.28609447339204824,0.40931247138281374,0.3944565352094699,0.40894973539345614,0.24469956523368222,0.2588234692699234,0.12648496596991185,0.049247735672505344,0.007176443465368556,0.01619679072896471,0.48567118798054537,0.17412913714065953,0.3038399612817663,0.4872474026188948,0.3865880438034521,0.40957791541559485,0.07190767132491244,0.16411943279452634,0.28167418073366196,0.045893152826840804,0.24227123924349803,-0.04393234593398963,0.033676786714781685,-0.2018453622499918,-0.04118480674881804
byte_15,0.38821731288967865,-0.03857456593340913,0.04751390950249175,0.5000859384412328,0.057460327260406494,0.39533087078927703,0.2283664561600635,1.0,0.4781034722356055,0.1177970267676116,0.21991348916222908,0.31287504935802973,0.10734460316510333,0.26562411728666,0.24771807024219855,0.3850266356488012,0.379130120457148,0.12560697457862088,0.24192676872598876,0.06772196397971596,-0.037198482904463585,0.05733448243740792,0.4001137096800474,0.21170345434343849,0.33704813910382014,0.39240805829200537,0.25452644843143196,0.5397520454242372,0.17137526419966667,0.3589085302583897,0.2619361482616254,0.20919838913327368,-0.05537049531054699,0.0484632290408844,-0.252467259374088,-0.051882404896401425
byte_16,0.3195902421739247,0.03183032031140289,0.05287808190896356,0.337321766591112,-0.040624749105721586,0.35626656464768497,0.3070691618420209,0.4781034722356055,1.0,0.26160367649156974,0.4910373016177277,0.2566783679467847,0.06659656697856522,0.4053490340709923,0.2946626940788671,0.18823342589379047,0.3485668461992824,-0.08615210089866177,0.06519159733898787,0.012710621769686514,-0.12263156253346297,0.32096534037704766,0.37619819354004713,0.2969456727337802,0.4373604375979321,0.4971564988343781,0.2518563916314167,0.5541965979856674,0.10737073047262843,0.2779281024078648,0.3969936460122481,0.11359477344873063,-0.15875943759194636,-0.03453137394258399,-0.3361178925437005,-0.15450241243582577
byte_17,-0.03671792555984004,0.1476270836640039,-0.3108409230052504,0.2679314814564029,0.3095194771346199,0.5176927931740961,0.2223647681166231,0.1177970267676116,0.26160367649156974,1.0,0.4709835326891137,0.3847954742401436,0.05125538590893483,0.40834491744726775,0.4731144842180442,0.25843522506211014,0.35948431957697474,-0.24040291859964197,-0.3192463604881341,-0.055560745537753184,-0.12433100251295544,0.4362199999696414,0.351114367944942,0.5883819241299284,0.32822900719744597,0.35794434014799353,0.3105185920937567,0.16012596670803836,0.16586182521458273,0.4515186032474549,0.11266813021086788,0.3981030715859356,-0.15034075487745494,0.020539952999651025,-0.2887037366714162,-0.14674352729064064
byte_18,-0.04930989021396248,-0.08691314803761464,-0.1809094007934389,0.253151774077313,0.21786501851481016,0.4128576353663968,0.4533354230386841,0.21991348916222908,0.4910373016177277,0.4709835326891137,1.0,0.371068463042703,0.03299240407264918,0.4867558253350518,0.5003094561701228,0.24266149583621194,0.3756878518875451,-0.17302540032700228,-0.24380620846477535,-0.21776999659601945,-0.22260520119207544,0.5974045155624317,0.25934411012646,0.42195858249895424,0.41313794490834077,0.45444005494581924,0.45475997082296765,0.34123660210018264,0.14515772092275936,0.3472684409012202,0.0745893798166465,0.2162959275452659,-0.07564605458666576,0.052791685436110805,-0.1279440945814442,-0.07408427062142
byte_19,-0.00711384729332667,0.003339002980537778,-0.2532712877986617,0.3934282804412724,0.40245036477557333,0.33846340675192843,0.28609447339204824,0.31287504935802973,0.2566783679467847,0.3847954742401436,0.371068463042703,1.0,0.10239810816346452,0.35192232526539596,0.33689449687599143,0.4725548420262604,0.3925991070595637,-0.16461095637168524,-0.11404926899880856,-0.2164154499880108,-0.16232879403005915,0.2545951666047323,0.43611661321588713,0.4286108537615712,0.3112159729398768,0.45821683530400026,0.19870842778534265,0.2645251418398067,0.24451668461476925,0.6132721079998381,0.15097442268593064,0.22044336617727195,-0.028019479773860847,0.12973588199785316,-0.05860214122916325,-0.027257179959840446
byte_2,0.03357132596233619,0.2406228940522924,0.36760148234186896,0.15001298536282953,0.26659785219749427,0.13004130854793416,0.40931247138281374,0.10734460316510333,0.06659656697856522,0.05125538590893483,0.03299240407264918,0.10239810816346452,1.0,0.14026156930421285,0.11257056907491282,0.12679391113307398,0.07462111111856701,0.3756300161092791,0.2471978217200793,0.2685803991029115,0.18933121740785896,0.09880479386360436,0.0846036237500416,0.11550247742188177,0.22788083737309436,0.07919068013308422,0.2608217438967696,-0.029708959455977842,0.31889234742923794,0.1598656792131176,0.17373197457832507,0.3147973444919641,-0.06472347792960918,0.05771420159854009,-0.2809594383248113,-0.06090574929850793
byte_20,-0.1553369903925065,-0.23543909505034702,-0.2939990281722339,0.30411098806047726,0.18801261861445495,0.5210169769105295,0.3944565352094699,0.26562411728666,0.4053490340709923,0.40834491744726775,0.4867558253350518,0.35192232526539596,0.14026156930421285,1.0,0.6271975870327049,0.32910601575313253,0.5676876148192566,0.016659016422964915,-0.08366922173841979,-0.003520779996313472,-0.22281308207925485,0.5310096922812573,0.5338756935789126,0.5258766561316951,0.4589622663367832,0.5222157393358747,0.395180258287944,0.2464144548952266,0.2810195961241797,0.2935583028395748,0.008263526104276409,0.363064918998105,-0.024129967889944887,0.11219267449591751,-0.012877849851285447,-0.0240430113295332
byte_21,-0.03889827639670302,-0.08085517995826559,-0.20320511763059218,0.3327290501656512,0.3234536892845186,0.5010579333814071,0.40894973539345614,0.24771807024219855,0.2946626940788671,0.4731144842180442,0.5003094561701228,0.33689449687599143,0.11257056907491282,0.6271975870327049,1.0,0.3556640830655459,0.46810426493075946,-0.04729196669949714,-0.12358425304138494,0.06864453817939968,-0.05668379112050726,0.49715836562229415,0.4169703065668707,0.5567052451203,0.5450412155829694,0.4657859878851865,0.460957926735632,0.2917818690896163,0.14812726298361034,0.39608650926768274,0.0014375788855969297,0.44101649633412787,-0.04807405534073369,0.12529789077642745,-0.07285369486450959,-0.04718473893574327
byte_22,0.05263169456407089,-0.15645287788787643,0.011294632754047181,0.24114486125578571,0.3172505442716581,0.5002336789412851,0.24469956523368222,0.3850266356488012,0.18823342589379047,0.25843522506211014,0.24266149583621194,0.4725548420262604,0.12679391113307398,0.32910601575313253,0.3556640830655459,1.0,0.6575821283717643,0.1770304953699318,0.10890474829952958,-0.030166111574721412,0.08049382145405554,0.33738540868405104,0.528796852285567,0.2877486489103751,0.4128235788964816,0.4376567922358765,0.335856434508882,0.19390905036109948,0.47342921163448726,0.3481063755348441,0.024166387059714814,0.23180161716100522,-0.05250570648109032,0.11365384355565558,-0.08889298117647929,-0.05143144157937583
byte_23,-0.05299315820942234,-0.2785345673919337,-0.14885238958536548,0.32545700042762893,0.18440760049410268,0.6012438018356688,0.2588234692699234,0.379130120457148,0.3485668461992824,0.35948431957697474,0.3756878518875451,0.3925991070595637,0.07462111111856701,0.5676876148192566,0.46810426493075946,0.6575821283717643,1.0,0.16460087820689867,0.03162830227899428,-0.055695949754870314,-0.15108621885382342,0.4539675711662161,0.5912286621779594,0.380948837450176,0.42542100343757056,0.5319244748993734,0.3544516680019051,0.2710437890946878,0.4332337828365656,0.26948986675151715,-0.031160782983569425,0.283924934009523,-0.059182997523419,0.07620051760257743,-0.06186470098689753,-0.058538160596815526
byte_24,0.008224695770275556,-0.05121267379672418,0.3897529305260962,0.06641864363092972,0.10038133462267387,0.06471238562962853,0.12648496596991185,0.12560697457862088,-0.08615210089866177,-0.24040291859964197,-0.17302540032700228,-0.16461095637168524,0.3756300161092791,0.016659016422964915,-0.04729196669949714,0.1770304953699318,0.16460087820689867,1.0,0.561857140119205,0.42524638108162627,0.334906608952585,-0.0018765506067464266,0.15049221635834525,-0.11035952405722671,0.1087420396800676,0.016469722237512797,0.16000002963389923,-0.10077971669249479,0.29994851142705187,-0.20424515623050954,-0.13180938491026073,0.20557949758427904,0.016060202106128126,0.023836336301067688,-0.0745308507778817,0.017197191218996506
byte_25,0.3103851587787937,0.1728513300086095,0.38504507365638463,0.02149868520816379,-0.07367397363849232,-0.09013928455529376,0.049247735672505344,0.24192676872598876,0.06519159733898787,-0.3192463604881341,-0.24380620846477535,-0.11404926899880856,0.2471978217200793,-0.08366922173841979,-0.12358425304138494,0.10890474829952958,0.03162830227899428,0.561857140119205,1.0,0.5710744132530533,0.48670701787869974,-0.10844069858111348,0.1355308001081638,-0.08059248472825921,0.1907305776060171,0.1493978081706818,-0.02849984559190434,0.0497640443873974,0.08924313425733782,-0.15103414537159818,0.2178324479226627,-0.031833860572817875,0.060715225394092145,0.016153399646549778,0.018478243354673202,0.06069719035360423
byte_26,0.2679653839405441,0.3020813503130671,0.3290357426053592,-0.013273541653493355,-0.014576008538316365,-0.08870704166926743,0.007176443465368556,0.06772196397971596,0.012710621769686514,-0.055560745537753184,-0.21776999659601945,-0.2164154499880108,0.2685803991029115,-0.003520779996313472,0.06864453817939968,-0.030166111574721412,-0.055695949754870314,0.42524638108162627,0.5710744132530533,1.0,0.5907232284388559,-0.005247275218914238,0.20061808577873078,0.1148922711782116,0.33532986939599263,0.1587636317810495,-0.0021680218315545184,-0.031294830681732375,0.021525310202920072,-0.09126995606786095,0.2671667303367435,0.1775997135816719,-0.027021397197440577,0.005051410441282124,-0.07854067955575636,-0.025976221635073366
byte_27,0.3864610311678907,0.37425405178101034,0.4684728252175001,-0.19130524793742915,0.06876903768216176,-0.14903957623538108,0.01619679072896471,-0.037198482904463585,-0.12263156253346297,-0.12433100251295544,-0.22260520119207544,-0.16232879403005915,0.18933121740785896,-0.22281308207925485,-0.05668379112050726,0.08049382145405554,-0.15108621885382342,0.334906608952585,0.48670701787869974,0.5907232284388559,1.0,0.06323963867828851,0.022181796614888213,-0.03379571769720554,0.2851764358426479,0.0299150966965348,0.04577930095756128,-0.14843072492069356,-0.040374937381197136,-0.1067837786403724,0.19515553382933296,0.015685244907493796,-0.00568878931487809,-0.021400233378440596,-0.03439451742193043,-0.005208761658427189
byte_28,-0.10755706259885144,-0.0939978366623221,-0.1136374884784926,0.0209790281372617,0.21314240467040763,0.40711932820142577,0.48567118798054537,0.05733448243740792,0.32096534037704766,0.4362199999696414,0.5974045155624317,0.2545951666047323,0.09880479386360436,0.5310096922812573,0.49715836562229415,0.33738540868405104,0.4539675711662161,-0.0018765506067464266,-0.10844069858111348,-0.005247275218914238,0.06323963867828851,1.0,0.36970093689111766,0.430088480930017,0.5607731453664133,0.5347616242931991,0.43090737156487097,0.04401028295255107,0.20890949504362893,0.18070627272599232,0.009485925951079947,0.21218641962600604,-0.06338990678322884,0.07287294424619103,-0.05665115367096622,-0.06284431473948023
byte_29,0.0076276313681006794,-0.2560144230924111,-0.22407109821248142,0.27810775783695035,0.28852665401454375,0.472326259947838,0.17412913714065953,0.4001137096800474,0.37619819354004713,0.351114367944942,0.25934411012646,0.43611661321588713,0.0846036237500416,0.5338756935789126,0.4169703065668707,0.528796852285567,0.5912286621779594,0.15049221635834525,0.1355308001081638,0.20061808577873078,0.022181796614888213,0.36970093689111766,1.0,0.5410081690768042,0.5672403535092719,0.6247001998729095,0.23400991975720267,0.28725372592340503,0.4650476299551673,0.40996662657783123,0.15481883145960956,0.3742971485603493,-0.07283807422818955,0.062444719368449086,-0.10197807022828459,-0.07162273162574095
byte_3,-0.0383971996964487,0.024389989776482768,-0.28154992090881337,0.28627118398053064,0.4325209971478999,0.4281167422531119,0.3038399612817663,0.21170345434343849,0.2969456727337802,0.5883819241299284,0.42195858249895424,0.4286108537615712,0.11550247742188177,0.5258766561316951,0.5567052451203,0.2877486489103751,0.380948837450176,-0.11035952405722671,-0.08059248472825921,0.1148922711782116,-0.03379571769720554,0.430088480930017,0.5410081690768042,1.0,0.497586742932335,0.5620706344572964,0.33014637202535696,0.2720553607362566,0.3032509308158028,0.5307462644347155,0.22913628353150056,0.39769461627942543,-0.019272611824583317,0.08011953816027423,-0.13657296009312406,-0.01732520467511321
byte_30,0.16726756710652965,0.0043834980814133374,0.0529535276842668,0.19837698836482717,0.2904349660101112,0.35756518099721374,0.4872474026188948,0.33704813910382014,0.4373604375979321,0.32822900719744597,0.41313794490834077,0.3112159729398768,0.22788083737309436,0.4589622663367832,0.5450412155829694,0.4128235788964816,0.42542100343757056,0.1087420396800676,0.1907305776060171,0.33532986939599263,0.2851764358426479,0.5607731453664133,0.5672403535092719,0.497586742932335,1.0,0.6618553722806784,0.38933851877429393,0.23532290798434702,0.2235241948657029,0.37810750587546404,0.2597361985759105,0.32473913522844433,-0.11167489293452884,0.027294015418115818,-0.2024564428329569,-0.10915876102642741
byte_31,0.10717756766836899,-0.05937665692734883,-0.19617814911835424,0.24514357670820114,0.23190825366170814,0.37106238511352885,0.3865880438034521,0.39240805829200537,0.4971564988343781,0.35794434014799353,0.45444005494581924,0.45821683530400026,0.07919068013308422,0.5222157393358747,0.4657859878851865,0.4376567922358765,0.5319244748993734,0.016469722237512797,0.1493978081706818,0.1587636317810495,0.0299150966965348,0.5347616242931991,0.6247001998729095,0.5620706344572964,0.6618553722806784,1.0,0.24246826611698336,0.3137392724443587,0.23451633711214093,0.4059444485218946,0.2994128381078884,0.23200422096664206,-0.06170580970636412,0.08635616137900512,-0.16892178037788255,-0.05947177554999364
byte_4,0.061398593024983426,-0.027199641590513086,0.16114798835227465,0.28978896293266965,0.340650318275229,0.49300272648177745,0.40957791541559485,0.25452644843143196,0.2518563916314167,0.3105185920937567,0.45475997082296765,0.19870842778534265,0.2608217438967696,0.395180258287944,0.460957926735632,0.335856434508882,0.3544516680019051,0.16000002963389923,-0.02849984559190434,-0.0021680218315545184,0.04577930095756128,0.43090737156487097,0.23400991975720267,0.33014637202535696,0.38933851877429393,0.24246826611698336,1.0,0.2643642631714129,0.30365401752308413,0.2783496260383388,0.0017552164000200373,0.40992033891359797,-0.05921277872576249,0.10863402720719031,-0.20967687561841972,-0.05638833300123822
byte_5,0.3994464108266244,0.06226956477077252,0.03265324775197979,0.4947168333762847,0.027084598571271244,0.3465279153514706,0.07190767132491244,0.5397520454242372,0.5541965979856674,0.16012596670803836,0.34123660210018264,0.2645251418398067,-0.029708959455977842,0.2464144548952266,0.2917818690896163,0.19390905036109948,0.2710437890946878,-0.10077971669249479,0.0497640443873974,-0.031294830681732375,-0.14843072492069356,0.04401028295255107,0.28725372592340503,0.2720553607362566,0.23532290798434702,0.3137392724443587,0.2643642631714129,1.0,0.09132019129174053,0.39586940875239823,0.34217719902916066,0.13582382248178707,-0.045373180804340024,0.04590974618671357,-0.21061223570157625,-0.0424458200851506
byte_6,-0.19043713669627085,-0.20229142218673896,0.09173840850347773,0.06986702565793464,0.42945803565580176,0.3930878318969064,0.16411943279452634,0.17137526419966667,0.10737073047262843,0.16586182521458273,0.14515772092275936,0.24451668461476925,0.31889234742923794,0.2810195961241797,0.14812726298361034,0.47342921163448726,0.4332337828365656,0.29994851142705187,0.08924313425733782,0.021525310202920072,-0.040374937381197136,0.20890949504362893,0.4650476299551673,0.3032509308158028,0.2235241948657029,0.23451633711214093,0.30365401752308413,0.09132019129174053,1.0,0.2553208768845116,0.07077572345868452,0.3168987402887379,-0.05356119219687775,0.08889461086876588,-0.16125697993469035,-0.05143120048380617
byte_7,0.12422518026369116,0.11823761072617203,-0.1715089538593542,0.4155819821385047,0.4871725741192391,0.33863749826241085,0.28167418073366196,0.3589085302583897,0.2779281024078648,0.4515186032474549,0.3472684409012202,0.6132721079998381,0.1598656792131176,0.2935583028395748,0.39608650926768274,0.3481063755348441,0.26948986675151715,-0.20424515623050954,-0.15103414537159818,-0.09126995606786095,-0.1067837786403724,0.18070627272599232,0.40996662657783123,0.5307462644347155,0.37810750587546404,0.4059444485218946,0.2783496260383388,0.39586940875239823,0.2553208768845116,1.0,0.303044881572822,0.3381101523304338,-0.05709648979151787,0.09511918167255204,-0.25287694292728324,-0.053591617229333186
byte_8,0.46863473846803855,0.454844116249077,0.21174009711557257,0.09105935708230058,0.026063940219120136,-0.014077460613434711,0.045893152826840804,0.2619361482616254,0.3969936460122481,0.11266813021086788,0.0745893798166465,0.15097442268593064,0.17373197457832507,0.008263526104276409,0.0014375788855969297,0.024166387059714814,-0.031160782983569425,-0.13180938491026073,0.2178324479226627,0.2671667303367435,0.19515553382933296,0.009485925951079947,0.15481883145960956,0.22913628353150056,0.2597361985759105,0.2994128381078884,0.0017552164000200373,0.34217719902916066,0.07077572345868452,0.303044881572822,1.0,0.014345576867650063,-0.0753920674082847,0.004716319868455056,-0.34019035320978513,-0.0707104428715354
byte_9,-0.024770204743782356,-0.014412532961501967,-0.04682857490494378,0.3430456904090537,0.3779584290601194,0.3906607648925877,0.24227123924349803,0.20919838913327368,0.11359477344873063,0.3981030715859356,0.2162959275452659,0.22044336617727195,0.3147973444919641,0.363064918998105,0.44101649633412787,0.23180161716100522,0.283924934009523,0.20557949758427904,-0.031833860572817875,0.1775997135816719,0.015685244907493796,0.21218641962600604,0.3742971485603493,0.39769461627942543,0.32473913522844433,0.23200422096664206,0.40992033891359797,0.13582382248178707,0.3168987402887379,0.3381101523304338,0.014345576867650063,1.0,-0.14328935188949687,0.09624603051047378,-0.349972131827992,-0.1387435936017084
chunk_byte_size,-0.06572792535494243,-0.0694899170670755,-0.04815198030738199,-0.06262291612670906,-0.0239441430219317,-0.07952784166949214,-0.04393234593398963,-0.05537049531054699,-0.15875943759194636,-0.15034075487745494,-0.07564605458666576,-0.028019479773860847,-0.06472347792960918,-0.024129967889944887,-0.04807405534073369,-0.05250570648109032,-0.059182997523419,0.016060202106128126,0.060715225394092145,-0.027021397197440577,-0.00568878931487809,-0.06338990678322884,-0.07283807422818955,-0.019272611824583317,-0.11167489293452884,-0.06170580970636412,-0.05921277872576249,-0.045373180804340024,-0.05356119219687775,-0.05709648979151787,-0.0753920674082847,-0.14328935188949687,1.0,0.12830331163368,0.2916974959425961,0.9999019375642823
chunk_number_in_heap,-0.013021719642141138,0.013582072539997107,-0.020119054698118356,0.0850586955243852,0.0886569447146761,0.08296288733555623,0.033676786714781685,0.0484632290408844,-0.03453137394258399,0.020539952999651025,0.052791685436110805,0.12973588199785316,0.05771420159854009,0.11219267449591751,0.12529789077642745,0.11365384355565558,0.07620051760257743,0.023836336301067688,0.016153399646549778,0.005051410441282124,-0.021400233378440596,0.07287294424619103,0.062444719368449086,0.08011953816027423,0.027294015418115818,0.08635616137900512,0.10863402720719031,0.04590974618671357,0.08889461086876588,0.09511918167255204,0.004716319868455056,0.09624603051047378,0.12830331163368,1.0,0.08685740421165489,0.12756942137065844
chunk_ptrs,-0.3066288755317233,-0.30500566609593555,-0.22376087079226326,-0.22427340954173014,-0.1732871680049244,-0.21592657200410506,-0.2018453622499918,-0.252467259374088,-0.3361178925437005,-0.2887037366714162,-0.1279440945814442,-0.05860214122916325,-0.2809594383248113,-0.012877849851285447,-0.07285369486450959,-0.08889298117647929,-0.06186470098689753,-0.0745308507778817,0.018478243354673202,-0.07854067955575636,-0.03439451742193043,-0.05665115367096622,-0.10197807022828459,-0.13657296009312406,-0.2024564428329569,-0.16892178037788255,-0.20967687561841972,-0.21061223570157625,-0.16125697993469035,-0.25287694292728324,-0.34019035320978513,-0.349972131827992,0.2916974959425961,0.08685740421165489,1.0,0.2782810925513258
chunk_vns,-0.06149894595907039,-0.0653311356354808,-0.0451099106097036,-0.059583642693054044,-0.021475831677915485,-0.07670917838687819,-0.04118480674881804,-0.051882404896401425,-0.15450241243582577,-0.14674352729064064,-0.07408427062142,-0.027257179959840446,-0.06090574929850793,-0.0240430113295332,-0.04718473893574327,-0.05143144157937583,-0.058538160596815526,0.017197191218996506,0.06069719035360423,-0.025976221635073366,-0.005208761658427189,-0.06284431473948023,-0.07162273162574095,-0.01732520467511321,-0.10915876102642741,-0.05947177554999364,-0.05638833300123822,-0.0424458200851506,-0.05143120048380617,-0.053591617229333186,-0.0707104428715354,-0.1387435936017084,0.9999019375642823,0.12756942137065844,0.2782810925513258,1.0
