,embedded_0,embedded_1,embedded_2,embedded_3,embedded_4,embedded_5,embedded_6,embedded_7,embedded_8,embedded_9,embedded_10,embedded_11,embedded_12,embedded_13,embedded_14,embedded_15
embedded_0,1.0,0.9992845234832501,-0.8974448064950699,-0.5853789787493452,-0.8250123357764356,-0.9075240519737223,,0.45233210059057344,-0.12014081794843792,-0.7273683411921746,-0.8311269185328086,0.49579534342506226,-0.9425072011424843,-0.9647744665559106,-0.841965552805534,-0.9539891385827788
embedded_1,0.9992845234832501,1.0,-0.9092071292899268,-0.6079117995165251,-0.8405079292269821,-0.9209348213413961,,0.477739357873495,-0.1538475703930631,-0.7457518184495732,-0.8463402427439749,0.5200179882162327,-0.9510927058107743,-0.9715355879577218,-0.8566184668080609,-0.9618408077450409
embedded_2,-0.8974448064950699,-0.9092071292899268,1.0,0.8829785654913778,0.9896664289136762,0.990963700448788,,-0.7991772201616711,0.45264912958554016,0.955418730566151,0.9911746847927286,-0.828026524703524,0.9932124697932523,0.9818770189840894,0.993611521605094,0.9884076312534239
embedded_3,-0.5853789787493452,-0.6079117995165251,0.8829785654913778,1.0,0.9411054129832614,0.8560692329842422,,-0.9876223010557909,0.7054726856964105,0.9819160170020451,0.9373665401779128,-0.9943237952874874,0.8225552948990436,0.778051890033896,0.930298751858643,0.8015391970175905
embedded_4,-0.8250123357764356,-0.8405079292269821,0.9896664289136762,0.9411054129832614,1.0,0.975630057968488,,-0.8770899506980153,0.5441532616324203,0.987643241057544,0.9999401349403017,-0.8997919180203651,0.9663110753195494,0.9446165809925763,0.9995181733092652,0.9564972473685066
embedded_5,-0.9075240519737223,-0.9209348213413961,0.990963700448788,0.8560692329842422,0.975630057968488,1.0,,-0.7705856669047875,0.4958762336409258,0.9328510754609056,0.977449258763311,-0.7978603715258553,0.9879694241771494,0.9809607631454917,0.9801761980843333,0.9861321150731581
embedded_6,,,,,,,,,,,,,,,,
embedded_7,0.45233210059057344,0.477739357873495,-0.7991772201616711,-0.9876223010557909,-0.8770899506980153,-0.7705856669047875,,1.0,-0.7660834850898166,-0.940188475762748,-0.871787652437268,0.9985220363182066,-0.72392633180593,-0.6709478854895871,-0.8618536428445911,-0.6988822676774338
embedded_8,-0.12014081794843792,-0.1538475703930631,0.45264912958554016,0.7054726856964105,0.5441532616324203,0.4958762336409258,,-0.7660834850898166,1.0,0.6161193432103914,0.5373101068716968,-0.7398347735595632,0.36931065786811096,0.32201391588908346,0.5234516434668771,0.35057521044030143
embedded_9,-0.7273683411921746,-0.7457518184495732,0.955418730566151,0.9819160170020451,0.987643241057544,0.9328510754609056,,-0.940188475762748,0.6161193432103914,1.0,0.9859169287090973,-0.9563265405635443,0.9148318929382362,0.8821977399291069,0.9825176554968832,0.8995328848856834
embedded_10,-0.8311269185328086,-0.8463402427439749,0.9911746847927286,0.9373665401779128,0.9999401349403017,0.977449258763311,,-0.871787652437268,0.5373101068716968,0.9859169287090973,1.0,-0.8949848486941508,0.9690673598639039,0.9481410469181978,0.9997971139183874,0.9596222757597511
embedded_11,0.49579534342506226,0.5200179882162327,-0.828026524703524,-0.9943237952874874,-0.8997919180203651,-0.7978603715258553,,0.9985220363182066,-0.7398347735595632,-0.9563265405635443,-0.8949848486941508,1.0,-0.7573908303432726,-0.7067980491096849,-0.8859924993567688,-0.733371322405547
embedded_12,-0.9425072011424843,-0.9510927058107743,0.9932124697932523,0.8225552948990436,0.9663110753195494,0.9879694241771494,,-0.72392633180593,0.36931065786811096,0.9148318929382362,0.9690673598639039,-0.7573908303432726,1.0,0.9971870930883566,0.973793281930632,0.9992826617493769
embedded_13,-0.9647744665559106,-0.9715355879577218,0.9818770189840894,0.778051890033896,0.9446165809925763,0.9809607631454917,,-0.6709478854895871,0.32201391588908346,0.8821977399291069,0.9481410469181978,-0.7067980491096849,0.9971870930883566,1.0,0.954245571251785,0.9992645805350826
embedded_14,-0.841965552805534,-0.8566184668080609,0.993611521605094,0.930298751858643,0.9995181733092652,0.9801761980843333,,-0.8618536428445911,0.5234516434668771,0.9825176554968832,0.9997971139183874,-0.8859924993567688,0.973793281930632,0.954245571251785,1.0,0.9649947390250612
embedded_15,-0.9539891385827788,-0.9618408077450409,0.9884076312534239,0.8015391970175905,0.9564972473685066,0.9861321150731581,,-0.6988822676774338,0.35057521044030143,0.8995328848856834,0.9596222757597511,-0.733371322405547,0.9992826617493769,0.9992645805350826,0.9649947390250612,1.0
