,feature_0,feature_1,feature_2,feature_3,feature_4,feature_5,feature_6,feature_7,feature_8,feature_9,feature_10,feature_11,feature_12,feature_13,feature_14,feature_15
feature_0,1.0,-0.15317459399479022,-0.10891629089786138,-0.10897158808896613,0.25972769298857307,0.2230366431747817,-0.5354442971272724,0.41829783936071185,-0.4853726593442148,0.18949272157171052,0.20892455376536756,-0.23816504882213668,-0.5793352294344618,-0.19540976911729016,-0.23747819964079028,0.3211973546185228
feature_1,-0.15317459399479022,1.0,0.1207544540848903,-0.09792575926903965,-0.18754540037678546,-0.13828133478129134,-0.053255805566222544,0.24515594831276605,-0.43360203113852425,-0.1655695283287999,0.07713725576204865,0.0917609385358397,0.010642795717397107,-0.032136795633305085,-0.1357598912514578,0.2905313060755759
feature_2,-0.10891629089786138,0.1207544540848903,1.0,-0.6619283655018051,-0.016234931783477277,-0.0927117102179282,0.28556446877885533,0.2377588020779183,-0.19595196944056947,0.008503066398916312,-0.33586932593272856,0.5886489006891119,0.16357306776639535,-0.16554885777029715,-0.18288488737549882,-0.2553829771298657
feature_3,-0.10897158808896613,-0.09792575926903965,-0.6619283655018051,1.0,0.09770525625592388,0.08325436677098906,-0.15342047499472394,-0.3056276814010679,0.3554951402060936,-0.29397545713657475,0.3324519827345937,-0.621125326723119,-0.24243146522061934,-0.010890064377765357,0.2944165192376461,0.11396289063380353
feature_4,0.25972769298857307,-0.18754540037678546,-0.016234931783477277,0.09770525625592388,1.0,-0.006901263470135884,-0.21473214953175335,0.4031497493266063,-0.0687854842003194,0.3449864406445538,0.35362943952751397,-0.3348185238753556,-0.7028127688944095,-0.0700637074236217,-0.6092446338541007,0.5641616039588181
feature_5,0.2230366431747817,-0.13828133478129134,-0.0927117102179282,0.08325436677098906,-0.006901263470135884,1.0,-0.23228936976191614,0.28556090932481926,-0.31790473968004884,-0.21440375986814994,0.28523484010493766,-0.4127344636383297,-0.16899940213380918,-0.32659878303365264,0.14760352903776713,-0.004242725794684303
feature_6,-0.5354442971272724,-0.053255805566222544,0.28556446877885533,-0.15342047499472394,-0.21473214953175335,-0.23228936976191614,1.0,-0.36400122970916265,0.24837122647567522,0.1504331863087983,-0.23220953577102166,0.4829735512575398,0.4075461762546839,-0.004119896665313283,-0.15505593648394148,-0.37115921549762343
feature_7,0.41829783936071185,0.24515594831276605,0.2377588020779183,-0.3056276814010679,0.4031497493266063,0.28556090932481926,-0.36400122970916265,1.0,-0.6211871689627031,0.31992804012190895,0.3849257152404984,-0.11177686991322652,-0.5439305580155177,-0.08522179366319337,-0.5279842118751509,0.39160945595017216
feature_8,-0.4853726593442148,-0.43360203113852425,-0.19595196944056947,0.3554951402060936,-0.0687854842003194,-0.31790473968004884,0.24837122647567522,-0.6211871689627031,1.0,-0.24668536742854294,-0.23566084642437224,0.1772994871555537,0.415686093959657,0.23882457934372556,0.3436402886206751,-0.4641226931748028
feature_9,0.18949272157171052,-0.1655695283287999,0.008503066398916312,-0.29397545713657475,0.3449864406445538,-0.21440375986814994,0.1504331863087983,0.31992804012190895,-0.24668536742854294,1.0,0.3638205213481362,-0.03592190563986737,-0.2747289607638654,0.3987526457248808,-0.6205723732989953,0.25329438305248686
feature_10,0.20892455376536756,0.07713725576204865,-0.33586932593272856,0.3324519827345937,0.35362943952751397,0.28523484010493766,-0.23220953577102166,0.3849257152404984,-0.23566084642437224,0.3638205213481362,1.0,-0.41848636007583273,-0.5839758876131286,0.06695944743279149,-0.31314291664530003,0.4572479425661709
feature_11,-0.23816504882213668,0.0917609385358397,0.5886489006891119,-0.621125326723119,-0.3348185238753556,-0.4127344636383297,0.4829735512575398,-0.11177686991322652,0.1772994871555537,-0.03592190563986737,-0.41848636007583273,1.0,0.5549759149673023,0.03206106257370377,-0.2043394182380551,-0.5334708853220331
feature_12,-0.5793352294344618,0.010642795717397107,0.16357306776639535,-0.24243146522061934,-0.7028127688944095,-0.16899940213380918,0.4075461762546839,-0.5439305580155177,0.415686093959657,-0.2747289607638654,-0.5839758876131286,0.5549759149673023,1.0,0.2348246859332664,0.4200613273961395,-0.7345016267636209
feature_13,-0.19540976911729016,-0.032136795633305085,-0.16554885777029715,-0.010890064377765357,-0.0700637074236217,-0.32659878303365264,-0.004119896665313283,-0.08522179366319337,0.23882457934372556,0.3987526457248808,0.06695944743279149,0.03206106257370377,0.2348246859332664,1.0,0.03281867224707536,-0.058885432695613554
feature_14,-0.23747819964079028,-0.1357598912514578,-0.18288488737549882,0.2944165192376461,-0.6092446338541007,0.14760352903776713,-0.15505593648394148,-0.5279842118751509,0.3436402886206751,-0.6205723732989953,-0.31314291664530003,-0.2043394182380551,0.4200613273961395,0.03281867224707536,1.0,-0.4058762047906319
feature_15,0.3211973546185228,0.2905313060755759,-0.2553829771298657,0.11396289063380353,0.5641616039588181,-0.004242725794684303,-0.37115921549762343,0.39160945595017216,-0.4641226931748028,0.25329438305248686,0.4572479425661709,-0.5334708853220331,-0.7345016267636209,-0.058885432695613554,-0.4058762047906319,1.0
