,feature_0,feature_1,feature_2,feature_3,feature_4,feature_5,feature_6,feature_7,feature_8,feature_9,feature_10,feature_11,feature_12,feature_13,feature_14,feature_15
feature_0,1.0,-0.3062949344169322,-0.4559725936832669,-0.06365732408702747,0.4410509105228328,-0.4695294641693453,0.1472059643667084,0.10072877811782105,0.19191898616622305,0.003998681311138008,-0.16651309463305172,0.2882216870489151,0.20068140045891994,0.23972496881169297,0.04230447304011153,-0.04858034338596547
feature_1,-0.3062949344169322,1.0,0.2167245769100626,-0.35659881569616647,-0.43062805339383137,0.1089854176096876,-0.39224635278540876,-0.06274456405561954,0.36398965814409806,0.0067794532187766595,-0.13548837707292619,-0.40973976562302383,-0.5765390816826499,0.007719324069734629,0.2773093552663698,0.4653056946670473
feature_2,-0.4559725936832669,0.2167245769100626,1.0,-0.3278276016601903,-0.15029524568007305,0.21643917459937145,-0.015404349842048116,-0.2306224330771179,-0.1315129352585164,0.13469762185231687,0.10588792312342904,-0.3872306850631066,-0.44330339191022294,0.3147814192363365,-0.23587056608855164,-0.2412103251815745
feature_3,-0.06365732408702747,-0.35659881569616647,-0.3278276016601903,1.0,-0.08899912209406656,0.2521277904486418,0.6410240761176135,0.240103032049603,-0.07344816173914365,0.0973871840371167,-0.1798987038557437,-0.025289518043939325,0.18944518945980435,-0.512736617127186,-0.18347609025629516,0.1646819922193795
feature_4,0.4410509105228328,-0.43062805339383137,-0.15029524568007305,-0.08899912209406656,1.0,-0.32671540318814185,-0.001906668547205397,0.23350444040340415,-0.01921480294561923,0.11092294192767951,0.051882959182504344,0.6214707911761415,0.3267562268151771,0.46281834970270985,-0.1902837676967524,-0.41295177685324874
feature_5,-0.4695294641693453,0.1089854176096876,0.21643917459937145,0.2521277904486418,-0.32671540318814185,1.0,0.22361831596585563,0.4641837088947186,-0.25988316798691286,0.37025035999405703,0.28110277169328024,-0.4505445126791194,4.808938412385371e-05,-0.27215422076429013,0.016386803013659704,0.09936491534918196
feature_6,0.1472059643667084,-0.39224635278540876,-0.015404349842048116,0.6410240761176135,-0.001906668547205397,0.22361831596585563,1.0,0.21907265804704676,-0.1390247042380026,0.25656358102393423,-0.22177649225441126,-0.170587293327126,0.15988292448629218,-0.13991910330531335,-0.3946493789886736,0.11866616455080205
feature_7,0.10072877811782105,-0.06274456405561954,-0.2306224330771179,0.240103032049603,0.23350444040340415,0.4641837088947186,0.21907265804704676,1.0,0.12036205568873853,0.371179507831061,0.3263913288617208,-0.012879914970954837,0.2411561498830269,-0.04107761965906987,0.0644645914024479,-0.09416558526618751
feature_8,0.19191898616622305,0.36398965814409806,-0.1315129352585164,-0.07344816173914365,-0.01921480294561923,-0.25988316798691286,-0.1390247042380026,0.12036205568873853,1.0,-0.243136204292209,-0.1479889630980119,-0.2304542644701033,-0.06391840276736088,0.1092430843057304,0.015598581402478424,0.31035829445855856
feature_9,0.003998681311138008,0.0067794532187766595,0.13469762185231687,0.0973871840371167,0.11092294192767951,0.37025035999405703,0.25656358102393423,0.371179507831061,-0.243136204292209,1.0,0.30897762957301234,-0.21868006899856812,-0.09454797714546898,0.08135109082013195,0.19924275983532508,-0.08198350697400739
feature_10,-0.16651309463305172,-0.13548837707292619,0.10588792312342904,-0.1798987038557437,0.051882959182504344,0.28110277169328024,-0.22177649225441126,0.3263913288617208,-0.1479889630980119,0.30897762957301234,1.0,0.01003806155066088,0.30015117888930015,0.2716115057688718,0.2320886194711912,-0.2629292079293432
feature_11,0.2882216870489151,-0.40973976562302383,-0.3872306850631066,-0.025289518043939325,0.6214707911761415,-0.4505445126791194,-0.170587293327126,-0.012879914970954837,-0.2304542644701033,-0.21868006899856812,0.01003806155066088,1.0,0.34218896600408577,0.15625874266441453,-0.1566710842395925,-0.5320905116483251
feature_12,0.20068140045891994,-0.5765390816826499,-0.44330339191022294,0.18944518945980435,0.3267562268151771,4.808938412385371e-05,0.15988292448629218,0.2411561498830269,-0.06391840276736088,-0.09454797714546898,0.30015117888930015,0.34218896600408577,1.0,-0.026191759020886128,-0.20340419226813267,-0.17805093088842847
feature_13,0.23972496881169297,0.007719324069734629,0.3147814192363365,-0.512736617127186,0.46281834970270985,-0.27215422076429013,-0.13991910330531335,-0.04107761965906987,0.1092430843057304,0.08135109082013195,0.2716115057688718,0.15625874266441453,-0.026191759020886128,1.0,-0.14660281244610182,-0.23130781838778922
feature_14,0.04230447304011153,0.2773093552663698,-0.23587056608855164,-0.18347609025629516,-0.1902837676967524,0.016386803013659704,-0.3946493789886736,0.0644645914024479,0.015598581402478424,0.19924275983532508,0.2320886194711912,-0.1566710842395925,-0.20340419226813267,-0.14660281244610182,1.0,0.2110646669293402
feature_15,-0.04858034338596547,0.4653056946670473,-0.2412103251815745,0.1646819922193795,-0.41295177685324874,0.09936491534918196,0.11866616455080205,-0.09416558526618751,0.31035829445855856,-0.08198350697400739,-0.2629292079293432,-0.5320905116483251,-0.17805093088842847,-0.23130781838778922,0.2110646669293402,1.0
