,feature_0,feature_1,feature_2,feature_3,feature_4,feature_5,feature_6,feature_7,feature_8,feature_9,feature_10,feature_11,feature_12,feature_13,feature_14,feature_15,feature_16,feature_17,feature_18,feature_19,feature_20,feature_21,feature_22,feature_23,feature_24,feature_25,feature_26,feature_27,feature_28,feature_29,feature_30,feature_31,feature_32,feature_33,feature_34,feature_35,feature_36,feature_37,feature_38,feature_39,feature_40,feature_41,feature_42,feature_43,feature_44,feature_45,feature_46,feature_47,feature_48,feature_49,feature_50,feature_51,feature_52,feature_53,feature_54,feature_55,feature_56,feature_57,feature_58,feature_59,feature_60,feature_61,feature_62,feature_63,feature_64,feature_65,feature_66,feature_67,feature_68,feature_69,feature_70,feature_71,feature_72,feature_73,feature_74,feature_75,feature_76,feature_77,feature_78,feature_79,feature_80,feature_81,feature_82,feature_83,feature_84,feature_85,feature_86,feature_87,feature_88,feature_89,feature_90,feature_91,feature_92,feature_93,feature_94,feature_95,feature_96,feature_97,feature_98,feature_99
feature_0,1.0,0.1428528111158954,-0.1485442891841095,-0.041382122040352985,-0.0946180932423887,0.008411124725144565,0.19458840950370318,-0.4484169583476632,-0.30990586011363885,-0.08253436657571865,0.3101361330211276,0.015972453518237693,0.3008973344021749,0.09322450367590876,-0.11732282997102111,0.021688625251848434,-0.4954862977679564,-0.2176211591010784,0.038572569272723414,-0.25840242471608366,0.2123770258134278,-0.1255278813746097,-0.026837162362239205,-0.08026794651941205,0.2544331825835994,-0.21191847710555456,-0.11487974150268766,-0.20554571723494813,0.249710112038955,0.07453343769867243,-0.060348256772351616,-0.08333657003778819,-0.19100779332643006,0.054419031719185176,-0.03441961276034533,-0.058644732422114515,-0.04560654478411169,-0.01953748879474518,0.22203788543254324,-0.13887476594866754,-0.19946348304191874,0.1892464026346923,-0.43321931788978535,-0.4476814760576645,-0.17523063191257127,-0.3765181899519457,-0.24100257251118848,-0.34012544624249125,0.16920442412352404,-0.29737951825580683,0.157808416737665,-0.043533552278902946,0.2782033010804959,-0.3967184767668363,0.38635719914704975,-0.005444380163554329,0.3102856739890959,-0.05460953511419582,-0.04673993679078246,-0.34386958601035356,-0.20869976722892475,0.36892822328324226,-0.16494050654941214,0.13423583795256416,-0.17801124528160267,0.23254460797880996,-0.17748685808609893,-0.16546106051618656,0.5789156752553825,0.03908674458525482,-0.0923464428366372,-0.19247954691025218,0.14802202638973533,0.20607767532163795,-0.10820924000374181,-0.324839208238104,0.22756731599869076,0.601512574980289,0.15923487068538397,0.18677876622080386,-0.0024632252797431465,0.025954871574640867,0.19188190114062323,-0.16373633293972648,0.45109102622874425,-0.11979337955138766,0.13707812348099957,0.20593822799785416,-0.12931272346994532,-0.13319565366108505,-0.2615334901199685,-0.2810428428658592,0.4040597564282291,0.251825178524339,0.3683014077308783,0.048565393961936744,0.12455192190710732,-0.0725266962393526,0.0270774487346125,0.38261373480492794
feature_1,0.1428528111158954,1.0,-0.3996053650500112,0.13094283496497933,0.3825917059176548,-0.11465279631339124,0.3316686561129541,-0.32848684781717125,0.3213913035631726,-0.032437716784423726,-0.01639387326661509,-0.4450313596611789,0.24636078634048786,-0.18683504685325508,-0.27294838126766724,-0.2826467251077173,0.01630243820564161,0.11137663534150818,0.23812603798827173,0.2166585070046749,0.0610712476826367,0.10447349481363977,-0.19431072052209633,-0.011851435170034886,0.056778753838366676,-0.03897997049040419,0.11852041498270673,-0.25646433962239623,0.24827584116305618,0.14249939804486275,0.15875492081035453,0.07116136057445052,0.27734064842432776,-0.3865801991048132,0.40945804096269683,-0.3958706019814156,-0.4722125944647801,0.18774109455836716,-0.035442317408375806,-0.3562830463315305,0.08414724948443847,0.16985485520516008,0.24501881694714825,-0.0837663300557882,-0.06447934828141882,-0.456069853304913,0.0910098565843797,0.17255375842969034,0.22890040843278453,0.13022006464265304,-0.3369017912067456,-0.07416607904879656,0.4145403187863897,-0.14917360536790844,0.15515470215847324,-0.39028683690647925,-0.09811201879048827,0.21954785418419165,0.10898371806884403,0.012884574511864222,-0.042270598251864716,0.24552051642066472,0.15600086957873227,0.08529247984763934,-0.394759726878062,-0.06446562764743069,0.12643542472858038,0.06829225505176284,-0.08637981561710577,0.1447234314764108,-0.09813112818713851,0.19607405719492718,-0.23048821496422983,-0.22330008391918435,-0.4833569257315027,-0.3442421229136371,0.008141326491712796,0.37510602855747266,0.002063793165941017,0.33358700662973073,0.05092866123286179,-0.027450051666758266,0.03254776761303042,-0.33558437305466465,-0.05027736807032834,0.15863736316028024,0.32161621467851587,-0.16047160423787735,-0.041175153244813266,-0.147156220325783,-0.3091148851095521,-0.1364743700892837,0.300671590368902,0.2705890355705113,0.12861782835341948,0.24521436422020051,0.4807464115311022,0.1877379460318061,-0.09986615921912594,0.33766189098771127
feature_2,-0.1485442891841095,-0.3996053650500112,1.0,0.11522876492514438,-0.12817328973714665,0.3708744024871963,-0.07943593283838593,0.2623739682932345,0.24315007380787665,-0.1616586646380836,-0.3469225030758755,0.5142017691177244,-0.12843256184295662,0.4295938199426486,0.09979541386069454,-0.012268207262006534,-0.11960376401339351,-0.15704404836641048,-0.3892521298495768,-0.09679867743049725,-0.19543224045655178,-0.051164750114280746,0.04676082778995046,-0.1750291024917629,-0.08202533198454387,-0.39011326817672975,-0.20826478216765149,0.4219912556230323,0.24495162389642242,0.3424684057890056,0.09573046861260592,-0.05648784477588131,0.0961237512202913,0.018493825812530066,-0.32419157133339593,-0.03331094294596888,0.23926723270421446,-0.20735153703774645,-0.05570300844627497,-0.044165661361041324,0.16456067922897621,0.17011423028814837,0.16262529172646653,-0.301628965067678,0.11119264645502526,0.21740654845266832,-0.16119054370206332,-0.060767792705564455,-0.0007501842904150469,-0.3576218477094538,-0.28341286923044556,0.02090670151202107,-0.15506253155919247,0.4065077552224648,-0.1385682585656646,-0.07043582181052921,-0.2200666882492677,-0.11437874994283818,-0.4484504410428553,0.19861740003162,0.35683680846211197,0.10630277746614676,0.29839975946699876,0.3048678219686817,0.3408309776492887,-0.23843076968187826,0.30964994376982924,0.2284158414044218,-0.19865519486809985,-0.19530166469205673,0.1610161574614361,-0.3226120252561779,-0.09770881701584926,-0.28810529221045106,0.2739654537352752,0.23063152769798087,0.36941473864404484,0.13626755011944017,-0.00586879066780035,-0.08250108050362788,0.16770079479974406,0.33088298844861114,-0.0006130047512476871,0.3496961375901052,-0.15082833867033896,0.030135068824664983,-0.19915893015286654,-0.08224615030576905,0.31889142081588934,-0.2959710456245983,0.18562499276449476,0.07850610604953284,-0.10175200403776714,-0.1363300241508662,0.08370288402732126,-0.3693431312466468,-0.16832824141128103,0.03817290509514162,0.4451486867676051,-0.2986016410932877
feature_3,-0.041382122040352985,0.13094283496497933,0.11522876492514438,1.0,-0.07291426166181673,-0.2156035409925795,-0.17971296538644888,-0.31889394283849065,-0.024210380716123803,0.4218102964546084,0.23611113701842784,-0.043090205024799655,0.24267173139324338,0.051506793983320094,0.09306150447213704,0.3072896095467308,0.1652303288310716,0.23371414996502204,0.30588947182597703,0.5242536650914488,-0.005465899658916566,-0.17801825630140555,-0.5598290663633105,0.23202364225486227,-0.2823804272970193,-0.24786492667185125,0.2563079261316803,-0.1485179694326258,-0.049034957089357865,-0.09510121391478858,0.34511581405582725,0.2057199374565338,0.5271123420245258,-0.013743465987677344,-0.24524570398994447,0.045928299822031164,-0.0471472540914059,0.08854317061791125,0.4908415523544876,-0.36009524727993997,-0.054825110348334094,0.4388932883933431,0.12118597129181752,0.17939110927338878,-0.3212736308970805,-0.27108607377781074,0.5898763064893653,-0.31271077444283446,-0.4014279309060245,0.23634366247226601,-0.06715368042493228,0.47816341485304825,-0.032545620739051484,0.2921380894846631,0.34117467947294533,-0.23006218424226904,-0.1365648938711082,0.12128230547270157,-0.007937105191903177,0.1037890991440143,-0.029443668067809122,-0.01115825750593604,0.45041606114481525,0.35116703698374363,-0.12524667323384564,-0.4092491922490098,0.4228791128088779,0.3928228069259061,0.13124174515086923,0.10918259383855403,0.0410842505050363,-0.17689098437007347,-0.004812117121387545,-0.14250592420989425,-0.03833611704348026,-0.11263830591571466,-0.16961815263456678,0.13823050188644367,-0.5402008953610986,0.5498999438450028,-0.27477515622718474,0.47834392741890847,-0.4708512552995721,0.26354245552627686,0.15420191854110554,-0.3368520366463021,0.2702915634435407,-0.4100493453339847,0.5145295927926539,-0.05532723109772817,0.1281479027407364,0.09425122700576324,0.10460386943935113,-0.027654700587107776,-0.10503094378581875,-0.11000492193617796,-0.1532117068535296,0.14221851962470228,-0.3119986739748452,-0.48750944106257393
feature_4,-0.0946180932423887,0.3825917059176548,-0.12817328973714665,-0.07291426166181673,1.0,0.21556230211361085,0.16329935961164843,-0.04413647613166002,0.44718670054065657,0.13097931040127694,-0.1724573326781733,-0.460402495028692,-0.03124132312369058,-0.015338812831370995,-0.19724989285635172,-0.3139842797979748,0.2110178329045966,0.03739447437294309,0.2498582726661995,0.113307613805554,-0.0047131320941181075,0.2532732888147446,-0.10657328912563598,-0.06361830626364268,0.041360533790291296,0.4188711115593972,0.1907837623770525,0.11799650809395675,-0.01534982749133075,0.18932879231972025,0.1184162915280169,0.37888822918611326,-0.0006598887098938382,-0.26032479019812277,0.23031876371158314,-0.035761852320598586,-0.14675832312075165,-0.21511557352277166,-0.23028789179951162,-0.31375077140274216,0.23116314141556046,-0.27776049732253616,0.3278428249830814,-0.048931014596896694,0.08350788626321207,-0.08130327459538769,-0.007196968619790185,0.2514726619395037,0.06537092027583784,0.3540912070884638,-0.30595344960805837,0.06772221606513824,0.31950226839982454,0.18335581007286053,0.12579508649216617,-0.15199270208282206,0.016308607015708868,0.24516245544178353,-0.05477032247814764,0.16430900117251018,0.2904269030314063,-0.012230876010299834,0.040187729628341703,-0.07937243866815695,-0.1678823073780597,-0.109912506455726,0.29763146672915053,-0.23592748683118395,-0.2320444821469739,-0.2561644405454984,-0.35883071098761227,0.3238165440938764,-0.13601325633143121,-0.024699564878500037,-0.2876781980143293,-0.3068049073531769,-0.06530672759810394,-0.06304595297979554,-0.1095437336253772,0.2188999460128925,0.2861697967477103,-0.1712520680230856,-0.3358709843512658,-0.13321983736480839,-0.27368265184051704,-0.16525799467323804,-0.09386019489153148,-0.30417802852577475,-0.09871323485739551,-0.09028967810333166,-0.10192461423698594,-0.15421335101074984,0.30975837932462896,-0.3750714759489587,0.07652542104924114,-0.1949167197486583,-0.020473911677300245,-0.18761369381210571,-0.06717655137425033,-0.029754428761892115
feature_5,0.008411124725144565,-0.11465279631339124,0.3708744024871963,-0.2156035409925795,0.21556230211361085,1.0,0.3732998165030472,0.4624812339349769,0.1816668388252773,-0.02696075963857597,-0.3520901579811061,0.18936007011709255,-0.4989720759530306,0.11813154529289581,0.10748988801548462,-0.12337328530642787,-0.28727830641231583,-0.24700655262054452,-0.6218700419826659,-0.21445166665792165,-0.3442901700639926,0.5452324609244397,0.3354970314895811,-0.5187374328574869,0.1427227152855342,-0.0467923972715887,-0.5423288552717611,0.538912995072673,0.11747154909743093,0.3896131115987986,-0.2974494633700219,-0.12448373738559564,-0.22368645151443758,0.011720029689672846,0.36449304791397225,0.16627643093924183,0.2562864206439588,-0.3143255777535681,-0.3862750644267128,0.09105134879682406,0.1339889115347576,-0.34798080439151596,0.33881191663825316,-0.49513520834462277,0.3986095364654317,0.07050615794943581,-0.21468643420258063,0.0909155298038328,0.5542727831403463,-0.5058415426350759,-0.4356015298472124,-0.4831382512338209,-0.2454604086385063,0.24393369627556521,-0.38636646395265534,0.1988712808668316,0.15809560792080765,-0.37284408821801374,-0.2858833714580454,0.5268216258203946,0.5440010464606261,0.2828255896101351,0.0647554780301334,0.37829566676678983,0.6739716712013286,-0.03519193397855033,0.06282540740411188,-0.08719783955230684,-0.2727737728607001,-0.2631471023222227,0.14901571472333466,-0.22031351249940576,-0.14987123282819284,0.03703353408460964,0.3944718438175453,0.17406662117339858,0.3571945248799281,0.02948865806884593,0.17835315004016683,-0.2807977229097351,0.23218540942498173,-0.30285740517109744,0.14319385183682362,0.259084799361399,-0.2817464038991524,0.17157777393249143,-0.3554025752171091,0.12481612769057861,-0.27072071489635946,-0.3723702725391589,0.029662201507008223,0.13117862517856604,0.39657547059261866,-0.2599673649648517,0.529277991781664,-0.54829142736734,-0.18537802360060832,-0.25670295651752373,0.4542653605185825,-0.029102819884882936
feature_6,0.19458840950370318,0.3316686561129541,-0.07943593283838593,-0.17971296538644888,0.16329935961164843,0.3732998165030472,1.0,0.20590926240929672,0.1850219525993487,-0.2992674304916335,-0.017642984485045737,-0.2779557313493925,-0.2791165562405472,-0.1725359683294604,-0.13793215033868608,-0.2399622515012803,-0.2885974452919198,-0.03014038993770269,-0.4845032811605181,-0.20396547663362838,0.28464810506624777,0.4755922946174778,0.25486636363254583,-0.521330764125015,-0.13707965172213935,-0.35923850055671364,-0.4951287394263542,-0.09886323328687392,0.2631054110819604,0.02574136738677813,-0.17820004766671424,-0.12637677660293473,-0.05650924608548001,-0.009942610861757625,0.6439057609578371,-0.029416570003497643,-0.07283445105990947,0.2538260143563137,-0.11226699990292917,0.06430294576543485,0.0586594780329805,-0.29742075038680826,-0.1763349094146673,-0.16311856247802267,0.08401287881248262,-0.4836430035985894,-0.16867461161158304,-0.15659219340212088,0.5012581876721885,-0.173508316817704,-0.2609839098836708,-0.607702352386767,-0.009994484846262471,-0.10772147301647397,-0.2869216877621493,0.1257031554016522,0.059900479218859014,-0.19357731141212076,0.30060030891671585,0.1528832814461534,0.36776160855902507,0.4263153816157068,-0.05775390811201552,0.138588588543196,0.25051695111352096,-0.14892289926157784,-0.15911546473305935,-0.18371801804214,-0.0009945700336597971,0.047787406279771384,0.05434798473470631,-0.43038893925348704,0.11901396707513487,-0.11451462626239473,-0.19303346747371203,-0.13637998585145625,0.18713347234873534,0.3499667552063425,0.39581440072808827,-0.047741545853221906,-0.15430796254545412,-0.5506924312020942,0.4696928436402577,0.16310986967025137,0.09410244498168108,0.1769824726305093,-0.032469057044846164,0.2079784024943722,-0.24578469371322895,-0.2593950977002034,-0.44745281159386036,0.21512916569026413,0.5294414917698284,0.10441928644184041,0.5812322444890993,-0.1259364230959409,0.40643164931679454,-0.12730040846878693,0.3232123583401559,0.4093114680653318
feature_7,-0.4484169583476632,-0.32848684781717125,0.2623739682932345,-0.31889394283849065,-0.04413647613166002,0.4624812339349769,0.20590926240929672,1.0,0.2857711660565521,-0.13951273826135102,-0.519598323549691,0.2641448708257331,-0.6969762016569363,-0.001558205359619528,0.2821122595193049,-0.18419644267489774,-0.0028454797332646857,-0.3645610530779667,-0.6249500456736645,-0.2581443077179548,-0.1474688898732348,0.4908106316167955,0.6819808997880391,-0.37341870547201156,0.22925632452054442,-0.022927343869553737,-0.4763521384635722,0.419729442010688,0.005641202701755839,0.26599059020761295,-0.134647252618194,-0.2589979631550188,-0.26494808709568357,0.050530296739155586,0.2572948411684301,0.03458118570370037,0.4777499480392743,-0.15343103707305672,-0.4296746195166699,0.48646462513113875,0.16830017260190125,-0.5364755656568264,0.10428802463026009,-0.03814518984947286,0.5631568999714949,0.29259899454265254,-0.18870548269939233,0.022575273012838393,0.42664516404494895,-0.2721469624803382,-0.015614262715221998,-0.5085423600993693,-0.4319389893501259,0.10546156659034062,-0.7507825029738606,0.3502176373448534,-0.2530641577699975,-0.30923962464854193,-0.15776855222959393,0.5054209678650965,0.6269832875094893,0.1696272351576169,-0.2231398446083065,0.09442398915121976,0.7066107024703958,-0.2103004925891788,0.016342241961306174,-0.03247721598770229,-0.5449572807319759,-0.29993996182167193,0.4161158490067981,-0.27361931685738444,0.075687187617124,-0.19831356407674802,0.39015225640813456,0.31585288501085107,0.35606203595144403,-0.3387741535013236,0.315890661602738,-0.5826693660016473,0.018695226587169034,-0.36451066042569313,0.2744630320538145,0.33081251544159074,-0.4647197317943857,0.43967743224935146,-0.4890805475240735,0.2099341325247769,-0.16237027991469888,0.15933244688786866,0.2070666103480134,0.5312183428127715,-0.1532439378213866,-0.11676630599566674,0.07117995874047327,-0.2550195503763235,-0.06205483637602825,-0.15754215478515066,0.572426074910999,-0.20091190277290832
feature_8,-0.30990586011363885,0.3213913035631726,0.24315007380787665,-0.024210380716123803,0.44718670054065657,0.1816668388252773,0.1850219525993487,0.2857711660565521,1.0,-0.36608139060875805,-0.5476961362596536,-0.1296142004293198,-0.23191846506816213,0.02564104377560286,-0.13177993979121566,-0.3982446647676203,0.31076454628735056,-0.09271624703082935,-0.020648965507614254,0.012593846275568414,-0.11840726054201887,0.18433432658985904,0.10345249555011896,-0.23883158575273755,0.0401628213193066,-0.11032451113726462,-0.005535243503479144,0.08806248022266047,0.17868646103194968,0.5640865744371265,0.04983578741918197,-0.118664500682696,-0.04069983406094409,-0.3141522881777789,0.05358908087230857,-0.4197114561422388,-0.1956123530277412,-0.2066352999896699,-0.5412879203887527,-0.10290726106540377,0.600391623585083,-0.12405352848811761,0.4216830052315396,-0.09935373785062694,0.20355288357690998,0.022349156162966337,-0.18998234810980902,0.23825642713802764,0.27868921023975324,0.05364375869626251,-0.5247371410671716,-0.2017947133078822,0.09505389121641483,0.3023658440301225,-0.10446400071563722,-0.3354047816011004,-0.642446345312127,0.17470362062464495,-0.27202521818143316,0.07462615215588372,0.44551759036678507,0.2141261468886621,0.13849121572329415,0.011975697559694245,-0.006691817354058703,-0.31243152208714786,0.2651535886447798,-0.09508777760857415,-0.5835777023039211,-0.051106468383104085,-0.04813086084719884,0.06023384402648888,-0.11547094387498696,-0.6938232113831796,-0.27889918452080464,0.1083531110770288,0.2993063584906607,0.17334647788238897,0.19920322788515252,0.17250042726153136,0.25917673983212663,0.17772699329027633,0.18041167429561142,0.06526076546521821,-0.34207292548337964,0.1870258703897452,-0.17254360562516322,-0.2665730976396491,0.2852827224796366,-0.25070785545294094,0.004624847435828395,0.0073770665623308735,0.13346423168646157,0.20698915937362578,-0.10742664607130785,0.17754097190516596,0.36071405995113476,0.2672170505172316,0.42801237559481886,-0.013014238030727984
feature_9,-0.08253436657571865,-0.032437716784423726,-0.1616586646380836,0.4218102964546084,0.13097931040127694,-0.02696075963857597,-0.2992674304916335,-0.13951273826135102,-0.36608139060875805,1.0,0.13037895602618804,-0.00831901825880253,0.11203634194941588,0.17708947128680622,0.10927302587369361,0.19090983028535366,-0.06504617384107159,-0.020342389456923238,0.2215078884362192,0.2809935044117436,-0.2572204741772308,0.09045011555638206,-0.285778002125404,0.2819708457741428,0.04459028558471556,0.30103370116666794,0.2271723465555457,0.1937992392916597,-0.2750533926950652,-0.2771021947486665,0.3301788924664954,0.45286171135710807,0.25259527131722637,-0.1663344059122693,-0.022201182715375467,0.38849746259370077,0.19347668277101224,-0.14630626746683445,0.47503345714467377,-0.24538115757062795,-0.4378715486910918,0.02556228254825106,0.2214431383365491,0.03132551369569206,0.12481223448498999,0.11489267236449649,0.6166053009475113,-0.04007778474906609,-0.3664617053169073,0.12580238745658734,0.17113187386511375,0.5443892316355666,-0.058179429078449266,0.21660793842881282,0.03335556867842922,0.1357700829325137,0.4027938439541485,-0.07238279975197993,-0.07925333222523563,0.4799930109283061,0.008675825082315942,-0.17484709061399614,0.18626177773458816,0.18207740360278887,-0.04611110143161472,-0.016960587698272637,0.518176164582111,0.2441050409888363,0.07803785195199779,-0.21287630131651955,0.14223715788068234,0.1235857357524272,-0.23080203351903353,0.4662893358290129,0.34924757444002236,-0.28213296084578954,-0.15838637220872204,-0.32347843514727953,-0.5741192404554288,0.09913854548371104,-0.2465835769391681,0.12269468942189121,-0.6614368467277555,0.07343416494602642,-0.012642962634596366,-0.29545815779249174,0.24151455218183954,-0.21508884677160203,-0.017698233976150918,0.13429832390367855,0.15825801441013254,0.16842527187658593,-0.07053093268818855,-0.5515565134587083,-0.05411850388660772,-0.43613464194055124,-0.5508325582857004,-0.3324348174285754,-0.4907877689888737,-0.48185949462516925
feature_10,0.3101361330211276,-0.01639387326661509,-0.3469225030758755,0.23611113701842784,-0.1724573326781733,-0.3520901579811061,-0.017642984485045737,-0.519598323549691,-0.5476961362596536,0.13037895602618804,1.0,-0.4200639227189954,0.09770507033938106,-0.34354252244554534,0.09107407221372954,0.5887473069460791,0.21312937149862307,0.5184555982630604,0.19091926614268204,0.12077327071833853,0.5781081223165498,-0.2752467496960458,-0.3603874072693881,0.019379612121885197,-0.43253607537818617,0.007707046415753528,-0.009104992353215133,-0.7305847162227457,-0.1880362304738316,-0.6432002192183024,-0.1656006513869705,0.0003639753536007942,0.21246626813348168,0.47924420805470264,-0.20709781814050562,0.5937061394868279,-0.013859768582332744,0.6291306664951787,0.4575769964234099,0.10686486769930859,-0.44985854054423025,0.052910367532949885,-0.5486589665706701,0.42137714907123797,-0.5868757579436855,-0.5186488066725339,0.26172180651478827,-0.26441456483547604,-0.24693560829428476,0.380103167073012,0.2609239237458698,0.05611861247892574,-0.2755149126508123,-0.26083142403443316,0.26352404058653006,0.3279248661338344,0.45962341580899313,0.004094146757643031,0.701029932428311,-0.3500585457244418,-0.5823411126357514,-0.3873965812613161,0.08776570906742528,0.0028992410329658656,-0.2881962866184553,0.011516377199287433,-0.34224578194029354,0.07474499529096303,0.5373489366726018,0.48622347060574383,-0.11065185278525429,-0.13683628510352813,0.3550517097579676,0.4453158325519123,-0.14206681290958412,-0.0719317056183735,-0.6311059124944001,0.16562259980876895,-0.08556454143493428,0.2379437691164735,-0.5216897209739453,-0.15345390294186403,-0.09069793361417007,-0.061713628777328576,0.4596357340663415,-0.331323570578432,0.42464583142063866,0.3367801507461971,0.12338415712366138,0.15881622064469014,-0.1581213161836727,-0.0804735570143649,0.06878143815980381,0.1497711566606732,0.19067044778318107,0.1836272903025062,-0.045050435299573435,-0.06602337094860587,-0.5490349445757117,0.17884623124627388
feature_11,0.015972453518237693,-0.4450313596611789,0.5142017691177244,-0.043090205024799655,-0.460402495028692,0.18936007011709255,-0.2779557313493925,0.2641448708257331,-0.1296142004293198,-0.00831901825880253,-0.4200639227189954,1.0,0.10715142300421442,0.4008329299408878,0.351174564589157,-0.19233903176075512,-0.2839883012334193,-0.4905551657216987,-0.23979225465329793,-0.2294397102740762,-0.3564346170364261,-0.14801308789369977,0.19747661871809613,0.2570161346321661,0.31663237829707563,-0.1623892495656702,0.012892952946105674,0.5111769079136856,-0.0873280120075758,0.2568615888040876,0.04146779615898652,-0.1754387699243682,-0.10352747261523554,-0.044110662973740694,-0.2923552816477744,-0.17054814534587384,0.0905153255515914,-0.400236139340055,-0.02010773944428513,0.11142786979577265,0.11329835419266276,0.1776155838361859,0.14158004047822112,-0.23167487927426633,0.05033388061196879,0.3760867432943866,-0.1612185608578235,0.09833138653944627,0.11518969578087081,-0.4970920913513884,0.17834709157703404,0.07657841771831772,0.04047322438949861,0.04865859544281351,-0.011739066544222795,-0.16006637046488378,-0.09405904790841331,0.024870430347674666,-0.50758132715474,0.0888912318776453,0.06586194727600111,0.15393504919507697,-0.04479435464722276,0.014551819034044232,0.43231134687578837,0.02225674581255458,0.02446082620097308,0.3533031613383438,-0.10560596057312949,-0.3159578123024936,0.13595851380115062,-0.16048493787245469,-0.15268397437336276,-0.23116256605003974,0.359230110255852,0.2615949362894078,0.41766190342586645,-0.007782992966304059,-0.11613737901475231,-0.3212822826722724,0.39689192633259546,0.29412819432979653,0.13270244008544213,0.10100848075335192,-0.24384058934325686,0.28432108233240216,-0.4045855052813122,-0.026395285782966436,0.022508269635657642,0.06499438427565506,0.23834403743127963,-0.09374801814174656,-0.20359933200528055,-0.004181239172156677,-0.20164391930827183,-0.17925093375686765,-0.03386543865343468,0.18029043551138793,0.2631641715200669,-0.4237465304636648
feature_12,0.3008973344021749,0.24636078634048786,-0.12843256184295662,0.24267173139324338,-0.03124132312369058,-0.4989720759530306,-0.2791165562405472,-0.6969762016569363,-0.23191846506816213,0.11203634194941588,0.09770507033938106,0.10715142300421442,1.0,0.29434367323994787,-0.19986114990589524,-0.2045400007092988,-0.1159728375218161,-0.017538446022219337,0.5900557757075472,0.23010017120296783,-0.044650757032400276,-0.6166279007879198,-0.5404156224624331,0.6260579787693683,0.004121156555374001,-0.020589705581796375,0.6136123715845953,-0.10457014738126486,-0.002888942546763715,-0.060702185418108415,0.3246723360231037,0.22597834831011257,0.3272592600166668,-0.23184136367750416,-0.2625955766066934,-0.39395662158822875,-0.5192053895549049,-0.021383243358969944,0.37561720427105333,-0.37810716599445454,0.07747758427031091,0.5546105010866008,0.004543058874660574,-0.0028898191352636094,-0.39659382534961124,-0.12359943666787998,0.0610963372827944,0.15988469270322855,-0.3453529528852899,0.13308612905650474,0.09247913798047035,0.5362673998493267,0.6816441025770542,-0.1483741189349709,0.6888847849852323,-0.6066753914005818,0.02436678007169769,0.5163873926474802,-0.05833447026139808,-0.4254973121423938,-0.49810588641931236,-0.024405284881232975,0.18489069020962487,-0.27000115317123574,-0.5523747037533151,0.05687953429548546,0.1275555465383379,0.16260504274585288,0.4399053987100893,0.011181105190081125,-0.4679007461412907,0.309089717691117,-0.10278343707559483,-0.06095249426043444,-0.5081215281372824,-0.29510106221050975,-0.06911495746668946,0.212724301142675,-0.38569976264851147,0.3440642809195459,0.28610822294282434,0.4452892448685304,-0.31799939756876244,-0.4047173847330973,0.13771897578532874,-0.20410950175867895,0.22906419044191273,-0.391691908106243,0.0763505176667706,-0.06005443953636258,-0.14807792464494313,-0.6326528929600589,-0.09289897397944039,0.0396931485550704,-0.2600084407774525,0.23273704007509605,0.17582370460490748,0.3756348585906268,-0.3847090921901902,-0.037028484048777975
feature_13,0.09322450367590876,-0.18683504685325508,0.4295938199426486,0.051506793983320094,-0.015338812831370995,0.11813154529289581,-0.1725359683294604,-0.001558205359619528,0.02564104377560286,0.17708947128680622,-0.34354252244554534,0.4008329299408878,0.29434367323994787,1.0,-0.24937373228280652,-0.2596444374614883,-0.47840821659903854,-0.32649876510216574,-0.12863042191443588,-0.15283901512589726,-0.17184190300499,-0.17867045955457844,0.019725286641354915,-0.03816437165358859,0.1751786034233025,-0.2733955997658487,-0.024518803929625584,0.37916017005109404,0.37720607353513114,0.36153005942601285,0.4502653588666384,0.24086256941229509,-0.04288404888121199,-0.4563345918014652,-0.20831741482620922,-0.2056439310855389,0.26494483384653184,-0.28450243124692237,0.17771989408986064,-0.08678875914161426,0.08452252465622918,0.17169502787256935,0.07212736909331825,-0.4896658530311557,0.31258647402635237,0.23294065685555243,-0.09980702023286736,-0.09905278342667556,-0.2149449635902484,-0.2852371420472857,0.00323644686557959,0.3603079166382074,0.24669902587223333,0.31223416218578876,0.02669114190822944,-0.16186819145447243,-0.09507954917185382,-0.07198820628814293,-0.5164333753985906,0.0005531018331902408,0.33184183423891284,0.33114603521367825,0.22076886784686403,0.26464443285066164,-0.04572296546081141,-0.2169657027533207,0.48997719743238943,-0.08551951039176828,0.19491323722459553,-0.3898297343218606,0.08602505696559029,-0.21465224336005254,-0.049452659254744756,-0.13324003536024795,0.08163336758353876,-0.04863711698044782,0.5933011545277911,0.055029242722800534,-0.08711981810211375,0.12121333315344164,0.165666685886151,0.40186477397283743,-0.19972176100474134,0.05283568876432145,0.10775901901193395,-0.1952684705505083,-0.09048538075348916,-0.2113097175032334,0.0599345673260646,-0.2545239081606335,-0.2702296078908053,-0.12411788567541635,0.02053842759767921,-0.32919127096712386,-0.1259806151192601,-0.30247366875684945,-0.19405699795380313,-0.003137662370301485,0.24189814480402366,-0.2150239151353973
feature_14,-0.11732282997102111,-0.27294838126766724,0.09979541386069454,0.09306150447213704,-0.19724989285635172,0.10748988801548462,-0.13793215033868608,0.2821122595193049,-0.13177993979121566,0.10927302587369361,0.09107407221372954,0.351174564589157,-0.19986114990589524,-0.24937373228280652,1.0,-0.00018218278813178255,0.3133175347545156,-0.14508464973514404,-0.09313576775441007,-0.034558798205971034,0.08349065173434662,0.11880328881627725,0.2224070917097182,0.2655276147805671,0.11397710152861758,0.14012186166317664,-0.019294121226030445,0.03494384109812339,-0.3830651752268584,-0.07133744731751482,-0.0677889622183212,-0.18938643249964712,0.2029391380144706,0.21319034151654384,-0.2180363593615167,0.22016023647916905,0.0025629782504643568,0.12215590314945521,-0.16425447682852753,0.22748905117136972,0.10806603247205017,-0.2607847034962156,0.025466989645971164,0.3586835663810793,-0.15660728130407375,-0.06937460123285322,-0.02561606510581674,0.08867228114385492,0.24358606162948152,0.042113845842744066,0.12858437964083874,-0.2061616931122204,-0.3745157949004511,-0.01976978485822452,-0.06756641287435797,0.12334230663436195,0.06750705032472833,0.06479707692570048,0.1829782062717634,0.219070736975308,-0.11363084801037401,-0.21827105776803826,-0.026360811166693428,-0.07381184507749736,0.4311663335427936,-0.210232903654046,-0.06394383217275443,0.43761158080748414,-0.19562269850290684,-0.23447983515167886,0.022585946110918187,-0.06836702582463934,0.1008892225263003,-0.11946241851424169,0.11556265391613305,0.2482307234230062,-0.23514335052262203,-0.1287026414128264,-0.2627229992994212,-0.21982943335400798,0.15930505921518,-0.12229889441869643,0.04332915928532049,0.06490888960602134,-0.494070979543631,0.25562827337893623,-0.38788217900503474,0.09327477828444054,-0.13824719003032163,0.4571697306602449,0.308162352213439,0.012461921208417876,-0.14058095701155476,0.05403972337945092,-0.20757163419729763,0.00010555147707846597,0.09765388979054633,0.12487511527015224,-0.15097680681979606,-0.5310261151327811
feature_15,0.021688625251848434,-0.2826467251077173,-0.012268207262006534,0.3072896095467308,-0.3139842797979748,-0.12337328530642787,-0.2399622515012803,-0.18419644267489774,-0.3982446647676203,0.19090983028535366,0.5887473069460791,-0.19233903176075512,-0.2045400007092988,-0.2596444374614883,-0.00018218278813178255,1.0,0.1298487977819181,0.337955392836217,-0.018220056547287797,0.2181839596288296,0.13286292474441017,-0.23993059865744987,-0.3433217400956017,-0.15407567004062964,-0.42097817896232803,-0.048745416756608984,-0.15784885301032353,-0.31447212115534995,-0.16004410619246698,-0.3668194678330675,-0.3241606486527483,-0.09753028567422845,0.17471474338577397,0.45644836565885943,-0.20117319774311526,0.5068149582258326,0.3333004371147987,0.30044749128851733,0.40423826630333903,0.1462307364132802,-0.5217454066874426,0.23121115131228348,-0.19548126119677522,0.19459586741229776,-0.2566623080892144,-0.04048583953976046,0.35025509456211135,-0.2576418660349308,-0.2952013673780351,0.08335014354829531,0.09425976075690011,0.1537805233211471,-0.42315968053185976,-0.05289028338463385,-0.05945971762637067,0.3151439459798686,0.20914511380480635,-0.14277299599178944,0.23079839076717373,-0.05779686884099018,-0.28608920922881736,-0.3498094743834262,0.22493133251862937,0.29408791583341587,-0.024402964739033833,0.06409214818146647,-0.16158522721606167,0.17773950665772056,0.21033294202524294,0.5127566120553378,0.20201823006678105,-0.17217801837896593,0.10168019676282347,0.4373146040511566,0.3837369839690744,0.09190320483493332,-0.384540052216601,-0.10776546630213235,-0.12159979441652218,0.0019381349883959655,-0.5378600134174935,0.004968436625745093,-0.23538240026273025,0.11842353635206478,0.3635489059400751,-0.204562450261821,0.4353944300854135,0.30034783290533973,0.3634547751352891,0.08384837361886305,0.26849815193417254,0.19473595394365978,-0.1667729210075497,0.030459875225900393,0.18835892652851016,-0.07503251026621273,-0.42287934816494643,-0.12754605841675243,-0.24881361566162585,0.0555597745007462
feature_16,-0.4954862977679564,0.01630243820564161,-0.11960376401339351,0.1652303288310716,0.2110178329045966,-0.28727830641231583,-0.2885974452919198,-0.0028454797332646857,0.31076454628735056,-0.06504617384107159,0.21312937149862307,-0.2839883012334193,-0.1159728375218161,-0.47840821659903854,0.3133175347545156,0.1298487977819181,1.0,0.3633103654396783,0.4120638936984467,0.3845319208035748,0.10912394693058865,-0.18627668148937418,-0.2649159549506476,0.25569357438556445,-0.2922763391343657,0.3673848515658519,0.3766246663418561,-0.3395363247084725,-0.5346770819260611,-0.19368903423450207,-0.19212895756772633,-0.16650521409942776,0.17487326502322673,0.332339915141378,-0.3683275200084267,0.19024244788306396,-0.2737870429491499,0.1742229669909568,-0.26627645636970654,0.11084445287905854,0.34488133928903675,-0.18991378946742804,0.15144438943776603,0.6857780142632576,-0.39633963818970686,-0.026088081320915238,0.1493188645010568,0.3363204257557262,-0.09765669321071498,0.6264532627196004,-0.1451973239328418,-0.012754926886924868,-0.26198269139706193,0.1034662545310115,0.1661729604944858,-0.08978944859315506,-0.26542292875705864,0.39386471855245375,0.34867710198003227,-0.12709400049968847,-0.3156494880604672,-0.5998667767508791,0.10360230842462673,-0.4016957667668443,-0.12523898616690815,-0.1780112242444179,-0.1307496535211782,0.1622112866344132,-0.34368626286284637,0.25926946847584437,-0.3430990911484611,0.34255791837841676,0.1333937346134734,-0.24864052709333476,-0.2988732037118079,0.3248292641887367,-0.6337754766188964,-0.2170337501826283,-0.14745165874140323,0.15962207104075554,0.011293235421075486,0.08381845771790193,-0.18394605197149005,0.021561201149543022,-0.3495193084438153,-0.05490758131572773,-0.07980320867263758,-0.18570865797245395,0.3796392650134673,0.2145820949772013,0.36394578502923586,-0.10659983755745735,-0.25987908824300227,0.20241729988787732,-0.3226520144362587,0.40876144521966523,0.09608419465918419,0.3587080242011627,-0.2976541248675219,-0.2839130369120167
feature_17,-0.2176211591010784,0.11137663534150818,-0.15704404836641048,0.23371414996502204,0.03739447437294309,-0.24700655262054452,-0.03014038993770269,-0.3645610530779667,-0.09271624703082935,-0.020342389456923238,0.5184555982630604,-0.4905551657216987,-0.017538446022219337,-0.32649876510216574,-0.14508464973514404,0.337955392836217,0.3633103654396783,1.0,0.1822662971028487,0.3049087521513586,0.28696218370987053,-0.08651312342068143,-0.3569544672270292,-0.003935092946290938,-0.5711405344564464,0.08572927049892201,0.06042427381615831,-0.4624832520348349,-0.02910119592164623,-0.45398918201079985,0.024896314781275627,0.19450555919278056,0.2768112670145585,0.12676231045588518,-0.04338024340635525,0.32373401254731515,-0.22872079944227425,0.44921747665111805,0.18992398989589793,-0.1345888092361244,-0.1410747165734512,0.042696140036010126,-0.09401012946016854,0.45199301551077925,-0.3807905809975447,-0.2746066640835311,0.3495047656142445,-0.10324368835029352,-0.35647520854331916,0.5108949629423444,-0.06347781805556105,0.1516660104521311,-0.23524115262374176,0.16941662248366415,0.13615697765075763,0.07560302703811478,0.10492537064416038,-0.030939908590138558,0.532247200962518,-0.19952070082911066,-0.254036987826962,-0.2765605519947614,0.2163588721895941,-0.02379114162138555,-0.29403949940925006,-0.09670545289828102,-0.17426023621649733,-0.03864305491579119,0.1530031476100609,0.434695863877031,-0.0805010961855212,0.05107487865352612,0.06342543174178772,0.1626882037137258,-0.21067472520428696,0.12947334582408246,-0.5597684869318599,-0.05619538226747435,-0.03829281267047347,0.33283457814049533,-0.2825204560052589,-0.08109130813275757,-0.04327442412952421,0.04616659340716066,0.3287453495358292,-0.376261894742961,0.2885260616251822,0.05548608154515117,0.09929834162524438,-0.0907541082207487,-0.2544744497476629,0.09529252721607098,0.11937518855606756,-0.014823164251066882,-0.08631303619895371,0.11071338678789958,-0.00013450815250437318,-0.07172429423175013,-0.4257981524175907,0.09266343108835326
feature_18,0.038572569272723414,0.23812603798827173,-0.3892521298495768,0.30588947182597703,0.2498582726661995,-0.6218700419826659,-0.4845032811605181,-0.6249500456736645,-0.020648965507614254,0.2215078884362192,0.19091926614268204,-0.23979225465329793,0.5900557757075472,-0.12863042191443588,-0.09313576775441007,-0.018220056547287797,0.4120638936984467,0.1822662971028487,1.0,0.3863381886980374,-0.015141400472880734,-0.4096175361883785,-0.5521866197881942,0.6618368055775021,-0.014436877965826255,0.44631109589988466,0.835187963781826,-0.22421848918594922,-0.3418037264540764,-0.19518253802461827,0.21230765623007694,0.29591122625295296,0.1377578159692862,-0.03973170286523512,-0.3554412839032448,-0.16663295234949108,-0.46470448400952175,-0.15528595966674544,0.18333326276175885,-0.4727435007643912,0.0786092513799054,0.3497557148736898,0.07349110672499226,0.31658568425255235,-0.42907748630194353,0.07399459291559805,0.22506121326894,0.137052379669812,-0.5231801965851596,0.6020079710331853,0.16686465193667535,0.6158746209101457,0.4663382030116952,-0.05907323997549016,0.7335984244665271,-0.410072483220192,-0.017148211929127414,0.5134983788823324,0.0026378507958264696,-0.3963369678012568,-0.510844020011745,-0.3618749807900429,-0.041243494526066474,-0.4534326480575801,-0.6514852142908737,0.20041028915275735,0.059701552242765805,-0.01350819104332205,0.16616261729157467,0.03895568630951849,-0.539638749497657,0.6224670612489641,-0.09587612423514341,0.019379613504985058,-0.40709065697432995,-0.29602130714632163,-0.4659234679055559,-0.08836644556341783,-0.4683083446671193,0.48479748881845597,0.1751322281159252,0.4116933395890733,-0.4817205457945153,-0.29313772706075447,0.06661846326814891,-0.33597543003534114,0.1894306180347461,-0.4921557266421227,0.20191247517082142,0.22096049528062567,0.21631398096737547,-0.4345209808614835,-0.14602676303823525,0.03493126781879295,-0.47987994863443134,0.3705406844190531,-0.035209234598762656,0.21057991419204328,-0.5903014502969715,-0.14096190838577008
