,feature_0,feature_1,feature_2,feature_3,feature_4,feature_5,feature_6,feature_7,feature_8,feature_9,feature_10,feature_11,feature_12,feature_13,feature_14,feature_15
feature_0,1.0,0.270490280545258,0.2566231479592451,0.4083381447106504,-0.05430751370376012,0.10584839757134182,-0.1502026795917762,0.12123385965864254,-0.18080787361041498,-0.05488757583839598,0.11590495590928579,-0.3039847717869958,-0.22023656441276945,-0.5223793603568364,0.3104730389302667,0.23773500746980247
feature_1,0.270490280545258,1.0,0.13289485447337018,0.0386477122139789,-0.05931119454174063,0.11139817880297759,0.19484252653945666,-0.1852952568171374,0.25879231169923156,-0.5811406762043329,0.16262531524215842,-0.02816990534385122,0.16535272412020813,-0.638415335840409,-0.046345263427073416,-0.08849207968257505
feature_2,0.2566231479592451,0.13289485447337018,1.0,0.22726390851683698,-0.1941264385007634,-0.5420956112444503,-0.3028576912775969,0.6144185117262059,-0.4827797153277244,0.03745526810136394,-0.07594508824928178,0.2196236701331443,0.13211736544044178,-0.05605223116127677,0.39932291954046634,0.3382838954934267
feature_3,0.4083381447106504,0.0386477122139789,0.22726390851683698,1.0,0.10310576911190271,-0.0009361821186760562,-0.03298347320710274,0.12430482169878972,0.32634411677661596,0.29735962413945044,0.10135688220320636,0.22035367567936948,0.12421482830200942,-0.4678255367188172,0.3664777729703849,-0.020226572166513888
feature_4,-0.05430751370376012,-0.05931119454174063,-0.1941264385007634,0.10310576911190271,1.0,-0.06502688192581883,0.42375557759237603,-0.37844187418064007,-0.015670600921454985,-0.08989152519437862,-0.12524496938997515,0.17953323667071633,0.01597271396778703,0.22893287773477736,-0.4866822987702384,-0.19214480418240312
feature_5,0.10584839757134182,0.11139817880297759,-0.5420956112444503,-0.0009361821186760562,-0.06502688192581883,1.0,-0.14264438861564566,-0.15514032491373378,0.37720477868420416,0.04025190872120071,0.21914373144329685,-0.4993916260405646,-0.3246085908865126,-0.15775720149993866,0.06746371658940689,-0.150127111135704
feature_6,-0.1502026795917762,0.19484252653945666,-0.3028576912775969,-0.03298347320710274,0.42375557759237603,-0.14264438861564566,1.0,-0.6285867578980328,0.36027232379742574,0.012626897968751525,-0.3395942673447672,0.28126461008048637,-0.008569228628829594,-0.10779054121400398,-0.1439175104863899,0.003684720711588616
feature_7,0.12123385965864254,-0.1852952568171374,0.6144185117262059,0.12430482169878972,-0.37844187418064007,-0.15514032491373378,-0.6285867578980328,1.0,-0.40796985820170883,0.05018324376694068,-0.10171975659426942,0.022122993568987392,0.08343440951244688,0.19641749816764284,0.12596345065707795,0.43811811318219496
feature_8,-0.18080787361041498,0.25879231169923156,-0.4827797153277244,0.32634411677661596,-0.015670600921454985,0.37720477868420416,0.36027232379742574,-0.40796985820170883,1.0,0.13468092586509967,-0.21494747163206504,0.22876300892303725,0.12659701356812533,-0.27363365898572567,0.11261256712305119,-0.3293638683807212
feature_9,-0.05488757583839598,-0.5811406762043329,0.03745526810136394,0.29735962413945044,-0.08989152519437862,0.04025190872120071,0.012626897968751525,0.05018324376694068,0.13468092586509967,1.0,-0.3085369355856879,-0.03812338556822018,-0.49596935983730156,0.1345576829213109,0.4422609753515448,0.24084950257782556
feature_10,0.11590495590928579,0.16262531524215842,-0.07594508824928178,0.10135688220320636,-0.12524496938997515,0.21914373144329685,-0.3395942673447672,-0.10171975659426942,-0.21494747163206504,-0.3085369355856879,1.0,-0.3091712577180904,0.16548942729570218,-0.2871528626867111,-0.15971564225891696,-0.5527626440420627
feature_11,-0.3039847717869958,-0.02816990534385122,0.2196236701331443,0.22035367567936948,0.17953323667071633,-0.4993916260405646,0.28126461008048637,0.022122993568987392,0.22876300892303725,-0.03812338556822018,-0.3091712577180904,1.0,0.5640833458547128,0.16332377356571487,-0.0634612509929101,-0.07396061517403052
feature_12,-0.22023656441276945,0.16535272412020813,0.13211736544044178,0.12421482830200942,0.01597271396778703,-0.3246085908865126,-0.008569228628829594,0.08343440951244688,0.12659701356812533,-0.49596935983730156,0.16548942729570218,0.5640833458547128,1.0,-0.034671228148668194,-0.34561890193298817,-0.2830180532911269
feature_13,-0.5223793603568364,-0.638415335840409,-0.05605223116127677,-0.4678255367188172,0.22893287773477736,-0.15775720149993866,-0.10779054121400398,0.19641749816764284,-0.27363365898572567,0.1345576829213109,-0.2871528626867111,0.16332377356571487,-0.034671228148668194,1.0,-0.26864795826608917,-0.007566393975633095
feature_14,0.3104730389302667,-0.046345263427073416,0.39932291954046634,0.3664777729703849,-0.4866822987702384,0.06746371658940689,-0.1439175104863899,0.12596345065707795,0.11261256712305119,0.4422609753515448,-0.15971564225891696,-0.0634612509929101,-0.34561890193298817,-0.26864795826608917,1.0,0.2166629823295736
feature_15,0.23773500746980247,-0.08849207968257505,0.3382838954934267,-0.020226572166513888,-0.19214480418240312,-0.150127111135704,0.003684720711588616,0.43811811318219496,-0.3293638683807212,0.24084950257782556,-0.5527626440420627,-0.07396061517403052,-0.2830180532911269,-0.007566393975633095,0.2166629823295736,1.0
