,feature_0,feature_1,feature_2,feature_3,feature_4,feature_5,feature_6,feature_7,feature_8,feature_9,feature_10,feature_11,feature_12,feature_13,feature_14,feature_15,feature_16,feature_17,feature_18,feature_19,feature_20,feature_21,feature_22,feature_23,feature_24,feature_25,feature_26,feature_27,feature_28,feature_29,feature_30,feature_31,feature_32,feature_33,feature_34,feature_35,feature_36,feature_37,feature_38,feature_39,feature_40,feature_41,feature_42,feature_43,feature_44,feature_45,feature_46,feature_47,feature_48,feature_49,feature_50,feature_51,feature_52,feature_53,feature_54,feature_55,feature_56,feature_57,feature_58,feature_59,feature_60,feature_61,feature_62,feature_63,feature_64,feature_65,feature_66,feature_67,feature_68,feature_69,feature_70,feature_71,feature_72,feature_73,feature_74,feature_75,feature_76,feature_77,feature_78,feature_79,feature_80,feature_81,feature_82,feature_83,feature_84,feature_85,feature_86,feature_87,feature_88,feature_89,feature_90,feature_91,feature_92,feature_93,feature_94,feature_95,feature_96,feature_97,feature_98,feature_99
feature_0,1.0,0.34390462337239464,-0.4036731011287443,-0.25493053846639,0.09363261429829764,0.18298704680071678,0.07686976398407572,-0.6564170561669299,-0.06188929525400736,0.25853362307675914,-0.21929201846557161,0.5714829236432899,-0.31103359081212983,-0.26888082159337723,0.3319019314074653,0.4626463673315667,-0.04643151937781181,-0.23588861686034246,-0.26018321283532253,0.1509573362819147,-0.06761845714108111,0.22725284566538287,-0.09064441264616159,-0.04394134764019747,0.38016887815580785,0.222552625403969,-0.3758233150522368,-0.1492572252091823,-0.06237230518690698,0.37256013086425155,0.14247379933970894,0.13081676060100164,0.3048464518611612,0.32864072754661366,0.22826079923599843,0.2183855820265511,0.2697810923885214,-0.45802808059773126,-0.40660341561857477,-0.3797433854193455,-0.046164866171638036,0.1406222627900498,-0.2325243529206029,-0.41106695473698474,-0.016475531968890515,0.335500798799505,0.19765042709203026,-0.0943734231307308,0.39064233539342325,0.3640685544276622,-0.3385384715309788,0.5710298446890373,-0.26822063016341396,0.21066923458915887,-0.325622544380108,-0.09878526467757401,-0.4836864156900588,0.016005893194389147,-0.15623387878505846,0.3487235840614579,0.45237804500139256,-0.3416842563775249,0.1470666604708474,-0.0543384372765979,-0.16575214230240198,-0.614944429975795,0.11269217000440414,-0.45750679466541466,-0.05952365447276909,-0.2929066298458708,-0.4030757489844025,-0.07994448314569465,0.3994617450893249,0.10397606253383104,0.10196413200858581,0.28350062651226826,-0.09330613738485084,0.5675582344689813,-0.1883546485018737,-0.24939141258446942,0.41386621163480924,-0.4605885266172501,-0.31073523477013454,-0.40230750737656945,0.05884740147671915,0.006861700008556244,0.07442861896757638,0.1531722998120897,-0.1041263107801869,0.00491980590912477,-0.069044912061158,-0.20525019384639956,-0.4335196874792796,0.18477122925907755,-0.24032929324348945,0.19161580261000571,0.16890179890841386,0.155885351799199,0.44414742231928966,0.04579510196450891
feature_1,0.34390462337239464,1.0,0.01275328574969187,-0.118462804107957,0.0946997951819986,0.43280864211231584,0.21419176615678426,-0.6674597368601546,0.2934136798886869,-0.10373883765375054,-0.22512257125034227,0.22340956564478193,-0.386199747984984,-0.28226057465029003,0.4510379299514219,0.6583399541418611,0.05335678484744044,-0.010576445681797362,-0.18215006612246654,0.17451344157984883,0.3148174896421404,0.11651344330525248,0.019902140818582856,0.04865786028293542,0.03934674195342133,0.37852813432776866,-0.6303911502072906,-0.3585446730015621,-0.046585216848839976,0.379166406087411,-0.030914060146094123,0.4731688255875696,0.5045086789015814,0.4397996622482291,0.20845595315490403,-0.04404074280120568,0.29447817096530843,-0.47296888220021027,-0.34398084047331,-0.295874484767513,-0.12545029726302184,0.1968632257694717,0.024767236694805808,-0.6017453218279839,0.09313410421443875,0.5534779708819977,0.06643875187896496,-0.11056181859992918,0.47577755030187946,0.5430289289176466,-0.1352946351117765,0.41808098983839465,-0.010478295193553679,0.39169755959446906,-0.38288828714193884,-0.4157038747175439,-0.2613486052779578,-0.20451143260650917,0.16187714352176086,0.3814717976602412,0.2204888526236253,-0.33507353592116756,0.28971937841822953,-0.04859373707680839,-0.0403180469007475,-0.22671802823074524,0.26697344331066725,-0.3444709756159438,-0.42439590334880567,0.08371684523684149,-0.2770607733293915,0.06188374067460099,0.36259679671223644,-0.28474173309938944,0.4400124690356782,-0.196699403267905,0.1848088491427831,0.4166933784810588,-0.4239751805797468,-0.14613464030391005,0.557939238323584,-0.17811101341339713,0.11284746099358973,-0.5528340957437603,-0.305096508420815,0.1591230973113496,-0.5184490827885048,0.24274808367190417,-0.15989384485224353,0.34474916865583466,-0.04315973588520663,-0.2503757838624395,-0.5010575217921078,0.33101402118712725,0.19513007123032816,0.14365749549955462,0.18396455847995524,0.4372363763073913,0.6205994574190071,-0.0947633862911615
feature_2,-0.4036731011287443,0.01275328574969187,1.0,-0.4265155336607434,-0.18842888472217761,-0.009251659640072877,0.5280003232740973,0.24698190218764132,0.5771381116039724,-0.07013550701849747,-0.43572686500984226,-0.038277232249904494,0.44814362046572764,0.19440222879237923,0.15108200243156802,-0.15842093822820125,0.5372090940427243,-0.15646957080846619,0.36858609024771793,0.15301391832269579,0.1556584841379862,0.34749312671449256,0.6632533474265975,-0.20355404745820688,-0.2663102489341969,0.02856918027676233,0.01775682598857802,-0.32958756896550134,-0.2996775189791711,-0.2927851318662365,0.10185506520483188,0.21122139466696427,-0.2902965130766842,-0.012039722256328152,-0.6063196588809766,-0.6356102118278599,-0.32535126846157025,0.40499063784302897,0.5281617824003069,0.2651005435112894,0.16921358054155045,0.32595520204491324,0.14314358344570272,0.2830422620282668,0.5186168655509752,-0.13541818324695806,-0.33695839325809157,0.4434096130698901,-0.24312885893000533,-0.2313465535283892,0.36705513165117837,-0.43389178429601016,0.37594470143029146,-0.010233021517296752,0.46520202802358984,-0.5009465808280124,0.29002444064549465,0.2937450066119079,0.39259928505970637,0.06755124037310176,-0.33807364877074264,0.5968465043908069,0.04086830342346637,0.04965893387401523,0.4930780285493551,0.3208992223625588,-0.23304128427530343,0.6164236292706653,-0.20009106772310267,0.5293166544653599,0.28320111530650083,0.1357984128552446,-0.3506346853649529,0.1094904673685266,0.055492862370289046,-0.6611673848190199,-0.12460229948852933,-0.5258175866694204,0.17994862824895502,0.6504151981629123,-0.24436384019501695,0.6920148285356228,0.4871188157797685,0.029992632607949658,0.14154522287192375,0.288662407261303,-0.27186149760948625,-0.4715023637247226,0.23285375632271005,-0.36479314719690026,-0.31640064142193725,0.4477329959529137,-0.11588799097194755,-0.2480430851043194,0.7194573651905515,-0.4020282118813489,-0.1356063576052403,0.2388282254720246,-0.20131733585110606,-0.1899838543412947
feature_3,-0.25493053846639,-0.118462804107957,-0.4265155336607434,1.0,0.32611251645792627,0.01916642455278944,-0.707541246170894,0.23740106754223558,-0.5408921768230192,-0.4033099906984077,0.8296085782837261,-0.505649999844472,-0.2542416210657545,-0.04190043193489473,-0.3057469704155888,-0.19173433209882568,-0.4010119264760689,0.4219237844948689,-0.13071418817534206,-0.36508588432809835,0.11998560264859304,-0.6791054986742796,-0.6577694976584911,0.40285754483561503,0.0004003659685688772,-0.21082837353406966,0.1929428873247701,0.33035566556933227,0.3155180031237507,-0.20173832830939442,-0.23096402605083832,-0.4061634753960484,0.2326688037388457,-0.09420198208510465,0.40471006799096343,0.35474753453721153,0.012679104815033693,-0.07302765221334385,-0.1023009855261998,0.2221448715549963,-0.159446952912184,-0.5089034781096164,0.10169590056588078,0.15607287401321313,-0.4271162511367698,-0.19367280776496304,0.15072581906493165,-0.4559209775669517,-0.012904062625610573,0.023094474906981653,-0.12026079202671568,-0.19080028771310203,-0.3412619969606572,-0.2678589475393575,-0.27584413839523053,0.3235485631579678,0.32869208638018,-0.5318333595118924,-0.16218229906571077,-0.40084757410184674,-0.17540101418842396,-0.3980920529940951,-0.2484172076604732,-0.02624684197731751,-0.44142316754034516,0.18166288302145184,0.26665102122122514,-0.3207008227510529,0.32836264548798766,-0.45191027362881925,0.24869722904679956,0.11085663487331429,0.020866153638529623,-0.28560203208012147,-0.05281699412576245,0.35878280325930106,0.19659387239106493,-0.060876406283380737,-0.05962144431648253,-0.42332269863228905,-0.1761493103831699,-0.3291445784119598,-0.42433720077668213,0.17059710883130982,-0.43320565625416735,-0.4489770912872326,-0.07835716981382958,0.42936392512089444,-0.2770310192599904,0.5808854243775868,0.6396739058338542,-0.4799409098010112,0.4387410321920553,0.20226328771378796,-0.3728179989188972,0.4465283411650247,0.38431453245287855,-0.28625907958935054,0.21048588224480957,0.41000466952541714
feature_4,0.09363261429829764,0.0946997951819986,-0.18842888472217761,0.32611251645792627,1.0,-0.0902546829526997,-0.1452510773964996,-0.0603225834866967,-0.17844126920867517,0.04948537926220567,0.2913322809526754,-0.2076701462951922,-0.06741645541972384,0.1317326329901951,-0.40488635708773263,-0.048109661691887975,-0.20548756733806872,0.17494666103987744,-0.3912749382290537,-0.042412397231827,0.36659805441477367,-0.1841360235203068,-0.030372748555718487,-0.2047675906110137,-0.06523264813325387,-0.16807671777449407,-0.25847857388648904,-0.022297939291541637,-0.27802246172645323,-0.023791329474018682,-0.38990953051751487,-0.33164453353128204,-0.009763718633286372,0.26914098089952593,0.4483488397717547,0.41242145783321366,0.03237107267806134,0.05033794057422417,-0.024838867051468348,0.10448519572244976,-0.20887303067649773,-0.3592791131315018,0.18122263432847255,-0.075315548542859,-0.27349968893912524,0.06047116318213917,0.09203330245059305,-0.022889857848641,-0.01675355224191388,0.013740264342348832,0.11711016533507854,-0.0022604792114290597,0.15244470047748523,-0.2525691541638292,-0.1526520333834683,0.2412801636395291,0.030460217698034222,-0.31245197531531294,-0.34556354833753367,0.18800878284833855,0.17323482178774272,-0.37674180041077526,-0.2230138244004464,-0.15624475766853996,-0.09662371478913934,-0.018881622624600736,0.03613615675122548,-0.3037860983590209,0.2819736713415459,-0.04356344586044885,0.12103794271667243,-0.11222606265433768,0.1109765827931259,0.07065446896327746,-0.14233489515004205,-0.19285015299034633,-0.12604425311233167,-0.15289701514604337,0.05257544464353301,-0.3860721244420525,0.2074933975492189,-0.09663703862860223,-0.2049684273213863,0.014261837698099453,-0.2655406840039984,-0.2776568547076367,-0.22810090089743368,0.1830151057063419,0.16729940375708052,0.15273561499202754,0.32960012168576985,-0.2505086866710883,0.01206334855223148,-0.31205376110277055,-0.15786172023484335,0.10551872642017895,0.4127887947162779,-0.054080632752045485,0.05509060196602131,0.23320694718145485
feature_5,0.18298704680071678,0.43280864211231584,-0.009251659640072877,0.01916642455278944,-0.0902546829526997,1.0,0.09923326121683247,-0.6220776543314138,-0.07955283337476474,-0.024405040187493846,-0.34740915727447175,0.16372488064782895,-0.20535580129205638,-0.2173027687027088,0.32800226122727727,0.6311845995190116,-0.198454039167672,-0.18720867871760305,-0.16485351589144837,0.14060424266143418,0.23559164189864776,-0.005729028192620909,-0.07339144871025685,0.1232115782484862,0.04926289119386761,0.34795174265829576,-0.39660677895647795,-0.023897314270921344,0.17724311411854546,0.4623089966513614,-0.3104539949611996,0.6582816043557126,0.5426353896125566,0.6045950135897022,0.2138113781663168,0.04791881594792406,0.24445348574715214,-0.41910207683531125,-0.36663332298686785,-0.4511202246126361,-0.5358158094665043,0.020526492627768136,0.2537408516997643,-0.584785510419724,0.1538382169623158,0.3842598748445992,0.10527983901014448,-0.28229071850157694,0.5031667104928518,0.7495928865557904,-0.6358308543209471,0.38621369070382433,-0.2629353959051843,0.2601452720258442,-0.44224725426048883,-0.3266508973176087,-0.47113879173601925,-0.3641888477012288,0.07771524129766656,0.08665068381370693,0.28579992592032544,-0.33183773109863945,-0.026139494454151504,-0.2187732421517019,-0.26551551287976033,-0.10927238429736245,0.4380244024062309,-0.4119194574231614,-0.22189003960234888,-0.029207405200280125,-0.2945041120170921,-0.1640751375440091,0.3290785008965731,-0.06664304544470814,0.5867172844112808,0.20611493738174624,0.33715620779495376,0.47587271855811336,-0.2959895811467862,-0.4212106491098954,0.4006397997593871,-0.23132701254053648,-0.07846834237228931,-0.5158347816701045,-0.15072485300059654,0.33105355926783303,-0.2542286498707451,0.2739405764440474,-0.03558619483707218,0.38277543351383786,0.09596155828329817,-0.4327241199016321,-0.2976991563145959,0.3625496452399666,-0.047110971916545896,0.2745271170753649,0.122126978870802,0.47685840478568375,0.5042138062968192,0.3371925909108606
feature_6,0.07686976398407572,0.21419176615678426,0.5280003232740973,-0.707541246170894,-0.1452510773964996,0.09923326121683247,1.0,-0.16738778782618927,0.5593888672522813,0.21281629054449505,-0.6387909045132453,0.5070742679203755,0.2022536899000641,-0.30153493024950795,0.20662149431224416,0.3161829985358836,0.2853046510368275,-0.5040580185712298,0.28190660308807153,0.5100965510101472,0.1825359276976672,0.31920646200368724,0.6956872350313739,-0.037034775568937785,-0.2472142583085162,-0.13010364168175023,-0.3018806697972406,-0.4341529341991557,-0.14449799913441688,0.1371961170460243,-0.12493062557558607,0.46790796170613497,-0.08035510252988606,0.11290429650220875,-0.33621069847462354,-0.37739205180978874,-0.1474227342891187,0.16439834439296297,0.19804422412109554,0.0007891917443703709,0.09713647761883396,0.5031672020413185,-0.07857121911494064,-0.11515485814341034,0.26823995849760485,0.3533351487529967,-0.018204777637844158,0.37154806662706036,-0.0935389422175579,0.00160611007039226,0.2134929731115576,0.022934814579272312,0.4347067114158735,0.0833994822184279,0.1860787501189964,-0.4956989700579793,-0.3058488477796715,0.47561695204619253,0.28854604464996453,0.470769186679753,-0.11849861837042881,0.36737696004058346,0.11966153401760929,-0.25065805510060796,0.18418110756761077,-0.18170452507302007,-0.008533162397626958,0.28418061472214584,-0.22130439412224953,0.4793726216948655,-0.12476967311689867,0.08017685855138013,-0.18421793255882649,0.009528110862245198,0.058740823742240156,-0.5384298391540672,-0.23130263743771812,-0.06788215176064037,0.12970455320094987,0.3997489217321783,0.11217864550606738,0.3909096912464467,0.18311938861366736,0.016908078518803403,0.34576959318648326,0.39334213710579113,0.07252750197538495,-0.22387128320695218,0.150742864438683,-0.360709728322973,-0.3662899187966463,0.43790824194928885,-0.24008111895259557,-0.3284643298533566,0.3888856450816444,-0.4551276811151091,-0.302147722506908,0.303879254444449,-0.26675814332758835,-0.2292249222964981
feature_7,-0.6564170561669299,-0.6674597368601546,0.24698190218764132,0.23740106754223558,-0.0603225834866967,-0.6220776543314138,-0.16738778782618927,1.0,-0.1707161081346828,0.00932948214931414,0.42594157250182435,-0.49277929394133174,0.4893582427989818,0.2453524928268652,-0.4930132502147666,-0.8504876570222129,0.2278162180510058,0.11633321865113375,0.4961712831123593,-0.28720320285781553,-0.2689515489714176,-0.31225947917032015,0.11540399142247015,0.16983444440275394,-0.17615522637898048,-0.45259974496241184,0.7662469696502743,0.2584367305063073,0.0704140296520086,-0.49926935689364305,0.018799110101656493,-0.5073793348773087,-0.46784943025384157,-0.6496701396841209,-0.45409598873372004,-0.0532369363292206,-0.6168273828724014,0.5869386134236672,0.6597166482534422,0.6626276196045754,0.35160491809772715,-0.21064105559877996,-0.1719752562023836,0.7785661853775973,-0.11475761367848607,-0.7030094588248998,-0.13318192887149413,0.2487144890490808,-0.761438887188306,-0.81033379378487,0.4894996484353056,-0.7526056741501748,0.12111850804125164,-0.5566997683313285,0.6242412591945887,0.13856838834099797,0.4993390247212485,0.26650541676223777,0.21939326784352628,-0.534501911307914,-0.6399415820912263,0.5531082021693242,-0.39697773582680457,-0.0583604512296561,0.017508474184290856,0.5311924467418324,-0.10754280857323435,0.641038531986111,0.38894906042747945,0.05181957936037368,0.5662358484861155,0.08742188729025534,-0.7316757793335601,0.19666214201788668,-0.5553356188964703,-0.19687160913560556,0.01370471148994037,-0.5951784273016709,0.5993443825388046,0.390681797790821,-0.7867134660779258,0.5345840872859846,0.05777678463343034,0.668210869267168,0.1635169927554607,-0.16711146648426076,0.32386097497589794,-0.3633040796476238,0.03176937076231421,-0.1743220122913539,0.012470786700072761,0.5474690408963349,0.7263106005137182,-0.32642496205487803,-0.0005109611651559269,-0.11546322688035325,-0.07251465884403152,-0.6030622732636728,-0.6578623081730285,-0.03532370613509096
feature_8,-0.06188929525400736,0.2934136798886869,0.5771381116039724,-0.5408921768230192,-0.17844126920867517,-0.07955283337476474,0.5593888672522813,-0.1707161081346828,1.0,-0.24793971959552427,-0.5730960747308458,0.21733211637574576,-0.10397150858218485,-0.09475853746320549,0.3406301415792739,0.23687512552726572,0.1546861954813702,0.05746214060649757,0.028094830178318694,0.38518123573476876,0.17221173230584078,0.49939788632043147,0.48709914039514357,-0.2751895491514976,-0.3020784578094558,0.13875081301417477,-0.4835112982317528,-0.6321767888580009,-0.27620676839853586,-0.2024167192411628,0.18860419607283105,0.29560265352801324,-0.2447775694417579,-0.04641753027537249,-0.1251476451324227,-0.56342422509824,0.23383894507485523,0.10848561918394771,0.052840623993387896,-0.14827703700036546,0.23695505659818603,0.536195268148218,0.07051601220494373,-0.1138459950104819,0.2668620685562745,0.27076806578763546,-0.3045922702239949,0.13524628560216456,0.12939746207707192,0.056304716975248,0.42980387081773275,0.09418676640116294,0.5990418894648131,0.507610711803504,0.013544063818419603,-0.3100863063518724,0.12479154529988716,0.40947275008396017,0.08031795715156256,0.6370385975284313,0.07915534726317924,0.18273347396397824,0.5668491119320943,0.2468702108883279,0.6314452662814525,-0.0797665971668164,-0.4782980198913922,0.2864756780997932,-0.5646933594002959,0.6613908531756653,-0.010835152492033791,0.2593983794113703,0.2347171568378516,-0.332975239517629,0.3554939875718321,-0.5439941141820274,-0.22554256542402035,-0.2950440681001116,-0.39721516612157565,0.5957631636834421,0.3269830854736258,0.267614711716924,0.5655967678851402,-0.1473664196417289,-0.06514028361054726,0.1592156150486879,-0.338170790380351,-0.008046789008629976,0.03677121102732476,-0.33293460640845973,-0.33206203397108425,0.18151870582579804,-0.5297476325588759,-0.0848903118755556,0.6726842382655307,-0.4829923659030047,-0.2847553513238014,0.35851756873601265,-0.004784436154212879,-0.6143213500923825
feature_9,0.25853362307675914,-0.10373883765375054,-0.07013550701849747,-0.4033099906984077,0.04948537926220567,-0.024405040187493846,0.21281629054449505,0.00932948214931414,-0.24793971959552427,1.0,-0.264815389371812,0.08789245179607794,0.3530764342061607,0.21882966331255976,-0.1902892328838661,-0.1264404943547884,0.2535586291679718,-0.3122200284872279,-0.010093538261578808,-0.16320663493712761,-0.24653100682612694,0.15392734487930862,0.3314848221145307,-0.16774259777210337,0.0070543352450717365,0.17629980506819182,0.16303388397009672,0.1158315291896938,-0.1966391147326708,0.4402112847162727,-0.26185680898351643,0.11301392186462526,-0.023814387728067515,0.275518667103218,-0.1661681743405326,0.45764465936793974,-0.3233023309157265,-0.12850570711775408,0.14366395494187706,-0.0157606089095119,-0.007744678913937265,-0.24044512469915333,-0.23379932534463296,-0.12771960745715713,0.0018866224393526258,-0.08810995917121739,0.17362538676054817,0.3949140869756043,-0.27754494580819233,-0.194805404514468,-0.12597302462136029,0.02922601212861885,0.017276133397665816,-0.3298512629020362,0.2213367987787625,-0.04986072211219032,-0.5174541651044517,0.05374723819104553,0.011123839147816892,-0.1051307986398713,0.05093702630469125,0.1308576017564271,-0.4912402198552834,-0.4457920035014593,-0.22732702279578512,0.11782275838912283,0.21243853499217064,0.0318172809207965,0.2680554502195142,0.01893816959825319,-0.1651070626800796,-0.5588134789503816,-0.2802278954748835,0.7013132510917972,-0.29673733686116877,-0.03705458167412434,0.2580669441659438,0.24340498667959223,0.497833742338018,-0.24069007390748656,-0.03924581246193812,0.2150188350384665,-0.0006678056966556385,0.015609876309280707,0.33039289313190795,0.4080852829686274,0.2689367725547603,-0.37175146247809454,0.23983823808709304,-0.2045297175631091,-0.3725090014311154,0.41576180365542076,0.08078678092224843,-0.2752135788113466,-0.36442197123237724,0.041128303357391385,0.12439290341610335,-0.19914122147365326,-0.23785049917199574,0.09352289623090851
feature_10,-0.21929201846557161,-0.22512257125034227,-0.43572686500984226,0.8296085782837261,0.2913322809526754,-0.34740915727447175,-0.6387909045132453,0.42594157250182435,-0.5730960747308458,-0.264815389371812,1.0,-0.38784622770882443,-0.057508951817027525,-0.029946938759913198,-0.3739143575642381,-0.3735951455873109,-0.19754712725764562,0.2402431475356724,0.07435270686320135,-0.30497643185565376,0.016268631220143506,-0.6684203148228156,-0.5653102489506195,0.4070321886889707,0.06269809833051763,-0.39701204398809353,0.36150324380031534,0.4139601769496321,0.22005970844217435,-0.269928146523488,-0.059583453146655925,-0.620973193336516,0.07428529418962702,-0.2896501859268955,0.224337250195585,0.32665802476193245,-0.1839741383822276,0.129625584918463,0.10342280734264236,0.4579938583263641,0.04766938219922073,-0.4694242237079493,-0.11896824826717997,0.40633733143945927,-0.4222182866418837,-0.31690171945056705,0.1294260277440987,-0.21782473065854488,-0.20975715628306812,-0.3191017688826421,0.10274617882117973,-0.3873221000411218,-0.3343057482831294,-0.4908328281768409,0.012164308529096824,0.3327441821507449,0.4441480868375132,-0.32629157277396964,-0.05726266902799667,-0.4596988867137841,-0.30564498690887737,-0.1683696941935353,-0.29656109020846255,-0.04843162785568964,-0.4277134289264419,0.10346887038700547,0.22572997332101435,-0.16223957064257521,0.4620346655715342,-0.5458179683389699,0.31020098561469217,0.16566060786468018,-0.2241522455071131,-0.16431911259763657,-0.4415589042323437,0.2554982858042399,0.01395350808166449,-0.1379704758216448,0.2135425810163168,-0.24299164728813966,-0.38845896675231273,-0.1868646490709697,-0.49912800788339834,0.3327777813959965,-0.2527096617166006,-0.5195641716152601,0.07908505064726659,0.2188125688055751,-0.27094153334083226,0.41511728710235435,0.45760502615616344,-0.21800523760410945,0.6120660467811526,0.016939621554687326,-0.3918092741540105,0.3972018677389139,0.3330381016612712,-0.42242076207430646,-0.013186008781186264,0.39472963132038197
feature_11,0.5714829236432899,0.22340956564478193,-0.038277232249904494,-0.505649999844472,-0.2076701462951922,0.16372488064782895,0.5070742679203755,-0.49277929394133174,0.21733211637574576,0.08789245179607794,-0.38784622770882443,1.0,-0.18250051090748748,-0.39930215607878417,0.4118592582936967,0.45097804225744387,0.03290822966853472,-0.39330048836772197,0.06017181381196273,0.5247469462307026,-0.11074103390589947,0.3109151191530369,0.2028578765689066,0.021931369591673487,0.20629695329536632,0.004363671259202489,-0.300197308159556,-0.1213304454418157,0.0007502312272141321,0.2024248684181213,0.21563675903251917,0.26048241982153975,0.21565298810806013,0.10808345153670154,-0.0700488396851441,-0.20268503750989786,0.11738906603884847,-0.27366563244377196,-0.2295183088740953,-0.39222933773476837,0.08171304517198437,0.5610782604815909,-0.21783228739805818,-0.19303614838786917,0.21139659116627052,0.42550220832018903,0.2376755215098671,0.1528253991350048,0.22290989722477597,0.23053580003318128,-0.17688863718481776,0.4201662437175725,-0.021123604446633477,0.22516613448089448,-0.19324522501447486,-0.24555975809908115,-0.33027478041231,0.315472133221965,-0.017203863298770248,0.4424087041967689,0.23151262621824378,0.03301372568278116,0.34452904610959195,-0.0052815940406463445,-0.041984396037480706,-0.662802496616246,-0.03996459751532594,-0.20708193567675237,-0.11128802452077402,-0.004209994151934132,-0.5433303690647929,0.10665207940509304,0.1617147350385179,-0.07530260234993645,0.13241711340196946,0.018509305874498446,-0.35083965923849825,0.39713805745269287,-0.12687486641165147,0.13795629812416024,0.19966282327441126,-0.26478803754158914,-0.28271325458097224,-0.22363044133403834,0.3488093250958749,0.07655493279521801,0.2469257484898537,-0.01928984865117036,-0.009406010313284044,-0.22148889490256699,-0.2079140633515088,0.03660152341152611,-0.3901957743667486,0.040072399571293285,0.014191632128143384,-0.19829336127720681,-0.2892873521785889,0.28438049175045094,0.1090043101717366,-0.04628038339834455
feature_12,-0.31103359081212983,-0.386199747984984,0.44814362046572764,-0.2542416210657545,-0.06741645541972384,-0.20535580129205638,0.2022536899000641,0.4893582427989818,-0.10397150858218485,0.3530764342061607,-0.057508951817027525,-0.18250051090748748,1.0,0.2961835503981959,-0.26754915388769024,-0.43075337271922276,0.5129818586639355,-0.4586041086824091,0.4221045373848051,-0.1767585582094272,0.03262658015581354,0.030480303036017897,0.44465662066979283,-0.09025428540390407,-0.06611737168625463,-0.24871266428171426,0.47728049871049283,0.12627396339925448,-0.24376112741865008,-0.046474583071041776,-0.0554869769827548,-0.023573695839578305,-0.3115221488168965,-0.05030818894443528,-0.6080787637459089,-0.07555491909963162,-0.572943969921041,0.49816760583828795,0.6081346326382225,0.5822902051660566,-0.004286739001033491,-0.25555522146638604,-0.15770559071704557,0.43278709843250013,0.24531148130133457,-0.49962473939072627,-0.19431215475665853,0.5026714603286073,-0.38652402239815714,-0.5012235507722339,0.2139405206418489,-0.6384943688561918,-0.06900878604557552,-0.4996292264823115,0.7174476675458406,-0.2766026871826407,0.10335764958408285,0.13208820880287356,0.3721427473703593,-0.4079824481528021,-0.4022049758127845,0.634028066562961,-0.4558187611271338,-0.2841706738271746,0.07208349566666512,0.4478633842848447,0.09574128637449594,0.4790539920733104,0.23697802686150865,-0.03632754443209493,0.37781191558082966,-0.12432099548372268,-0.6348852935829894,0.6162481322156466,-0.561790710570612,-0.29360366438592506,-0.030264227612475526,-0.4009283922314025,0.6739316531405237,0.2396676559850959,-0.5145077960381989,0.7265197925603296,0.1251614401546434,0.27043116370287135,0.20091661507141007,0.27775517089425406,0.07823995165225549,-0.540700276601692,0.21079527683653865,-0.3388203714376647,-0.24216229266474162,0.5485490754638124,0.3868101039632678,-0.4348113553297122,0.22695558449487876,-0.08627770731052715,0.06130133460685869,-0.04420780313007249,-0.40624927903416047,0.2840688237169345
feature_13,-0.26888082159337723,-0.28226057465029003,0.19440222879237923,-0.04190043193489473,0.1317326329901951,-0.2173027687027088,-0.30153493024950795,0.2453524928268652,-0.09475853746320549,0.21882966331255976,-0.029946938759913198,-0.39930215607878417,0.2961835503981959,1.0,-0.21722551705068388,-0.5272048645163635,0.2385999515447171,0.3555143584802046,-0.28890010670956223,-0.34257512291901554,-0.23385226222823288,0.39771972432170466,0.09842755078384326,-0.6707689968464887,-0.03742215972295289,0.3604477917218691,0.25429444408855656,0.20798278032892573,-0.4452448020625241,-0.19664593303685682,0.1203570505936752,-0.3484212203417742,-0.34281859229049794,0.13426729349848002,-0.1705327752911709,-0.008384107544208359,-0.11620864144600052,0.12430566084151866,0.18533891649162587,-0.00956173688357852,0.009558160543510018,-0.24190959109237295,0.4006134640884412,0.22865858848287807,0.3622601786879949,-0.36862893824652554,-0.2026858511756175,0.3184782979629957,-0.1813142888388965,-0.2683484013566482,-0.018346150476648546,-0.17767317602521096,0.16116729558702622,-0.12138696083874982,0.2545080256880739,0.35359340358599456,0.34575348191132316,-0.22545443431389367,-0.3353593930703618,-0.2675910623977436,0.14079949599172845,0.20557617576842444,-0.15697742555255542,0.39189397084577277,0.40228089298991015,0.38170685418996464,-0.42788511276197605,0.23935929477207327,0.219921403886312,0.13688731146901983,0.016557781761085532,-0.3690189069433222,-0.05834499454849986,0.5094482343509794,-0.12555931713075968,-0.0868653288674938,0.02863616064450804,-0.3509976273494831,0.19142618692818053,0.014537938519998133,-0.16461058573713022,0.15380150021832587,0.3292531955794656,0.026422349684157773,0.13820033784549357,-0.011262513253088859,-0.18717531074547794,-0.5346091219843604,0.5052590823612219,-0.28476161211944223,-0.19514631698031693,0.07626186673923174,-0.08238488965073625,-0.17798284544794107,0.10748200334429243,-0.15704163122891004,0.06827839963767608,-0.07801897049194467,-0.14778041668834468,0.003621284111698633
feature_14,0.3319019314074653,0.4510379299514219,0.15108200243156802,-0.3057469704155888,-0.40488635708773263,0.32800226122727727,0.20662149431224416,-0.4930132502147666,0.3406301415792739,-0.1902892328838661,-0.3739143575642381,0.4118592582936967,-0.26754915388769024,-0.21722551705068388,1.0,0.43492550959634213,0.33431727096383784,-0.13837548761478424,0.09298057433128903,0.37467517437257636,-0.13015560386914166,0.4227168338803012,0.1148649344440668,0.03982064794270631,0.20350505786389392,0.4808405516323241,-0.34858341511171187,-0.1461152656875582,-0.05562822288742071,0.06369484195863681,0.4638637497960355,0.2897014206445105,0.37676447509906325,0.2294281020994521,-0.15115215504796872,-0.43634343837259365,0.14658287117137406,-0.32399486760362445,-0.13535964213080642,-0.32184552274636485,0.17236769293123216,0.5270458994419738,-0.00770221544713884,-0.19618692900086326,0.4321833344322736,0.2794103326405413,-0.20985037887219415,0.04475574786094293,0.32338259798187496,0.3011695294020028,-0.13522249205006923,0.2641734805344036,-0.12694832443672702,0.33799508672216794,-0.17549784681978284,-0.3632191707523631,-0.02186571838345252,0.1328957341658491,0.16007439304657575,0.26042970104826185,0.11670392471610509,-0.005023119711349953,0.44496425604806616,0.3073472716562769,0.22682263899075822,-0.3001960768640911,-0.08091418126036276,0.013347239452645912,-0.3565040711681289,0.08635332960832942,-0.19282825713529791,0.13417399881161982,0.25220989153581297,-0.21471848925249226,0.3743231640131202,-0.02675344512359074,0.08741164821490216,0.33361583814385326,-0.3147066046668876,0.3115842984191709,0.2366197974717878,-0.1729998487753092,0.06876877467012174,-0.5976252058312455,0.07178444559605568,0.16172253611717233,-0.3147265361005433,-0.0702993792616685,-0.09393247607222537,0.015187641957729757,-0.32500478729407495,-0.06220457265173827,-0.5168318665248227,0.5024074428262961,0.27135599312018344,-0.023848956586828715,-0.06986153706444875,0.4156115827254378,0.47985897324574467,-0.08574938378232755
feature_15,0.4626463673315667,0.6583399541418611,-0.15842093822820125,-0.19173433209882568,-0.048109661691887975,0.6311845995190116,0.3161829985358836,-0.8504876570222129,0.23687512552726572,-0.1264404943547884,-0.3735951455873109,0.45097804225744387,-0.43075337271922276,-0.5272048645163635,0.43492550959634213,1.0,-0.2761794040449957,-0.23297305409785363,-0.22156672723530976,0.280471301983643,0.4833507302303864,0.021415695109556755,-0.15112906782083488,0.16801406925011952,0.03640916636628594,0.18726075436967507,-0.7101921445742864,-0.2906236284603846,0.1699448595802872,0.5744317342129948,-0.16829952746695775,0.6771213375153938,0.5299883987857548,0.43898442440666213,0.3907400287109301,-0.04060377673497605,0.5951740535394651,-0.47977759737005554,-0.605727947239982,-0.4693551199712305,-0.31302279129011856,0.2143932120512532,0.04063088667980322,-0.7843103801641473,-0.0805697013413272,0.7872680395252902,0.2675154155457023,-0.34712692085507546,0.729893726403306,0.777846896189873,-0.32910524011400355,0.589954722583331,-0.12547069873209785,0.5746593017002513,-0.572560131648111,-0.3080806259684791,-0.5307282484569428,-0.1710419763870411,0.06683975321724514,0.48460609408362115,0.3559850487554901,-0.47298988918532126,0.436856245311669,-0.11049130143831645,-0.1831473392869354,-0.39848410310258525,0.2920538203933437,-0.5951528713988327,-0.5592489771130601,-0.05185970791332417,-0.46967810717702163,0.1446999123561019,0.5848043407218303,-0.40738017181597436,0.49900879742072723,0.11987935688902826,-0.025886200623766453,0.5675375888201404,-0.6066648128728198,-0.3126575227058938,0.6857315694213726,-0.35066810850813135,-0.019794608646750176,-0.45462364494184904,-0.29144669437817633,0.2033883082268468,-0.23478956453811653,0.5163622141641312,-0.2799760556857653,0.2943950806709913,0.11058221874345654,-0.4483159056421639,-0.5231853162618775,0.2917641644557024,0.10834353309875368,0.09725960987808428,-0.06791597423127745,0.5575383696261025,0.48962589179971483,-0.013300990598058634
feature_16,-0.04643151937781181,0.05335678484744044,0.5372090940427243,-0.4010119264760689,-0.20548756733806872,-0.198454039167672,0.2853046510368275,0.2278162180510058,0.1546861954813702,0.2535586291679718,-0.19754712725764562,0.03290822966853472,0.5129818586639355,0.2385999515447171,0.33431727096383784,-0.2761794040449957,1.0,-0.32786077981648015,0.5341251995193792,-0.005070653878403602,-0.1536544788402306,0.30724591371191273,0.5281184387013879,-0.045502228051729286,0.13316391161931915,0.210010740768244,0.2602542258177143,0.020243643786815903,-0.3085502621911253,-0.026092601688275336,0.3512104438929467,-0.04432715125679968,-0.026185108858883425,0.029846373299245717,-0.7152294618189481,-0.39713663170148594,-0.5912126261349238,0.22742106224370154,0.6236940323076356,0.4297925805736446,0.412341525476484,0.17956799964600306,-0.19315258179896372,0.4021072732878201,0.48799491377358756,-0.3118501073000238,-0.32553435203233516,0.6490048471003256,-0.38133123791180623,-0.4530602282167555,0.2656835612937462,-0.48269354258319713,-0.035024405077614465,-0.3580605861833489,0.659698125116656,-0.5146276159074383,0.206485085953909,0.33106289014015733,0.5344424518263688,-0.24873444270907377,-0.41359621214810804,0.6522240432641178,-0.16315979635925254,0.030119850155180455,0.22726631792674382,0.28816237460577393,0.0027442145723327233,0.5942664500348805,0.018019096608802968,0.07168068597834606,0.25411316431987524,0.022748207954214672,-0.5655935056779714,0.45840614341226354,-0.37910610059793654,-0.45101701440293934,0.0786869976055528,-0.11498557662516021,0.5422754914636284,0.5616915194346543,-0.42841970290999437,0.6074619541756445,0.196620270474197,-0.16906025562649016,0.29516913155276403,0.2567366096023753,-0.19340743996410856,-0.7431785483890909,0.10431526527728527,-0.2066027257505826,-0.5088970320116292,0.6328713172187226,0.049987726047372685,-0.05189309245345327,0.3654306200446225,-0.0959524715598481,0.13650279033416585,0.01549005316728192,-0.05355665687051822,0.06252504791224299
feature_17,-0.23588861686034246,-0.010576445681797362,-0.15646957080846619,0.4219237844948689,0.17494666103987744,-0.18720867871760305,-0.5040580185712298,0.11633321865113375,0.05746214060649757,-0.3122200284872279,0.2402431475356724,-0.39330048836772197,-0.4586041086824091,0.3555143584802046,-0.13837548761478424,-0.23297305409785363,-0.32786077981648015,1.0,-0.3932809769215946,-0.2175486713652415,-0.15235830699227346,0.02736138508310597,-0.35307247574396383,-0.23792938720679474,-0.1669493327474252,0.24505851223497985,-0.0661801376800232,-0.058185067934129746,-0.043205330674350166,-0.3005607874163734,0.05029884888055995,-0.32300036397341886,-0.10723625961970823,-0.14002000072011783,0.34993993794162165,0.10996573544094354,0.25813781684899656,-0.19034554007097126,-0.22809249344852914,-0.24565540792398935,0.09326412580265446,-0.10793769300496993,0.3205212552378388,-0.031075139044596082,-0.15070502603687894,-0.07788760026649424,-0.03213874241656676,-0.2512113019132486,0.04233902548682084,0.016772065194581298,0.08665586527659606,0.15894250028893914,0.2739569844986356,0.2715218646405312,-0.35393840523048553,0.4755896669557876,0.3785268723005206,-0.23356361024699732,-0.4676533374015626,0.08550746157367459,0.18393889101356792,-0.3035480516572033,0.21970843284565164,0.43860904812393037,0.1833546866339638,0.12172795987524371,-0.3860924202578048,-0.12285041688610941,-0.024930757380435188,0.20969388781081125,-0.05371611704399055,-0.07020730587469472,0.33089340789373983,-0.2903685387354185,0.331998131516069,0.0647543406911946,0.10527235596620588,-0.20339756752786886,-0.3907459002506162,-0.0912254095488754,0.14807392267325928,-0.32424562397060436,0.21519077980821935,0.07868086026297692,-0.2850669586513518,-0.3522088540803381,-0.17788994091428,0.17946788261863014,0.029217241217045168,0.19065191683462276,0.15896897471658736,-0.2916907708628124,-0.1318834237108711,0.11336183496335289,-0.03614637260357752,0.0032213400600955293,-0.021032003250388776,-0.2278853928886431,0.12119039231359399,-0.34253427248931967
feature_18,-0.26018321283532253,-0.18215006612246654,0.36858609024771793,-0.13071418817534206,-0.3912749382290537,-0.16485351589144837,0.28190660308807153,0.4961712831123593,0.028094830178318694,-0.010093538261578808,0.07435270686320135,0.06017181381196273,0.4221045373848051,-0.28890010670956223,0.09298057433128903,-0.22156672723530976,0.5341251995193792,-0.3932809769215946,1.0,0.0018477439605938605,-0.09682872369211558,-0.29918007872951524,0.21765797260277725,0.578812939388848,0.035874706507027565,-0.32789889416194407,0.4761791855712115,0.13917171229748138,0.29188630246360087,-0.01203000419447735,0.1486746140617497,0.07124267781301422,0.09345989721079791,-0.4596403330310748,-0.6844886325382988,-0.34066010244905537,-0.6428160620105716,0.32208259038166825,0.6282246995454679,0.5956605767904462,0.41020388115943857,0.1503178585927673,-0.4796286530757976,0.4715409486707252,0.03217851211289246,-0.32992306032090174,-0.057566643196623524,0.33748356930172924,-0.4476454358557686,-0.4756041379001053,0.29614100320623227,-0.5917447652664812,-0.20669798175932308,-0.3645059320839099,0.5863177267863011,-0.5655223479026051,0.11334251344066866,0.5314517939959128,0.7904076131617366,-0.3839028314618996,-0.6862939824196692,0.682144074490881,-0.18380250057512496,-0.2774760096698804,-0.22921771008502034,0.2562839229473352,0.31790354223533585,0.5313918566688851,-0.034739801136595194,-0.11214498964258547,0.3078118017904726,0.37793392543942883,-0.7363736823739276,0.11764725252903954,-0.43729635045682425,-0.2472780237052803,0.0932266834301043,-0.04980687342608593,0.5203064860598173,0.5478114435832999,-0.6546166471653446,0.5794633690699887,-0.06741815682352073,0.26624199805559307,0.14640605818813388,0.10083221099703327,0.24783656899656342,-0.3559698749922765,-0.3646748633890647,0.06616011892738756,-0.23739501669458432,0.663651985777384,0.48774523528844943,-0.05516984958005442,0.20253526993241647,0.0375496004752254,-0.09629000386607929,-0.2528762180981271,-0.3230865612339646,0.06189085398699751
