,embedded_0,embedded_1,embedded_2,embedded_3,embedded_4,embedded_5,embedded_6,embedded_7,embedded_8,embedded_9,embedded_10,embedded_11,embedded_12,embedded_13,embedded_14,embedded_15
embedded_0,1.0,0.9510527569110113,,0.961208284204836,-0.998741509550518,,-0.8442584360058197,,0.7826848596896412,0.9893597920760915,-0.8444557950214489,0.3472793522149232,0.8389820447388611,0.9984759786525873,,
embedded_1,0.9510527569110113,1.0,,0.9114392208867144,-0.958849080819379,,-0.8885875723606179,,0.9232034776885348,0.9077450851123076,-0.8887273285664533,0.31961634490513463,0.9424536339581477,0.9629717388331829,,
embedded_2,,,,,,,,,,,,,,,,
embedded_3,0.961208284204836,0.9114392208867144,,1.0,-0.9665501562416053,,-0.6910430351092032,,0.7137689915884489,0.9728426483165744,-0.6912045775556236,0.45631638370291955,0.7431982366406337,0.9623791735115338,,
embedded_4,-0.998741509550518,-0.958849080819379,,-0.9665501562416053,1.0,,0.8435779753803088,,-0.7975055511843377,-0.9868595615311984,0.8437549159600785,-0.3734218120346465,-0.8473436142134826,-0.9989266977613026,,
embedded_5,,,,,,,,,,,,,,,,
embedded_6,-0.8442584360058197,-0.8885875723606179,,-0.6910430351092032,0.8435779753803088,,1.0,,-0.9036703443422998,-0.7645061864923421,0.999803297866874,-0.08452279383269269,-0.9565656080372656,-0.8463358943495198,,
embedded_7,,,,,,,,,,,,,,,,
embedded_8,0.7826848596896412,0.9232034776885348,,0.7137689915884489,-0.7975055511843377,,-0.9036703443422998,,1.0,0.6914912913340175,-0.9038815918488912,0.16119451448844957,0.9874898818515788,0.7997642707270209,,
embedded_9,0.9893597920760915,0.9077450851123076,,0.9728426483165744,-0.9868595615311984,,-0.7645061864923421,,0.6914912913340175,1.0,-0.7646849021343405,0.40414746416509395,0.7527316961626019,0.9859878276533318,,
embedded_10,-0.8444557950214489,-0.8887273285664533,,-0.6912045775556236,0.8437549159600785,,0.999803297866874,,-0.9038815918488912,-0.7646849021343405,1.0,-0.08454255239793322,-0.9567079604887035,-0.8466269747216542,,
embedded_11,0.3472793522149232,0.31961634490513463,,0.45631638370291955,-0.3734218120346465,,-0.08452279383269269,,0.16119451448844957,0.40414746416509395,-0.08454255239793322,1.0,0.1329437181885933,0.3655843954330205,,
embedded_12,0.8389820447388611,0.9424536339581477,,0.7431982366406337,-0.8473436142134826,,-0.9565656080372656,,0.9874898818515788,0.7527316961626019,-0.9567079604887035,0.1329437181885933,1.0,0.8503217026502563,,
embedded_13,0.9984759786525873,0.9629717388331829,,0.9623791735115338,-0.9989266977613026,,-0.8463358943495198,,0.7997642707270209,0.9859878276533318,-0.8466269747216542,0.3655843954330205,0.8503217026502563,1.0,,
embedded_14,,,,,,,,,,,,,,,,
embedded_15,,,,,,,,,,,,,,,,
