,feature_0,feature_1,feature_2,feature_3,feature_4,feature_5,feature_6,feature_7,feature_8,feature_9,feature_10,feature_11,feature_12,feature_13,feature_14,feature_15
feature_0,1.0,0.4760820856799298,0.38950888531321476,-0.05206742759291165,-0.18221466048295998,0.28622792425057303,0.10736626000091261,-0.021907606156126275,-0.006637324174670938,-0.06057718248350882,-0.4736377735410802,0.3281971398009411,0.16608483894439985,0.35764776653045366,0.16081961719430551,-0.19926707647989228
feature_1,0.4760820856799298,1.0,0.39929418512569925,-0.16903334940990236,-0.4703007112894158,0.5675940425637095,-0.4509621505695819,-0.4803924640767541,0.01245197704748967,-0.36870248679458173,-0.3778071629063309,0.03332148684842555,0.3511077985551119,-0.0495990201871378,0.22106618465489675,0.11578707849836407
feature_2,0.38950888531321476,0.39929418512569925,1.0,-0.12233907194495551,-0.20969066382867355,0.4221819181999936,-0.4295100156035111,-0.44472048382709806,-0.04660363754861728,-0.4586702910586674,-0.3185640725370343,0.025643490219125056,0.12402967517616527,0.047795720557223406,0.25380378612240523,0.016869250076876452
feature_3,-0.05206742759291165,-0.16903334940990236,-0.12233907194495551,1.0,0.16347364951797047,-0.2260098406512957,0.5574490431703776,0.28786185534983644,-0.20803898992804312,0.3873314380722365,0.1857920227983686,0.37968438428605833,0.014539187676213516,0.35135742075781234,-0.023743540357523442,-0.3286808652268471
feature_4,-0.18221466048295998,-0.4703007112894158,-0.20969066382867355,0.16347364951797047,1.0,-0.6585231743174869,0.456582331623042,0.3747296516690167,0.1805230379856807,0.1932019023203435,0.46209524850562517,0.09607369373145942,-0.2370167293001832,-0.059018229213588284,-0.16603823512413066,-0.08392993264842637
feature_5,0.28622792425057303,0.5675940425637095,0.4221819181999936,-0.2260098406512957,-0.6585231743174869,1.0,-0.5008945686936969,-0.6037026145409612,-0.20345846544854712,-0.5185949945616418,-0.44280568009439397,-0.08244438536299777,0.3264685162448397,-0.017451089108428016,0.0996658844231498,0.21437013424615708
feature_6,0.10736626000091261,-0.4509621505695819,-0.4295100156035111,0.5574490431703776,0.456582331623042,-0.5008945686936969,1.0,0.4970978053856717,-0.008521617553212108,0.4704672960770304,0.2682679968379908,0.2261577741733625,-0.035143695179377155,0.3140702646764376,-0.18100602605460442,-0.38714670107440985
feature_7,-0.021907606156126275,-0.4803924640767541,-0.44472048382709806,0.28786185534983644,0.3747296516690167,-0.6037026145409612,0.4970978053856717,1.0,0.02225503149705828,0.5323710821139045,0.24743930550610904,0.1988346987271135,-0.07971636457310995,0.004411800207522921,0.015011233017725924,-0.2343070667419933
feature_8,-0.006637324174670938,0.01245197704748967,-0.04660363754861728,-0.20803898992804312,0.1805230379856807,-0.20345846544854712,-0.008521617553212108,0.02225503149705828,1.0,-0.3629661427187524,0.04184621246312667,-0.11944877807953062,-0.12866470051477355,-0.21320090096855296,-0.212057126407969,0.17539719038305576
feature_9,-0.06057718248350882,-0.36870248679458173,-0.4586702910586674,0.3873314380722365,0.1932019023203435,-0.5185949945616418,0.4704672960770304,0.5323710821139045,-0.3629661427187524,1.0,0.09936541862732733,0.3408038628560508,-0.18500680798615826,0.4280054399272537,-0.13121136825396107,-0.351347752107097
feature_10,-0.4736377735410802,-0.3778071629063309,-0.3185640725370343,0.1857920227983686,0.46209524850562517,-0.44280568009439397,0.2682679968379908,0.24743930550610904,0.04184621246312667,0.09936541862732733,1.0,-0.3783150053438253,-0.4360009748355586,-0.6096258815403838,-0.11898216829688932,0.12215619898040782
feature_11,0.3281971398009411,0.03332148684842555,0.025643490219125056,0.37968438428605833,0.09607369373145942,-0.08244438536299777,0.2261577741733625,0.1988346987271135,-0.11944877807953062,0.3408038628560508,-0.3783150053438253,1.0,0.017098555100595086,0.6941311047580688,-0.013931863304853645,-0.396254140634688
feature_12,0.16608483894439985,0.3511077985551119,0.12402967517616527,0.014539187676213516,-0.2370167293001832,0.3264685162448397,-0.035143695179377155,-0.07971636457310995,-0.12866470051477355,-0.18500680798615826,-0.4360009748355586,0.017098555100595086,1.0,0.08869994300730671,0.27733405619036944,-0.010017239745350945
feature_13,0.35764776653045366,-0.0495990201871378,0.047795720557223406,0.35135742075781234,-0.059018229213588284,-0.017451089108428016,0.3140702646764376,0.004411800207522921,-0.21320090096855296,0.4280054399272537,-0.6096258815403838,0.6941311047580688,0.08869994300730671,1.0,0.21149288734264862,-0.5016771200793818
feature_14,0.16081961719430551,0.22106618465489675,0.25380378612240523,-0.023743540357523442,-0.16603823512413066,0.0996658844231498,-0.18100602605460442,0.015011233017725924,-0.212057126407969,-0.13121136825396107,-0.11898216829688932,-0.013931863304853645,0.27733405619036944,0.21149288734264862,1.0,-0.0762488368869476
feature_15,-0.19926707647989228,0.11578707849836407,0.016869250076876452,-0.3286808652268471,-0.08392993264842637,0.21437013424615708,-0.38714670107440985,-0.2343070667419933,0.17539719038305576,-0.351347752107097,0.12215619898040782,-0.396254140634688,-0.010017239745350945,-0.5016771200793818,-0.0762488368869476,1.0
