,feature_0,feature_1,feature_2,feature_3,feature_4,feature_5,feature_6,feature_7,feature_8,feature_9,feature_10,feature_11,feature_12,feature_13,feature_14,feature_15
feature_0,1.0,-0.04748927831783315,0.33287215163933626,-0.07211847082579712,0.3532494459084384,0.05636448916505505,-0.36223621147307206,-0.34757213523244324,-0.4436535447563283,0.29855540151213283,-0.13469306477814993,0.20478390639534758,-0.293753348679368,0.1348314510037372,-0.06929282947518685,-0.6149374666063092
feature_1,-0.04748927831783315,1.0,-0.4150712012037116,-0.25911745995945595,-0.44401361601165434,0.4418318999318013,-0.29731210621313076,-0.33594632034945116,0.13502949442099946,0.3652673972062026,0.029601764027105865,-0.41554352419413676,-0.42017335390694005,-0.31781752209315295,-0.20406830672162987,-0.22886573020986303
feature_2,0.33287215163933626,-0.4150712012037116,1.0,0.5322136012174091,0.21424133223096878,0.010479334262798411,0.025373470846516432,-0.1510854818033837,-0.37367183401740667,-0.03141509813568734,-0.2509297149474088,0.427006711487678,0.3347243604413893,0.08349881649222968,-0.4904336228471664,-0.09235076109629448
feature_3,-0.07211847082579712,-0.25911745995945595,0.5322136012174091,1.0,0.09444556107740319,0.25098595365973947,0.16292708864400557,0.422458806201051,0.061290428960467686,0.023311920166930362,-0.24095593008234661,0.4620725851779199,0.3118937686785895,-0.18308287818141356,-0.2804099856343628,-0.17364263604240518
feature_4,0.3532494459084384,-0.44401361601165434,0.21424133223096878,0.09444556107740319,1.0,-0.18476571643774126,0.3200588624231148,0.16202116734170743,-0.17700602558819611,0.2481572769954093,0.0298237484020404,0.19326538999479428,-0.4137726981204826,0.25304437100009286,-0.1641217385965287,-0.2000065365581797
feature_5,0.05636448916505505,0.4418318999318013,0.010479334262798411,0.25098595365973947,-0.18476571643774126,1.0,-0.2565769872168923,0.08163378649397277,0.27109636461163056,0.5285504973174582,0.04403750889375342,-0.17507049282962076,-0.3349887177601783,-0.06431072368313323,-0.14616378529676832,-0.5300315327204483
feature_6,-0.36223621147307206,-0.29731210621313076,0.025373470846516432,0.16292708864400557,0.3200588624231148,-0.2565769872168923,1.0,0.10697434027769491,0.3163813482488096,-0.2984506775406332,0.30183069213097535,0.29862205411171705,0.08957099945923389,-0.0952669581126103,-0.006393065359777709,0.4826464394392636
feature_7,-0.34757213523244324,-0.33594632034945116,-0.1510854818033837,0.422458806201051,0.16202116734170743,0.08163378649397277,0.10697434027769491,1.0,0.2971955424503342,0.17342035521074112,-0.23599421737237847,0.023948578289528274,-0.07148603112616662,0.21048500741631018,0.04657939862337279,0.13306453222369674
feature_8,-0.4436535447563283,0.13502949442099946,-0.37367183401740667,0.061290428960467686,-0.17700602558819611,0.27109636461163056,0.3163813482488096,0.2971955424503342,1.0,-0.09090783773674672,0.32937092842004156,0.05331355784677562,-0.24912746748281286,-0.06231375097273891,0.30963567749062165,0.17211374642388366
feature_9,0.29855540151213283,0.3652673972062026,-0.03141509813568734,0.023311920166930362,0.2481572769954093,0.5285504973174582,-0.2984506775406332,0.17342035521074112,-0.09090783773674672,1.0,-0.4555422395292058,-0.14206837870324085,-0.6436614077127534,0.42398125816550697,-0.5106362861573089,-0.5321602672116654
feature_10,-0.13469306477814993,0.029601764027105865,-0.2509297149474088,-0.24095593008234661,0.0298237484020404,0.04403750889375342,0.30183069213097535,-0.23599421737237847,0.32937092842004156,-0.4555422395292058,1.0,-0.2629332608211397,-0.0452137724299058,-0.4954607297841704,0.6206636279429629,-0.004970396428086954
feature_11,0.20478390639534758,-0.41554352419413676,0.427006711487678,0.4620725851779199,0.19326538999479428,-0.17507049282962076,0.29862205411171705,0.023948578289528274,0.05331355784677562,-0.14206837870324085,-0.2629332608211397,1.0,0.25210455926294234,0.1508124099461211,-0.02580647580861666,0.08257339351163
feature_12,-0.293753348679368,-0.42017335390694005,0.3347243604413893,0.3118937686785895,-0.4137726981204826,-0.3349887177601783,0.08957099945923389,-0.07148603112616662,-0.24912746748281286,-0.6436614077127534,-0.0452137724299058,0.25210455926294234,1.0,-0.23958596819754788,0.08580438884604283,0.4684673570387878
feature_13,0.1348314510037372,-0.31781752209315295,0.08349881649222968,-0.18308287818141356,0.25304437100009286,-0.06431072368313323,-0.0952669581126103,0.21048500741631018,-0.06231375097273891,0.42398125816550697,-0.4954607297841704,0.1508124099461211,-0.23958596819754788,1.0,-0.29556739120307124,0.04872439192579022
feature_14,-0.06929282947518685,-0.20406830672162987,-0.4904336228471664,-0.2804099856343628,-0.1641217385965287,-0.14616378529676832,-0.006393065359777709,0.04657939862337279,0.30963567749062165,-0.5106362861573089,0.6206636279429629,-0.02580647580861666,0.08580438884604283,-0.29556739120307124,1.0,-0.04923171382165175
feature_15,-0.6149374666063092,-0.22886573020986303,-0.09235076109629448,-0.17364263604240518,-0.2000065365581797,-0.5300315327204483,0.4826464394392636,0.13306453222369674,0.17211374642388366,-0.5321602672116654,-0.004970396428086954,0.08257339351163,0.4684673570387878,0.04872439192579022,-0.04923171382165175,1.0
