,feature_0,feature_1,feature_2,feature_3,feature_4,feature_5,feature_6,feature_7,feature_8,feature_9,feature_10,feature_11,feature_12,feature_13,feature_14,feature_15,feature_16,feature_17,feature_18,feature_19,feature_20,feature_21,feature_22,feature_23,feature_24,feature_25,feature_26,feature_27,feature_28,feature_29,feature_30,feature_31,feature_32,feature_33,feature_34,feature_35,feature_36,feature_37,feature_38,feature_39,feature_40,feature_41,feature_42,feature_43,feature_44,feature_45,feature_46,feature_47,feature_48,feature_49,feature_50,feature_51,feature_52,feature_53,feature_54,feature_55,feature_56,feature_57,feature_58,feature_59,feature_60,feature_61,feature_62,feature_63,feature_64,feature_65,feature_66,feature_67,feature_68,feature_69,feature_70,feature_71,feature_72,feature_73,feature_74,feature_75,feature_76,feature_77,feature_78,feature_79,feature_80,feature_81,feature_82,feature_83,feature_84,feature_85,feature_86,feature_87,feature_88,feature_89,feature_90,feature_91,feature_92,feature_93,feature_94,feature_95,feature_96,feature_97,feature_98,feature_99
feature_0,1.0,0.08235916104196539,0.34011561612055863,-0.1880032799703132,-0.211824092713027,-0.07228107104574549,0.005308354015887635,-0.028802498243323676,-0.122656687524171,0.153716125144237,0.28399395718860065,-0.330529542903533,-0.1919736439014638,-0.1735149799054171,0.11003629485153121,-0.4525045990252735,0.3765471529343047,-0.14054110539811618,-0.06263268146279256,-0.15104684547942626,-0.3072213088964944,-0.2337051696333454,-0.33221449884509124,0.38302723085086854,-0.052417381321188096,0.07289213847536517,0.1602523636485657,-0.21418416471784246,0.36757188164975857,0.21443834256127037,-0.35563869206654375,0.3950655929509011,-0.1342693937257028,-0.0861571014273418,0.18284859416696972,-0.27487758835632103,0.1305714941584816,0.09663367917316536,0.3505364909160498,0.29939755616223995,0.04599148192477999,-0.01021371260229516,-0.05233107473703122,0.31753064515566753,0.04818812059049959,-0.6586330305492214,0.17850179919484233,0.09692457236076196,-0.550834300729643,-0.2107202612202664,0.4544872481434878,0.392789132720819,0.1813267292487188,0.05396321137521065,-0.38281584713369454,0.07777044917878478,-0.3275080870481002,-0.30459053935174635,0.16787316910778072,-0.08019051493613497,-0.3094694672164481,-0.06305490691371905,-0.23058548755361535,-0.2452062194111033,-0.03428318458883821,0.19162121600121385,0.35864284899008125,-0.558144493119877,-0.16036515949105912,-0.12686992957338486,-0.22989414163470193,0.12701767541047201,-0.08426162924738438,0.35686768479890124,-0.42427302047666887,0.19585199849474674,-0.41281089187482267,-0.15100224096664047,-0.27925742601113324,0.46808674102110814,-0.00797280456884157,0.5203707999270066,0.1543354657038021,-0.07526748822874012,-0.46081386134098573,-0.6187199452258448,0.41042684766686416,-0.21764292201752788,-0.2899181232967457,0.7113640573923146,-0.1939480123692508,-0.6995775823816771,-0.2033952179802508,0.15006742866827302,-0.44747257726150036,-0.13561756206371042,-0.3876757827808194,-0.11634006326538701,-0.3381144481473234,0.12217015094258922
feature_1,0.08235916104196539,1.0,-0.37931044734125374,0.4316932918831613,-0.18244047308128164,0.3148335496110612,0.03595911329512405,-0.35082387175882107,-0.31178043140880085,-0.05102637140819273,0.07366392601979316,-0.03239534924837654,-0.2556344343652362,0.26029167892133515,-0.15637478559245668,-0.011793590089502086,0.3384920919200812,0.00957151295783494,0.2511700222803129,0.44692709026025673,0.29320656091579245,0.10166261415114322,-0.17566548465023774,0.0922927027990139,0.21838143342846786,0.30385339454893084,-0.18741212463002613,0.3617642576464323,-0.19288416648634377,-0.24332193324377432,-0.3758411926272685,-0.07246373748483373,-0.08720976917321215,-0.053398503179610896,0.06896492131806724,0.07639036796559041,-0.3570017079333133,0.1616090956524006,0.3530809467392888,0.16888283490540626,0.2776297502897472,0.4621748698265174,-0.03785239334955791,-0.3680611443412755,-0.7626138601702969,-0.049693831349387554,-0.5672466130417559,-0.4171051592260092,-0.05100722386618999,0.04409195097191651,0.34591674091688657,-0.22031726965290407,0.4173899907101825,0.2130788507835784,0.3298819562977212,0.056250540456438805,-0.32496285054755525,0.2613066776428601,-0.3810507434684013,0.24999487526696978,-0.09746597992250487,-0.35674486530095184,0.13113331277741483,-0.40735065247476754,0.005766544624644124,-0.025865201617472064,0.04146359281449102,-0.22755357181846395,-0.46975807981400886,-0.14572355812678936,-0.19164479195447884,-0.0914647388460866,0.029930460693891863,-0.24761762698611592,-0.29015091826151046,0.0414412617428144,-0.0557549959492007,-0.4089520182868358,-0.31374971911029,0.39524448388285227,0.13380529071577565,-0.12356656676918744,-0.13506044969082084,0.4720164456071012,0.02795289776678681,0.28882403922742406,0.19078060718630252,-0.41868033387196696,-0.3832815247564656,0.1491472280714153,-0.051688755104996285,-0.1490154373036009,0.10149304501038607,0.5229391398106379,0.3798210872051473,-0.283438233268251,-0.6415473004674077,0.11080240413673247,-0.44493701264019714,0.04736391134079697
feature_2,0.34011561612055863,-0.37931044734125374,1.0,-0.10729851851728543,-0.1059737019330278,-0.44105619343941227,0.08439703002890682,0.21651028950891532,0.35229242631215424,-0.040771862449368215,0.35893925631887175,0.1752313039928841,0.027286527159865508,-0.3517688781273343,0.2884462529537907,-0.21316861353174443,-0.2914620132637458,-0.030818754157494348,-0.42827129791242846,-0.3685449761486946,-0.2862095952832794,-0.33114526093721036,0.3271964816317201,0.1279277219145932,-0.3994620685259883,-0.09022043860164784,0.3588986096364657,-0.35452385223505556,0.40139067899499836,0.29307687055725684,-0.015448161833992622,-0.13167934101522333,0.11140422649455455,-0.06992689132913929,-0.12118508963600183,-0.034116430987901986,0.08898488452558645,-0.05880498937179127,-0.24655690717195422,0.07309781943464683,0.10645053357045486,-0.53473472757173,0.03609537169093802,0.29035047356001176,0.489875816430749,-0.32543144002588703,0.3716940382631125,0.23520522139675126,-0.34572217133585686,-0.11746601358951107,-0.10991129916837059,0.21566984222650631,-0.2863319508617209,0.012928226602269936,-0.30475805691330354,0.025910735626459708,0.04983782884935111,-0.20389562970519734,0.26409764757394216,-0.2703570507606763,0.04413070520128393,-0.003187982518455228,-0.3275770378219059,0.19046402262840262,-0.1518074310273665,-0.040811907423496885,-0.13717457233270544,-0.11375712590075719,0.12241811796602692,-0.18769581103965388,0.2365680659015401,0.1175070990466968,-0.0541065292654479,0.1524567459268918,0.10130384163461723,-0.12597946892145526,-0.016426791300329452,0.08998321058609743,-0.18969166231471984,-0.16965086447485075,0.20801526335074064,0.2525731025482623,-0.02901722920457662,-0.04074372988832336,-0.0917060563127312,-0.2667405195817843,0.00494292854206949,0.406853468628892,-0.021888438952723636,0.2699879153234951,0.03599263780494304,-0.08450973795228468,-0.39232378706934073,-0.09309162110560469,-0.18431087187098938,-0.013878430979234834,0.3027085747835749,-0.03500195162947647,0.17157017707214153,0.18292800613238383
feature_3,-0.1880032799703132,0.4316932918831613,-0.10729851851728543,1.0,-0.23043288546410884,0.2883226926279904,0.5352286360140687,-0.044670627438369866,-0.22155470736919794,-0.12559972353055357,-0.13022879842540308,0.4221014111156323,0.011096401866584976,0.44629215398222505,-0.3520893126556756,-0.19953200383367384,-0.07745341995775874,-0.01189827545216394,-0.06545892275575012,0.34260280431780227,0.2205991784939283,0.021290764255904742,0.2080769618784893,-0.14384810048223023,-0.21188418720849894,0.22367170091037478,-0.23113131522611957,0.04358050422234705,-0.018380276553736596,-0.1496259127568297,0.16501909330095618,-0.22955769964850942,0.03778772590886473,-0.26442658648017525,-0.5395806665036423,-0.03502672313885678,-0.545462493073807,0.4180194683161162,-0.07039634666261035,-0.2951171739713626,0.5861302632475701,0.26577362493994294,0.06708758813216541,-0.22088528343518346,-0.4000330705049912,0.3283592132537922,-0.3840462497565695,-0.18841559716884634,-0.06645358222953668,0.271296026293861,-0.01053554518200646,-0.49058858896249663,0.14846233538761586,0.48028596019664566,0.33221107027689534,0.013573034618309965,0.11113229471312351,0.20606552274649734,-0.18284500275074805,0.027163004434049013,0.2803378762174704,-0.5486588956439522,0.21846054379759078,-0.053932022625697705,-0.11334791996888958,-0.4586238509819412,-0.42660169587442365,0.11927594953096603,-0.49873491429607963,0.11419775009360435,0.11444653864245664,0.15260714118534313,0.5473975726886814,-0.1401692533788182,-0.011940800788764964,-0.3091482303224979,-0.25460152009621856,-0.2909114512893615,-0.4662622835015139,-0.2845852306585388,0.21746802602956547,-0.49696402159468683,0.00466903466203682,0.34360534640406487,0.01744149018993079,0.4797925696682148,-0.40567907675509784,0.18032014815963374,-0.5054579732936161,-0.19949484485808505,0.18255885886163237,0.3356440175198241,0.27892312668399316,0.2900020139227045,0.42775859596284954,0.2297374189195681,-0.1433341160092138,0.3482989912689828,-0.33939347392837105,-0.27391498516384033
feature_4,-0.211824092713027,-0.18244047308128164,-0.1059737019330278,-0.23043288546410884,1.0,-0.2967248784584567,-0.365719026598179,-0.15005898953042401,-0.11556819742098376,0.05499861008422548,-0.23376684095191003,0.157372390271795,-0.002510922390815225,-0.41798927524504736,0.06423431978545975,0.09059900270124562,0.11232282476305708,0.3461325588854685,-0.17744636483742487,-0.25801646564468017,0.3559469551402135,0.22070969151065395,-0.12291617914897311,0.2993777131226352,0.314037991397302,-0.025696860646410864,0.10001213214703356,0.3931805283558845,-0.20321370912611297,0.12516115658723276,-0.24587429197990016,0.20213026341822013,-0.051262298656662514,0.22146896014498504,0.13156597638703957,0.4659316200246069,0.6946385936593994,-0.23990049190151375,-0.2583907360856558,-0.11737792464911821,-0.22339407056046567,0.19405961413098916,0.3288266878909675,0.4099856649795507,0.4021499571462125,0.12795890776049432,-0.022520850073739794,0.023746738824308857,0.3830165064311485,-0.5266107957259425,-0.6148316229077062,0.18129577518342765,-0.2469581974319071,-0.15960250494718817,0.3183925760235869,-0.3104257356370151,0.2253795856716121,-0.4586045730969193,0.23387992911074304,-0.38602517446919526,-0.4303158064682624,0.3230751600271214,-0.21509128489437362,0.02270541403622623,-0.21811719632940693,-0.23855000551612987,0.28178284021176503,-0.021299708309358963,0.31296612722209494,-0.09423154214770935,-0.17660962202383995,-0.22737072623304594,-0.11582247218075768,0.2915687887116681,0.031859414488158176,0.4082950910355992,0.1940414093117381,0.22901905154330082,0.5604854157137616,0.2327371204225578,-0.20209052688077211,0.16178480506354231,0.48535566033694855,-0.1837680120626914,0.054901282883092206,0.02787882646070938,0.23487648078077691,0.015686046531543336,0.19909057476915606,-0.2946052696902376,-0.13376631591897992,0.318087405317903,0.1153564719423338,-0.2183017776453559,0.04658791700211097,-0.1383335022156546,0.3462121129001892,0.4239732215951648,0.3185172890414457,0.011350335678862471
feature_5,-0.07228107104574549,0.3148335496110612,-0.44105619343941227,0.2883226926279904,-0.2967248784584567,1.0,-0.06086750875177875,-0.3049482264735479,-0.372647699554661,0.10757416876623926,-0.1956178905793052,-0.24112368751159236,-0.15300333875491273,0.6816384309037231,-0.09820102223718111,0.224222426347002,0.13510226281127483,-0.27131655831075874,0.3545601915817878,0.35189542993015266,-0.18044254033296295,0.570179158032281,-0.3485111327068161,-0.3261105497024471,0.2979643901185696,0.2059197274170812,-0.3175945271701865,-0.03993681436774001,0.2277663209560525,-0.12294625213311192,0.34895367742806904,0.2667584379388173,0.09334941077081256,-0.09364212761614163,-0.029427830338277526,-0.4088693610447617,-0.4963450174429151,0.3932464661548325,0.06785386316416891,-0.34532432243349553,-0.031116717728296262,0.2713236979153566,-0.07427617502274296,-0.4955702958384027,-0.4858523580890695,0.3617503476232215,-0.07055052167034091,-0.3799575345851725,0.13189791070818502,0.5768710778346606,0.38698146831072905,-0.3389170195225833,0.48062200019684137,-0.18069681336148632,0.06184836031179288,0.3076105616376982,0.12682867759818742,0.5570835900621253,-0.01663357049586613,0.23426008528303305,0.0209940293645588,0.043684847898499635,0.514865316513765,-0.2552729234276072,0.6268118475059007,0.2197073364819159,-0.17619196097232598,0.34964273578003285,-0.10311731033392545,0.43444847557377203,0.19023660562332895,0.26090438686280065,0.06349471722466539,-0.18615693368659691,-0.14637313455151996,0.06826600801459737,-0.1838922092907608,0.07484743966306787,-0.07430926099474933,-0.06121497747286091,-0.18014452908516396,-0.3625374992468581,-0.11975279399787966,0.12611026124257724,0.12359777491156132,0.1770222107237307,-0.2506649970726474,-0.19931081558983213,-0.07868136703969099,-0.21618862321625779,0.15504413840137785,-0.03716117976370489,0.6126108346321886,-0.18699707729141005,0.24007363920767394,0.3442071471148628,-0.5379484221404967,-0.3212743299886997,-0.42470171153246417,0.016560764849891028
feature_6,0.005308354015887635,0.03595911329512405,0.08439703002890682,0.5352286360140687,-0.365719026598179,-0.06086750875177875,1.0,0.2548353583165383,-0.10193715081302941,-0.08976142445021357,-0.1569158012715217,0.09312006945010524,0.15188087106834736,0.27889127035909833,-0.358846376934492,-0.34713677031476725,-0.015130931176368165,-0.06099565914333058,0.20375408632178985,0.285391158345106,-0.035573620707509884,-0.47530452590777356,0.2668743962704,-0.14977502855392397,-0.20605012301490203,-0.009095186723461162,-0.110632477182529,-0.03207948797192612,-0.128038686383328,-0.17717908608930366,0.10728201458561976,-0.050319154104705305,0.0933080096672975,-0.5161341232322527,-0.565877326579324,-0.09000442607083564,-0.3579467008575033,0.3813811813933096,0.2100658159152307,-0.05212446551139691,0.6255493661728286,0.1332361139334003,-0.18882571335843973,0.15588195712356426,-0.12201093889482631,0.025228569814914788,-0.156427278956505,0.3854659929007601,-0.2793786064587274,0.12395032581109866,0.22233846112585876,-0.08816176176986423,-0.10126699905446566,0.655211551814623,-0.1761508869189669,0.03826575646866436,-0.0123991560489567,-0.10595810552417836,-0.16929384818473067,0.19752527910606976,0.47776017294449113,-0.5088852982245716,0.08511252739354551,0.115336527051759,-0.32133932268251675,-0.3395938145523856,-0.2530031860928778,-0.22022479404484455,-0.5344735852886131,0.12812331207960506,-0.13939123783887106,-0.028284401586562622,0.7532378264804346,0.024533578092313334,-0.009678256858993185,-0.5258365622126496,-0.33764630892656794,-0.27633332478318856,-0.3021740803332328,-0.35883156615859496,0.18646594672178604,-0.22244351979059881,-0.03188997559239064,-0.21028847279723037,-0.3990376436704564,-0.06734557620057806,-0.34711009967980966,0.07349724103636929,-0.44883237158240685,0.10004924419380526,-0.05322291728322197,-0.07194618364646319,-0.01501899958150326,0.32366325978174915,-0.13250052778460944,0.3135243681101349,0.1098973596076683,0.27938931399184597,-0.22597821922947764,-0.6411436106076808
feature_7,-0.028802498243323676,-0.35082387175882107,0.21651028950891532,-0.044670627438369866,-0.15005898953042401,-0.3049482264735479,0.2548353583165383,1.0,0.1825361129463342,-0.6804437467260384,-0.06934891433843467,0.17785449313944557,0.19630555812850814,-0.17901395868867492,-0.2579779815949403,-0.26439988198458064,-0.15272821604917539,-0.4774808845989151,-0.032913281385388404,-0.20018592833579904,0.1305550174337938,-0.4660746911414786,0.2746585538466187,-0.003381249707010558,-0.5268533338948115,-0.0026899991103322297,-0.3308717527679375,-0.23019589006807278,-0.08602369008073588,-0.45952993679606097,0.035189960049927714,-0.1797161924992249,-0.14754291071887313,0.31854838878765557,-0.3736858327729222,-0.12110480831307951,0.01895986915411899,-0.17869014512637293,-0.13826515618336419,-0.15134643950196267,0.2986600171814062,-0.1733060697126738,-0.3190214677525181,0.24421156612732142,0.3266304985244583,-0.26269792045937046,-0.0934941433236355,0.23830316885693653,-0.3068431141642896,0.15114918132262306,-0.11876833624975527,0.4196681812247666,-0.49770101665393296,0.4734885773325423,-0.3500592239462964,0.07548346772001241,-0.3705335333339246,-0.31840740997417755,-0.20003526745791234,-0.24213905102973055,0.4844812701107031,-0.34076182919198145,-0.13751362571110903,0.2666318448213048,-0.5659044236770141,-0.27710113907539585,0.13194891436698963,-0.10935754556859757,-0.21673969029350987,-0.39450577248752927,-0.2653633231805555,0.43248800134779347,0.3770099806652432,0.4348078880456607,0.20248073263022717,-0.40303927369236764,-0.2930729726319552,-0.2132116522348518,-0.20688210370359122,-0.25781840065717765,-0.11243618758694837,-0.24500287471550142,-0.16428904677770503,-0.20209590632952457,-0.08467992017115475,-0.15621282560094452,-0.1538643560231803,0.258506160819427,-0.054235675840539656,0.08185824297900522,0.13410914324801862,0.008367893011444938,-0.2542158331077476,0.24500579985383325,-0.2826240592361822,0.07688681157270401,0.3127883891865708,0.24448694459424772,0.013579680187726983,-0.4100328115032809
feature_8,-0.122656687524171,-0.31178043140880085,0.35229242631215424,-0.22155470736919794,-0.11556819742098376,-0.372647699554661,-0.10193715081302941,0.1825361129463342,1.0,-0.02680295916820651,0.539032401180403,0.28376293983244194,0.12247549135487876,-0.38777296764363944,0.25983483947477276,0.10299468975973257,-0.45686693498277703,0.18450009779283733,-0.2817471634836237,-0.21429389638365323,-0.2074112088919658,-0.13446197460616022,0.38650227210291493,-0.17601748707496911,-0.43840208320507434,-0.13143592948062224,0.30099522154927877,-0.41213588578708804,-0.11980003694582152,0.15840259680977792,0.16633972219260132,-0.5538101898295368,0.19743185733772836,-0.04868903951356883,0.2686902909112408,-0.10045308928056144,-0.10097213631528575,-0.1451053176310411,-0.309259275026563,0.16706130054917873,-0.21160670406200624,-0.6110340414672986,-0.03588818962114853,-0.05510111431407097,0.3174925199190429,0.00798968940924478,0.20586273183763737,-0.01774892281691678,-0.013591132467743293,-0.021564123379283463,-0.22912207547257726,-0.04071769348357368,-0.28953115026993914,-0.2198617490420147,-0.11670633907186141,-0.10753906080089261,0.0019014924304140255,0.07200551170173401,-0.13403597611314091,-0.10948272458638113,0.2568662705489832,0.2015703608777255,-0.3460742751955454,0.30981070177899184,0.028848510276631933,0.03691782086272924,-0.4178334161816785,0.23011486728439795,0.37447443578570383,-0.11990612252333578,0.33772571984941036,-0.10462149346165321,-0.2798983903272613,-0.2822201087079847,0.28343524308839596,-0.23569383380028364,0.39928840702914303,0.21826168391698406,-0.14315713696411306,-0.2812466870085452,0.2269253402197794,0.20257322624715382,-0.50487251303581,0.05045306744864215,0.2778224130151469,0.19787993763835726,0.14365402063042082,0.2328851211452504,0.24466675878743413,-0.09262267175124667,0.13428163780290178,0.19825192336013306,-0.5235793205490563,-0.03634235366513721,0.03932174369119652,-0.25784341671041483,0.3073910133689917,-0.2307023276125881,0.4641435280150148,0.17565776241332684
feature_9,0.153716125144237,-0.05102637140819273,-0.040771862449368215,-0.12559972353055357,0.05499861008422548,0.10757416876623926,-0.08976142445021357,-0.6804437467260384,-0.02680295916820651,1.0,0.046553027666188976,-0.20008821108981167,0.06354600484544837,0.07329587188550281,0.27657747461376275,0.20742263328972999,-0.08509463246514772,0.5604085576962732,-0.026482644413984045,0.09586744103070491,-0.4045513425992014,0.273860380010439,-0.10091920654547656,-0.15750777412621614,0.4171182813227068,-0.0811222644312648,0.560378333020944,-0.048676480129354306,0.07857812457933175,0.5063265419184819,0.2053492623598226,0.2115463499414048,0.07957404013160016,-0.4426887951174846,0.3718208128889031,0.04137066238847745,0.043797374188731406,0.09500567396012942,0.07780639592906215,0.330588292904412,-0.28436871149566834,-0.1292088744735328,0.17379349017649806,-0.08208140414666049,-0.015693921687569876,0.22608150702822966,0.3043539583953907,0.03823013395299217,0.22880257225577902,-0.12524825343780813,0.08976960406362722,-0.24393595004250948,0.38310916216983787,-0.45992759320814897,0.03126168930252208,-0.07188564868524895,0.5613363136421394,0.1540506753099622,0.4281634681490655,0.3270480635888944,-0.32499460098083616,0.49408354854823805,-0.07116998421788463,0.03617705008151616,0.5292620207166397,0.377780449490905,-0.10460486210176308,0.10028079350062513,0.4021676507806494,0.5898815989451426,0.2987216804554817,-0.3409314091499626,-0.33512891196653594,-0.31102258475443045,-0.2351319181699748,0.3107149902983669,0.2879685634586521,0.29420380675835417,0.1894523788096349,0.0872425841810424,0.0674077696737909,0.316929575471745,0.2614292711168502,-0.04998468562829469,-0.017341624276980928,-0.06106577197371413,0.037471051005208554,-0.10781757837841775,0.07355876274252275,0.10983777323173488,-0.30999769764780666,-0.12360449883330712,0.22112141251192136,-0.43172280527611423,0.029358796993528013,0.11960117938662315,-0.018111890189736246,-0.364374375898804,0.2094331594278937,0.3736132269589044
feature_10,0.28399395718860065,0.07366392601979316,0.35893925631887175,-0.13022879842540308,-0.23376684095191003,-0.1956178905793052,-0.1569158012715217,-0.06934891433843467,0.539032401180403,0.046553027666188976,1.0,0.09294715019889704,-0.27191996788021444,-0.35854921433854586,0.2362445857027787,-0.19269738068297354,-0.13340275346998767,-0.04266634342050292,-0.3682184753252005,-0.3099511147535653,-0.2178682342841559,-0.15677336585951424,0.1013834258317191,0.17379966743779576,-0.3895008497322201,-0.11264575688330906,0.3741201315517534,-0.3960167436079113,0.2192343156355349,0.32030801315013796,-0.09111016469329167,-0.39139177133115255,0.3004870499388171,-0.0014342767885531912,0.2027129605294209,-0.10107717978741225,-0.09082062017390104,0.09043107374926544,-0.12939025429888892,0.11345035474862987,-0.1261064475508264,-0.43489246363555,0.10396546100250265,-0.020124389088415944,0.100330023390957,-0.29889748432743335,0.2510281635462031,-0.10872202108770829,-0.36294864235814356,-0.05654330556478687,0.010373991122848305,-0.0112490077659201,-0.18558880715877396,-0.14335651171631714,-0.08585688861553997,0.07589208276119076,-0.20746867251713305,0.08782093132550939,-0.14902859421775191,-0.25046004942422273,-0.09969015044296263,0.06388633727628437,-0.3683735696600803,-0.19450713046051893,0.0594973003078604,0.023980858333437074,-0.27898556542592756,-0.1009608096425648,0.06737625928777638,-0.35997855080513286,0.282373474951639,-0.07110171855003339,-0.332180282198312,-0.2497077108089868,0.05214785041678281,-0.12045163815750576,0.18375099246631957,0.16982329456647524,-0.23265658960548527,0.0982441041038389,0.45189831902247873,0.41568021731378146,-0.5144070189547483,0.12595973138729608,0.21295169245434165,0.08324157944119451,0.43093370808881837,0.12148429507636818,0.14678196897041812,0.21731885409806123,0.32385440195884746,-0.08691204161581434,-0.6195652305531453,0.23844692680177715,0.05304196841313668,-0.45496371630705457,-0.0162704012495485,-0.19259088405874292,-0.037942159536946934,0.3434322899002149
feature_11,-0.330529542903533,-0.03239534924837654,0.1752313039928841,0.4221014111156323,0.157372390271795,-0.24112368751159236,0.09312006945010524,0.17785449313944557,0.28376293983244194,-0.20008821108981167,0.09294715019889704,1.0,0.21986732207694698,-0.14032603160575355,-0.08621477178039182,-0.0076755719118799404,-0.5408780678807217,0.20802472959870866,-0.4999898923145182,-0.0833231645911555,0.2429819512681246,0.0303832552975745,0.5051506769216156,-0.16632738597256144,-0.451952208815103,0.23076704985357768,0.0651768257823362,-0.13452353263007616,-0.06050376729658156,-0.02414353304793338,0.17299365364923824,-0.5190357936671343,-0.04196360159067467,0.1321030438597902,-0.24552269865952295,0.13027351747332874,-0.1583812544851861,-0.05071688330085581,-0.5352521753431232,-0.14601428190994645,0.2921472074217789,-0.2617943366630523,0.10253264548328218,-0.08956081281432095,0.18624466102088041,0.310116973025908,-0.2061284821237254,-0.26454657617673477,0.1243505879835392,0.02127037981978121,-0.5955555525481169,-0.22124534960586534,-0.2067103869436203,0.16198388402311933,0.31350810428088605,-0.15316202917044092,0.2266271095313716,-0.025306487461322868,-0.06545759775562071,-0.30859790863233155,0.29617286312899427,-0.20875030683311127,-0.22108082423226047,0.33285117828768657,-0.2313196397265988,-0.4746966242418409,-0.4446463278044746,0.34471010148545916,0.07695973421500875,-0.11052813961420782,0.30145684562221603,0.14723794155652098,0.14616896534995033,-0.012160277157891251,0.2218377562272387,-0.2041670033309305,0.18642207504838537,-0.08211954807152565,-0.2722914179312473,-0.3177748790841671,0.21077737512817854,-0.29891269779153057,-0.02037471408411067,0.3947041093236977,0.33606731017288843,0.587843503474546,-0.2326384133177514,0.4897010022539302,-0.16017529134592223,-0.33479759095296924,0.23585911626372538,0.648233290593104,-0.05648837516771786,0.012585433144890598,0.4691303709691018,0.026397668550392998,0.36226759316659113,0.31043520682901504,0.30132623484031174,0.09743298892067791
feature_12,-0.1919736439014638,-0.2556344343652362,0.027286527159865508,0.011096401866584976,-0.002510922390815225,-0.15300333875491273,0.15188087106834736,0.19630555812850814,0.12247549135487876,0.06354600484544837,-0.27191996788021444,0.21986732207694698,1.0,0.17882602931935174,0.022591133126517195,0.37947408243318975,-0.39517885429258615,0.3515377973469261,0.1716255738407337,0.321248808973737,-0.19730278403441562,0.001902575306428506,0.5001321898366444,-0.5388567135205193,0.008622934364499788,0.17112899497582124,-0.028482411056762996,0.04519326141217946,-0.2655725896688096,-0.24288522290775966,0.3074267665206403,-0.21431325301467213,-0.48287474443300576,-0.04983408583967537,0.121508720989859,0.04098314314530968,-0.1347331215226288,-0.42608592809068746,-0.06288577089077005,0.35292233803992734,-0.012854974718365827,-0.1808144233006876,-0.2810107979296135,-0.2047942722519908,0.03982981191426454,0.3044001765959664,-0.17977194159909057,0.12052609979172459,0.43550610579109367,0.18301585074402488,-0.004735808786739137,-0.0059481818289774955,0.25555488274801114,-0.05720452841121395,-0.05253742368306818,-0.2066886607846186,0.2589579771189403,0.12898846424990273,0.2535561862850053,0.4131712747923119,0.39527809365319233,0.052178004050316695,0.06002867048315541,0.6907733372721665,0.034802306156008656,0.27948805249555825,0.0461463116816958,0.31942135279126,0.3629133810182234,0.44466650209705655,0.13646351738382181,0.2077254711073176,0.02961261439794888,-0.030158831572449526,-0.05923855692097998,0.14010256522373413,0.08588967669680336,-0.36243858866706985,-0.034398511623716106,-0.22656114656530713,-0.2745576332558341,-0.24967415770273602,0.26215676682068173,0.10036740177063705,0.014733339501057027,0.09015694537967134,-0.5048583196388778,0.010507279533868593,-0.10522052505998201,0.02787266595125446,-0.4868514549486294,0.1482534855076461,0.2631101815221829,-0.3655413904269092,-0.051356958625628245,0.2978369299797115,0.1756060334551693,-0.22032191892196712,0.534347036385862,-0.0018602905619378416
feature_13,-0.1735149799054171,0.26029167892133515,-0.3517688781273343,0.44629215398222505,-0.41798927524504736,0.6816384309037231,0.27889127035909833,-0.17901395868867492,-0.38777296764363944,0.07329587188550281,-0.35854921433854586,-0.14032603160575355,0.17882602931935174,1.0,-0.10649447614910866,0.23572616267592122,0.06984202081712035,-0.1963110774878242,0.40244026804416305,0.5493634077597062,-0.1248421777897167,0.25472932041514845,-0.0970003725111293,-0.39385360124178526,0.19433943028009182,0.005365003753133564,-0.49761203003808563,0.14975592534070362,0.10987193700174928,-0.1171722954608483,0.3799010421464385,0.11804730833242658,-0.06522436438756217,-0.1617850193865268,-0.18560052231302115,-0.16151462755181642,-0.5393493815533404,0.2749740923977504,0.2119318944500429,-0.23014596437385412,0.036333330502083115,0.30650406956375104,0.04865255365570861,-0.49683137996892646,-0.5871027024916705,0.3396835264666073,-0.07110307559812326,-0.1794844943836753,0.2112378857022353,0.5151873499626405,0.47197092375532934,-0.5333155629245973,0.5949272987110525,-0.07560570819476703,0.2339116738236236,-0.04806174838789262,0.07670453597747158,0.625927269291428,-0.008257612445617108,0.485731560718752,0.17578670548437567,-0.2613418811395526,0.7859823057627792,-0.038332439511075886,0.4788547815720941,0.2816171094533768,-0.20920150470588567,0.3036849438564947,-0.2309913553829353,0.5222933933451688,0.2611466047005948,0.13811048136800794,0.21205673740651212,-0.3061678160135255,0.07536553777879167,0.06286798053141139,-0.3120140045418544,-0.30616481185539335,-0.11321102291518967,-0.22517124124503918,-0.22787828697536291,-0.45088117621457025,0.0380578994961725,0.22995052587698392,-0.12080550856207617,0.16250267326485202,-0.5899051389567104,-0.13482330875806467,-0.11371590142203256,-0.23316608517558193,-0.09194107828511457,0.06972296104690416,0.5475533002460194,-0.14912081193549626,0.15972540618940725,0.3081152089672784,-0.39886525646694204,-0.2966495159150686,-0.24806846230062438,-0.12260245970149307
feature_14,0.11003629485153121,-0.15637478559245668,0.2884462529537907,-0.3520893126556756,0.06423431978545975,-0.09820102223718111,-0.358846376934492,-0.2579779815949403,0.25983483947477276,0.27657747461376275,0.2362445857027787,-0.08621477178039182,0.022591133126517195,-0.10649447614910866,1.0,0.41322033441460326,-0.2245011645686976,0.2104819642105988,-0.02986498626244762,-0.08445729905110282,-0.3025249370800746,0.198145757600445,0.11180596828436014,-0.12500528566807043,0.23702333348429344,-0.14735898777386938,0.3687403670963729,0.03542964513591042,0.2198265442222476,0.3142263846147242,0.024766606263896162,0.05182711919883968,0.005860512495292592,0.0519494263682763,0.35101119289271915,0.009462819359129565,0.09806793540882286,-0.206459004308323,-0.11950120735983351,0.21240355851751416,-0.38775855122013575,-0.41638153281680834,0.03076845348867937,-0.11265667517469337,0.17228764802218566,0.01448862997652178,0.2823995724402857,0.001346411857111825,0.19791680564798467,0.007858200870491171,0.008095825172945924,0.05091574768201497,0.12906323986103913,-0.528796099843219,-0.08160606296782905,0.05146505155876779,0.22486206411201287,0.208300054834294,0.2835395581970412,0.13658653321377073,-0.20738045526042337,0.43820065980280376,-0.0578486926771153,0.18771883426929378,0.35805523998441596,0.4776097094722828,-0.06817772110289552,0.11981625039779721,0.504094569001561,0.11424968156253158,0.4173147767777925,-0.06690641580906102,-0.48107361450392816,-0.15717007636064015,0.06488153761699732,0.3057339778956296,0.37231332731769884,0.1552928093175824,0.2186177223855999,0.015480582199617315,-0.020951038265873082,0.21458926436328823,-0.08148616363599315,0.11969903838800268,0.1818563103463395,-0.12888786255996634,-0.002284372113092532,-0.013103719278475869,0.2903306124681878,0.04332950491755391,-0.19734072731985533,-0.03970675631419072,-0.08431031523239514,-0.4237793792546385,0.02936052182228949,-0.0774020290178661,0.056592724053401676,-0.4186358563160571,0.3959957987942659,0.46525695432797504
feature_15,-0.4525045990252735,-0.011793590089502086,-0.21316861353174443,-0.19953200383367384,0.09059900270124562,0.224222426347002,-0.34713677031476725,-0.26439988198458064,0.10299468975973257,0.20742263328972999,-0.19269738068297354,-0.0076755719118799404,0.37947408243318975,0.23572616267592122,0.41322033441460326,1.0,-0.37228053311002296,0.3624165506390505,0.3851661826847982,0.3894182020973816,-0.21959951552371765,0.5169143162191173,0.29029308110717283,-0.6366408787631757,0.4932944362834533,0.08460955395771892,0.09219522694253485,0.26446529350392195,-0.19617935441502035,-0.136307678988585,0.299831590668552,-0.10337897599222523,-0.18846405022443163,0.017233436073923546,0.44426181679019233,0.044363087283856656,-0.2026916476693903,-0.35952218247238077,-0.13930905832500998,0.20913094015467482,-0.37347031627372057,-0.245145591853935,-0.25080691965598534,-0.5531526864860123,-0.14320956867713885,0.5454138935171656,-0.13271983315694247,-0.1443235845417628,0.7658087561272212,0.34811579458793873,0.016136523041806156,-0.16374731880138046,0.35226949695116017,-0.5563590785128619,0.07431090622935652,0.07989949096240961,0.3927526175499472,0.5619597272735731,0.19836277453202927,0.5404265784065889,0.16355197513876904,0.4902127005260935,0.22594468412041596,0.46623988594014487,0.5610392070663272,0.5725198766603374,-0.12957968988952917,0.5690130433857665,0.6425192705069193,0.4708298625746536,0.37950402509983094,0.04826637148164454,-0.36581684538070075,-0.3900711845129485,0.04928649476384442,0.29897880114692865,0.5654964840056561,0.0009087160250266305,0.31055624170992563,-0.18446528570568338,-0.25472748305104337,-0.2589133127756754,-0.09504301528258911,0.20863362557813359,0.3961500863248156,0.2690992922008052,-0.37302561460239697,-0.21255793934431355,0.225840308687772,-0.30785403850993015,-0.33223786120948445,0.23606381189989947,0.37695578051878426,-0.5989951474618849,0.26110547740783996,0.20205992944281964,-0.0044254497760029265,-0.5386650014611595,0.5800641997998306,0.3067867638423268
feature_16,0.3765471529343047,0.3384920919200812,-0.2914620132637458,-0.07745341995775874,0.11232282476305708,0.13510226281127483,-0.015130931176368165,-0.15272821604917539,-0.45686693498277703,-0.08509463246514772,-0.13340275346998767,-0.5408780678807217,-0.39517885429258615,0.06984202081712035,-0.2245011645686976,-0.37228053311002296,1.0,-0.2401833849919541,0.29686214489803897,0.017359761852621777,0.25117471047933876,-0.10102537196070639,-0.7358363373725838,0.5947105010553727,0.29912757148444247,-0.13398668451614895,-0.3750343511930847,0.3877144335337479,-0.017338808428925337,0.019250354485999207,-0.5468612614782847,0.5400178059968641,-0.026747953985854923,0.05488172643516718,0.09175263288018468,0.03971736249254852,0.31468675647614,0.18558804802038834,0.5877147965065648,-0.05238991748138499,-0.0020048440447812147,0.627401736912627,0.23290693323412956,0.35958006306512574,-0.2849811181984998,-0.4561434849439136,-0.05142485996459871,0.0721519959607996,-0.33826213288397267,-0.36638216574371846,0.41295823470642196,0.18080243062916487,0.12510086096956416,0.15815579790068138,0.08432558683452779,-0.1473366362799989,-0.5149354195459112,-0.2945461180977553,-0.21200949812218212,-0.06395999531589973,-0.48296251076951663,-0.250236730657454,0.20886160161481357,-0.5827742135387194,-0.1552726833954706,0.011707639922529491,0.5087392475773019,-0.6287808141662657,-0.5041369443244855,-0.22011711865731312,-0.5676051106593706,-0.23338637234587306,0.07516159320880063,0.264660343238364,-0.16828037374185698,0.2649001316688458,-0.5503597323097824,-0.17194487741332898,0.16032106510742172,0.5017043640711437,-0.2268121203497455,0.3321864221585646,0.18372120480388462,-0.24107286009319967,-0.5336537805049035,-0.4231436411709769,0.46094927562052934,-0.5139000526632397,-0.09091281135780636,0.21975031882407225,-0.09651358101375446,-0.475840910485315,-0.06652342986052882,0.4138796582377445,-0.35843528402259656,-0.3005106963139361,-0.5038915482951062,0.18880511973652778,-0.581797408325831,-0.30232049788154164
feature_17,-0.14054110539811618,0.00957151295783494,-0.030818754157494348,-0.01189827545216394,0.3461325588854685,-0.27131655831075874,-0.06099565914333058,-0.4774808845989151,0.18450009779283733,0.5604085576962732,-0.04266634342050292,0.20802472959870866,0.3515377973469261,-0.1963110774878242,0.2104819642105988,0.3624165506390505,-0.2401833849919541,1.0,-0.0036403668141488776,0.24851900952015632,-0.07836951448625414,0.19495923165037,0.2826532432328101,-0.23855634052769564,0.33954175862942987,0.15108982928714373,0.502193941363652,0.2449390089304625,-0.3925235221343974,0.19243418140323326,-0.026457873352247797,-0.1307057035634228,-0.15984342135015286,-0.3413959443534279,0.4491481099501314,0.303255205718695,0.08209116299007725,-0.2839574650446927,-0.032821626625582564,0.5289198738879133,-0.09341627228852115,-0.1286565195406307,0.02959196621279999,-0.04444780015866212,-0.0018792593638930592,0.3690560194426018,-0.1865424238025091,0.02274320165748254,0.4806675906561145,-0.3172837440106635,-0.2289322909760338,-0.15982759183771011,0.24053306085211695,-0.24145017257452028,0.21176422577787785,-0.26171708523958076,0.5076428530567461,-0.04471864762565454,0.3035563882059722,0.3360845574724219,-0.08091907410097758,0.3582142429443505,-0.2972536910341284,0.4196051636094055,0.12819255390493897,0.13687314535958367,-0.0844172779270965,0.1480206588384772,0.48061329734727354,0.4309738387590066,0.12362133914329361,-0.36457211376776016,-0.24287737581398522,-0.2711369555270529,-0.24438778854580023,0.2857678760364571,0.5152745276389686,-0.020878553837664723,0.14746071332093763,0.05619347009088222,-0.02121391228798208,0.1691078209709081,0.29596420948572855,0.1497839419476864,0.07611933022307041,0.22138637353844426,-0.007717376942833419,-0.13849236005854257,-0.13281626168311306,-0.010813259484507237,-0.5092831525792185,0.17233284261160672,0.12802602839156552,-0.28874748895838154,0.15859961463787975,0.02893198659980941,0.14418157193836373,-0.052286615866137025,0.5810757323781978,0.2484627906848149
feature_18,-0.06263268146279256,0.2511700222803129,-0.42827129791242846,-0.06545892275575012,-0.17744636483742487,0.3545601915817878,0.20375408632178985,-0.032913281385388404,-0.2817471634836237,-0.026482644413984045,-0.3682184753252005,-0.4999898923145182,0.1716255738407337,0.40244026804416305,-0.02986498626244762,0.3851661826847982,0.29686214489803897,-0.0036403668141488776,1.0,0.5831862596718388,-0.16094287558388803,0.10177687173557128,-0.11171618418172896,-0.3754098161862614,0.5694554868922553,0.11528021518456705,-0.24294535451235247,0.41726375264597093,-0.3258601136759456,-0.46727358389512536,-0.0718197375735102,0.32318773299532977,-0.2269728488893118,-0.2344255858967067,0.22710264976609112,-0.14967231994356697,-0.2568659035066945,-0.025293565593079295,0.5047556085446542,0.21935014230686511,0.04507982016512307,0.31889208070633523,-0.47087469789546976,-0.17779833963977454,-0.433481842818976,0.11352746112298535,-0.37009754924302407,0.19728333210823507,0.21904813991940328,0.2764441734488428,0.6169730378823882,0.15284122603599,0.33216205047611286,0.0679747744363779,-0.22685495168554573,0.153709187592705,-0.13129789694276475,0.21400832842311254,-0.14779292856481707,0.6653515767644188,0.2654095715222105,0.03643362277565388,0.29981405817457074,0.10890344863909324,0.19960630843494226,0.43150441352838476,0.2533428823096124,-0.11555891153967805,-0.08460454974436711,0.33415644484476303,-0.30278675048020454,-0.0006189228359396705,0.20619304596724755,-0.07783279099559523,-0.21070770166399777,0.08531323720398912,-0.09694951353690756,-0.30582234007299847,0.18104166488565882,0.06311274680209757,-0.3856811937112793,-0.16918189888279983,-0.08345723021128305,-0.2471300168123379,-0.2576720998212498,-0.23571311578446136,-0.17788744507174192,-0.6744272894837265,-0.18689597737059896,0.09575208622438043,-0.4552995486490277,-0.37731651674439837,0.3118913249012272,0.007819926604885336,-0.210661012363926,0.25019800055138186,-0.3753558174417615,-0.2500059925704391,-0.06772856354554233,-0.4207981488090475
