,feature_0,feature_1,feature_2,feature_3,feature_4,feature_5,feature_6,feature_7,feature_8,feature_9,feature_10,feature_11,feature_12,feature_13,feature_14,feature_15,feature_16,feature_17,feature_18,feature_19,feature_20,feature_21,feature_22,feature_23,feature_24,feature_25,feature_26,feature_27,feature_28,feature_29,feature_30,feature_31,feature_32,feature_33,feature_34,feature_35,feature_36,feature_37,feature_38,feature_39,feature_40,feature_41,feature_42,feature_43,feature_44,feature_45,feature_46,feature_47,feature_48,feature_49,feature_50,feature_51,feature_52,feature_53,feature_54,feature_55,feature_56,feature_57,feature_58,feature_59,feature_60,feature_61,feature_62,feature_63,feature_64,feature_65,feature_66,feature_67,feature_68,feature_69,feature_70,feature_71,feature_72,feature_73,feature_74,feature_75,feature_76,feature_77,feature_78,feature_79,feature_80,feature_81,feature_82,feature_83,feature_84,feature_85,feature_86,feature_87,feature_88,feature_89,feature_90,feature_91,feature_92,feature_93,feature_94,feature_95,feature_96,feature_97,feature_98,feature_99
feature_0,1.0,-0.3823947992102616,0.11384802520927385,-0.18807593294062372,-0.06836999704984226,-0.08749879099973168,0.32495016094860035,0.7390302716459777,0.301218457136172,-0.256896245827762,-0.24926484041285957,-0.6126203266885895,0.5534249484821413,-0.21295358307416698,-0.23691685978448593,-0.18790173478785638,-0.09637219190529343,0.23135027215393578,-0.3049438201588593,0.2186894289192138,-0.709989806968932,0.3735295611101886,0.40410797850816504,0.09156671706717748,-0.15901021242729668,-0.16978818814227217,-0.3539746979792451,0.2968759380837055,-0.40474848009124353,-0.10792943833444163,0.1744246743417335,0.5119711714059707,-0.04376259520609591,-0.686488432158453,0.2623337649215097,0.017769549756559696,-0.23697222903760926,-0.4335459235547429,0.44306961669716954,-0.21040800805969528,-0.25281011674231085,-0.010278491015864035,0.4774224712486716,-0.3626549208426537,0.49058511222526224,-0.24013249840763362,0.14453539523087164,0.1271190070034852,-0.02461655389388267,-0.5679421328801066,-0.1604717991921804,-0.3268567641611087,0.4231810730284004,-0.01856656124943888,0.5280368229799601,-0.22217710997905105,-0.001725914233429646,0.3922730960961592,0.20520812929941135,0.4238855150007705,-0.005036476122017798,-0.18513528204041038,-0.4175597105330045,-0.42653651147390503,-0.2709407523514473,-0.14009628361907972,0.19819632058217443,-0.5926547060731115,-0.2620248797460394,-0.39150251294345045,0.18042412251134207,0.0055908622080567865,0.32018126956578474,0.2792838029737476,0.13570276288958324,-0.18536663489752983,0.23621963057873524,0.20485808738153566,-0.2065328405982486,-0.1664613316267236,-0.07634063723145312,-0.26655596013023214,0.43658187755794964,-0.25684222221615627,-0.16129102511858864,-0.1029597925957607,0.3319539463017206,-0.02199265164304776,-0.036861432364966994,-0.12318309252811116,-0.23132902311304007,0.2941537021184,0.08864989007732638,0.39103805300416855,-0.19872416848791993,0.023484146147957345,-0.2026448492725881,-0.2044396741373038,-0.3483020021915912,0.20674781362587327
feature_1,-0.3823947992102616,1.0,-0.2634435404477567,-0.005908650455338311,-0.15873748095473886,-0.10697357832735731,0.163483586123332,-0.4299853670598272,0.21409006046217988,0.6438497408028331,0.14393514806721386,0.6033494425712852,-0.4891173957186643,-0.044650544546143346,0.057847576979847735,-0.12009149672832624,-0.06665332121153468,-0.19037304372307967,0.478894740753643,-0.41484081157107067,0.6593257972303679,-0.026788563582137277,0.11605382614699555,-0.12202617962102236,0.5727454449614554,0.41400485733587794,0.41256800409977273,-0.2643638982667586,0.3382889976786861,0.33473428459415905,0.19378703273926995,-0.38162026661797666,-0.014496034926537909,0.678646082156194,-0.45062347655877516,0.17139164838961474,0.5863587448266386,0.5906874959597516,-0.5884647084566313,0.7070765145035754,0.43966640282427644,-0.5029104705487506,-0.7230915251155597,0.19206874110721,-0.6658435739088399,0.0317278319580258,-0.3733693557952392,-0.5016815025463847,0.16323604233464248,0.5538832274630504,0.2146756008235585,0.7392502569786178,-0.3877083034593906,-0.024842610996075532,-0.46494446465660993,0.5832118318642316,-0.352910293468363,-0.8310136549631515,0.33346996214089125,-0.37496458704854496,0.26712127288033854,-0.28890467337516823,0.1682900268180926,0.29473715883043283,0.3608572051089285,0.4084340816808886,-0.2546798014017031,0.49860953698143234,-0.012089388956785773,0.05115425806822961,0.251383321974814,0.037895902537293163,-0.40642238503364225,-0.6412082882012419,0.131253615884876,0.16288565106765918,-0.06564283261860335,0.16586864061639214,-0.5662616828451783,-0.017831435937791445,0.19292437932050208,0.1545741042040599,-0.4544508795596266,0.4617080421151738,0.4259083435489227,0.14890036961840453,0.0469685524784694,-0.15398518168632974,0.013028169048463956,0.3502283339540345,0.19324270694951218,-0.5404257509210215,-0.620014817132184,-0.33794908766532067,0.30932951948500076,0.4931765090604704,-0.33708211874959904,0.1360409589327223,0.40241213293868133,0.3018069961839715
feature_2,0.11384802520927385,-0.2634435404477567,1.0,-0.15610051630901875,0.40088118591315997,0.19067553503301463,0.11440108739951003,0.4273078234598311,0.5382253578833618,-0.7027739979380567,0.3660841426490983,-0.17107710935503231,0.06571390070825278,-0.24322704841950177,-0.00020936184542151012,0.05229577181708031,-0.06081690534238641,-0.33830078391043633,-0.5267744028746926,-0.06577369471603318,-0.13729968880492133,-0.0016052499330911118,-0.09899596219280327,0.06975270465864242,0.07426624924574075,-0.07151803118740255,-0.03981935362154392,0.0389898467023245,0.3733233737010692,0.08114323433635394,-0.26502866666424657,0.042949427751146046,0.10670240174983729,-0.08015910390803513,-0.2552775240522749,-0.26881719197018183,-0.2858430710744383,-0.2733023894030382,0.3469842685755241,-0.17552278884201708,0.015103317074580987,0.25411662718595923,-0.026358458533385316,-0.4473401354841006,0.5437816994437745,0.11777125557675856,0.01178244515353941,0.1027695355893952,0.5358951782713989,-0.042031560208384326,-0.24649568277692385,-0.3145275486533815,0.5275080454427373,0.48083284440201973,-0.03200225748174166,-0.21563018314128463,0.21490055788325785,0.4183536386375256,-0.08055478724984064,-0.3094125456824954,0.10271169185367558,0.6480714548220542,-0.10181767993846505,-0.07690723037521875,-0.07871380206913985,0.20350724825014121,-0.10862644452538808,-0.19333227416148335,-0.2193018027998641,-0.21701418984196832,-0.16306935849299034,-0.19151635752539406,-0.24913874150946905,0.33086997476980834,-0.411412651952655,-0.5657679721054969,0.4704179929872875,-0.09391525342928331,0.2588752576366579,0.24064162241672804,0.358832668056264,-0.06359377848807331,-0.08574556389739701,-0.15368569909744315,0.19634373007459946,0.12163077152396501,-0.07403726129184625,-0.33112726586274144,-0.4993270421059851,-0.7872468968837661,0.06056119017955444,0.45935591314262475,0.21851310286520795,0.6124362814305352,-0.19213072020018804,0.028836447145203198,0.29206251686983725,-0.4093873987024618,0.0248657789659813,0.26147057095547976
feature_3,-0.18807593294062372,-0.005908650455338311,-0.15610051630901875,1.0,-0.43935530543714785,-0.4877524230433001,0.07071746264035968,-0.07470094664416531,-0.3660162906231434,0.22822235194893858,0.10922946434637776,-0.35614948591234513,0.2107873839440559,-0.2335411511632824,0.2117577386628523,-0.635289591177767,-0.38603559532854786,0.6785544367346068,0.34843621589239887,0.483163496213487,-0.008434638424418413,-0.10226330373069038,-0.4246748085871118,-0.18081521125079347,-0.3279628393428609,-0.46546292348685114,0.5459975172230781,0.21917179291670033,0.31873351123719845,-0.5730592230917565,0.1716357915246249,0.23771954567905806,-0.046563676640279016,0.05265109888759169,-0.11917857226984145,-0.12590414132434366,-0.2967878900312162,0.28121799539615805,0.21283312933361986,-0.35369061526860607,-0.34380871801013324,0.07452762648621743,-0.07697579275359476,0.42831071733712,0.11848020070299481,-0.624136251339349,0.6783261233437118,0.16835785889368313,-0.34209069566546496,0.030259562395731823,-0.4385286970294075,-0.14569274340115024,-0.30421040369567187,0.05110221781438797,0.00895093369717412,-0.40231308525505916,0.5693394454088825,-0.20493980549312837,-0.5570129685594258,0.011195270283471337,-0.279746172929561,-0.37108198345145404,0.25941552530907874,0.3600849539001679,0.011834738386019993,-0.5871516645284316,0.5699495753612887,0.4796091700307403,0.2279331038128764,0.3338861187491312,0.4872754261758654,0.503432699639212,-0.11048802316664441,0.2995003337027443,0.3033225880574644,0.03996497133031978,-0.6959566215769385,0.5107924273909967,-0.045359557025592336,-0.5705005976124057,-0.6588731510820761,0.14458077126241786,0.05347733425481834,-0.07445238283600296,-0.599569909024237,-0.38830738229682527,-0.31410918467489757,0.2288976021811315,0.3656456411944552,0.3618737879608426,-0.38324678602549467,0.4595959609141417,-0.09904266094332682,0.2216136319063452,0.5833969502738902,0.47821445509182214,-0.40602163704988603,0.5676419373176423,-0.20144744567606915,-0.6529106533915735
feature_4,-0.06836999704984226,-0.15873748095473886,0.40088118591315997,-0.43935530543714785,1.0,0.24719998520998743,-0.23348538442443761,0.2158549856911764,0.17946095875659476,-0.3183283047167092,0.21029635386205714,0.061887308338658985,-0.3482301105003364,0.2157083021850816,0.1982408229509577,0.4608075418807466,0.374855371025835,-0.5278471430161045,-0.35489845379865564,-0.6429826974847108,0.011477407871509126,0.28172039630154727,0.2567900464682659,0.12491655478592863,0.32663480461164873,0.2307641096828464,-0.3302986611686766,-0.5960761731481246,0.30505432349427597,0.3432508007890629,-0.47228571185166096,-0.07724356413040492,-0.30059009210768484,0.003931008782301724,-0.327711910919305,-0.3198634686965318,0.21056920756751055,-0.2708426956739646,-0.2486569422234134,0.1462030495191427,0.4336738025667225,0.4777374966501037,0.02170357024971315,-0.2316107192913679,-0.11265368220902082,0.47551643434137425,-0.3861706245294029,-0.014516964458971913,0.31190638360108525,0.41028654614122556,0.1417904842827055,0.15785129234045683,0.543965559861306,0.3647962847986639,-0.40640188824954415,0.2881711268466152,-0.24503870737501812,0.39817329726171397,0.15177379477744662,-0.38726311591259704,0.3721200065135665,0.6551793122635504,0.2676137879554882,-0.44008509543232854,-0.3105359983597644,0.43264647421193553,-0.4859482405656706,-0.29486852149470777,-0.552804486016544,0.0476174213540786,-0.4365617833552854,-0.6581935463705499,0.02566530738218932,-0.21600790199100986,-0.8337443548293542,-0.20257710751423438,0.6111566947388278,-0.4818961300009013,0.38072779884279695,0.6430558533849862,0.7436469401737706,0.1812994229531249,0.08855757622004615,0.02597937587346531,0.45281840320492195,0.6825514273192974,0.46468815537039,-0.4433054754277177,-0.5095070721305056,-0.578598293126881,0.4238836043074804,-0.2786961793816955,0.09592474745329195,-0.04072029159199789,-0.6722051664832788,-0.4676759518577929,0.5438537962532043,-0.6644578548952442,0.14716049842940795,0.3785308567928703
feature_5,-0.08749879099973168,-0.10697357832735731,0.19067553503301463,-0.4877524230433001,0.24719998520998743,1.0,-0.42087590192830243,-0.09543316405452844,0.06483341978511192,-0.41794862052648785,0.33781216057471547,0.16236670850752835,-0.32000270216109195,0.4147997057671733,-0.40200525913405255,0.7430327041256695,0.43248717041967516,-0.6326360792724589,-0.6422662132881997,-0.15509654657530106,0.25893636237382134,-0.22122579123922675,0.04143951064197209,0.6271479893016012,0.1804300033057292,0.046539275826871215,-0.4335487549654513,-0.4540971245499884,-0.2223862322341443,0.650541929959753,0.1705909800869375,-0.47417771005675735,0.40919708429636403,-0.25864566744506684,0.2980297802268549,0.4007599986981311,-0.2643170952858546,-0.38665600030349906,-0.22023487601425973,0.07480558796858451,0.4645341426845031,0.055843391334267564,0.1792246245486032,-0.29274626531199893,-0.04489996899517015,0.22008572090345851,-0.5391606119298668,-0.2318655875962206,0.024882191900525822,-0.08066037481426809,0.5882848016829014,-0.1376289333631091,0.357961607349238,-0.06525444312852781,-0.03631036620329622,0.4422286735686968,-0.38964013873159575,0.29169937110939165,0.3244852388507821,0.21537679443453167,-0.04575036584557334,0.5016568800480193,-0.557385033261479,-0.5525902522846594,-0.2781125102412531,0.28487591499060017,-0.2703433681124186,-0.13955817838970805,-0.04663644650929688,-0.665155787851502,-0.5658228424379458,-0.4764042505883836,0.15867435714758352,-0.15424690377668598,0.050319526378238076,0.13365991492496643,0.5894921123537354,-0.748911319668051,0.434781617615575,0.7246358904369063,0.12254080055573312,0.4297563457715874,0.19160901640834435,-0.20624396857807398,0.5039405813293645,0.41453131754592637,0.18637542757565193,-0.13878759150226616,-0.173947018435249,-0.31428178230048254,0.7238440177059507,-0.12530112874662652,0.20971577906367386,0.01644955843998688,-0.5992436733690315,-0.4964264141963796,0.45774347143922606,-0.7430465385559443,0.003974229706934298,0.18875302047928003
feature_6,0.32495016094860035,0.163483586123332,0.11440108739951003,0.07071746264035968,-0.23348538442443761,-0.42087590192830243,1.0,0.1240996149477394,0.30165366250120834,0.1619884067789116,0.054801610887986935,-0.1826239186226477,0.40520867038672936,0.09994331406374121,0.3170660831073279,-0.3876013064830612,-0.005873454945341677,0.09204853514674229,-0.029365143084181155,0.2865072538692073,-0.13092523490902486,-0.35738486093057054,0.06419769112801385,-0.32680483521626624,-0.017319880404927605,0.0527439234894627,0.48044538739926573,0.5217388215035528,0.020065873309000316,-0.2917789372579975,0.09534651977856036,0.06481309989587379,-0.046135955140713884,0.013349621322316181,-0.19577359821515103,0.06405249161227815,0.1906033256795609,-0.009789687435625496,0.5372143983611524,-0.24802027975625618,-0.4636179727785407,-0.35250007414458256,-0.3025973403926445,-0.32339970677676955,0.3699732930255274,-0.4299617942909727,0.2219812587155175,-0.09640838644013872,0.5036647928754964,-0.3474938443127918,-0.5581443065551547,-0.25408778538611226,0.15869460395141438,-0.3100809834470551,0.4196086119764701,-0.4356077827167263,0.3670169574797077,-0.08802158906371894,0.22983804805739122,0.16244958236547408,0.08687196762420708,-0.2946519424084015,0.10014489610554818,0.2602025840367877,0.3316838524886902,-0.09084990770289351,0.3039558298422796,-0.12338766420212725,0.12928763593784925,0.15512728161237033,0.4091987967966232,0.47968368265650374,-0.16019177523560352,-0.15765441704049643,0.1868705500207099,-0.19021052165603997,-0.12695444312383886,0.5081925981514451,-0.6607586898722363,-0.18028668662486635,-0.10822177967732377,-0.5543296623497151,-0.2034577397714476,-0.25258771311336714,-0.04102792811636259,-0.01291754140762549,-0.01423558214809327,0.10524593545421888,0.17082984643385965,0.09444402366484309,-0.6917756624713357,0.0905558870792893,0.20890305646880236,0.2282987155952523,0.1597107404186633,0.46990107507738,-0.32370921893707627,0.2631962767050226,0.3398158823347416,0.38834893121660646
feature_7,0.7390302716459777,-0.4299853670598272,0.4273078234598311,-0.07470094664416531,0.2158549856911764,-0.09543316405452844,0.1240996149477394,1.0,0.41145354342722684,-0.3424851785238944,0.03772599191643439,-0.5241883532895655,0.31992355014968915,-0.44193050518337584,-0.3389761326042946,-0.26279580883358455,-0.23996529896082427,0.17194954526585032,-0.3239610092776711,0.09228086704360972,-0.5322689591509351,0.5499118935862876,0.15080781979996943,0.32946832208279997,0.0681119206301704,-0.1761352631983965,-0.2756143674202908,0.06528854369170867,-0.02417208554563378,-0.2060960410987042,0.044851505734641486,0.6907031283877992,-0.2887024644751451,-0.5171881438182642,0.1647855947422959,-0.26962948600722364,-0.375842342195353,-0.40539027234753816,0.3824962209078593,-0.20096372796457496,-0.26441194996103834,0.28438561646164456,0.42612530605770993,-0.25989242090967285,0.5352817401113612,0.023834286611982808,0.17367226359893187,0.13099302300724924,0.01927123543066368,-0.29469580404330453,-0.2909270435049124,-0.28894476953010706,0.5523510482014213,0.2409658557209389,0.28840799094962405,-0.24575570661431687,0.1809503926615926,0.5052960189061556,-0.21300605955669827,0.172953571226033,-0.04865852679200727,0.22200875335514195,-0.36104467331410545,-0.35022950875445286,-0.4405103857069096,-0.19524194962315036,0.030572346926147305,-0.43961478766435347,-0.37785544732552956,-0.4076593102808965,0.13670042642930494,-0.05002094124510879,0.24119877452554117,0.4639130770408275,-0.0708526593316395,-0.22433516287925814,0.29088616498698816,0.20266014426636486,0.02894320373599128,-0.09652673957781242,0.12666033637105673,-0.16757019982068405,0.570029996917192,-0.14886386911597588,-0.28565680782823466,-0.1891581873276134,0.17821017291361002,-0.1510076368412483,-0.08648899681231897,-0.24827160853128016,-0.07649175529350165,0.4462691138277865,0.11459159522067042,0.4399747381403075,-0.1482202770752092,-0.11694559708337636,-0.09289583941518062,-0.296047240071517,-0.5410240958028618,0.007655234214582534
feature_8,0.301218457136172,0.21409006046217988,0.5382253578833618,-0.3660162906231434,0.17946095875659476,0.06483341978511192,0.30165366250120834,0.41145354342722684,1.0,-0.10202488961587639,0.3425260980134507,0.2611750705934675,0.0940439899137797,-0.3660403205438764,-0.12340414368407164,0.045193602697638224,0.09504941114282592,-0.3115773314926598,-0.05136781575175402,-0.09655879300376166,-0.007977078790858176,0.19019689317462907,0.12758511873799194,-0.02315506083403696,0.5586902310384149,0.18164863696327624,0.22563668546782972,0.06955920110250895,0.3895506093419823,0.2767137266381566,0.10434636210537979,-0.11827144673083057,-0.053207602219237565,-0.05362363305027768,-0.14720859741125025,0.2335481069934836,0.048913348276460204,-0.35301741207377035,0.19179509721498092,0.2058596092704815,0.11719395838604277,-0.028536681555310986,0.03939977425248906,-0.6442879472635483,0.2284570179818212,0.20435209909709492,-0.16249278721376548,-0.2984277313488033,0.5683427802972956,-0.11622545386042829,0.14397864362579743,0.18406162542183643,0.2526008078412855,0.18324664267778523,0.19423433649386962,0.04528510803112111,-0.250044095675249,0.12459919122309207,0.3736098983509434,-0.15459517209912693,0.05507260179886483,0.10260201117062173,-0.36957685205095797,-0.19857039533144852,0.32349160223751533,0.09025163818384353,-0.025634727805261614,0.0792144353599852,-0.14704353914794913,-0.43394771145269545,0.18167835112872535,-0.18700767243560437,0.1576486782482246,-0.17140364962961235,-0.15574794503626285,-0.10617417096998612,0.6482411179395156,0.213375719285562,-0.30903667252216893,0.0897290988848955,0.5173209293811356,-0.13631693824962224,0.033835839650539476,-0.16815123908314997,0.25339446996341414,0.09595886871938261,0.15872289023843425,-0.031251862678455394,-0.07545136302323667,-0.29449849878157147,0.005364282162421463,-0.005023668208307483,-0.10577374812909465,0.24500445715099614,-0.1405791139208167,0.2542274175847746,0.001644881838611512,-0.29799408368667196,0.13037099594029852,0.39998187207728214
feature_9,-0.256896245827762,0.6438497408028331,-0.7027739979380567,0.22822235194893858,-0.3183283047167092,-0.41794862052648785,0.1619884067789116,-0.3424851785238944,-0.10202488961587639,1.0,-0.08028612768630448,0.44754016872594954,-0.2646408929499435,0.04292319119723551,0.13365543390219195,-0.3402818663518876,-0.08847395346499551,0.18953599730665133,0.7293360418666455,-0.04258896701005099,0.4621145741054479,0.05956725838236734,0.023229278016430255,-0.165867093189086,0.4247297462047823,0.19768124496497458,0.43992491298443603,0.04462160509728892,0.0798283454954707,-0.11404562410667908,0.16794224317520953,-0.08252458170183473,-0.2308457384640049,0.39372192764851976,-0.16526076157601008,0.1841991768173942,0.4323772460569889,0.3701126156772083,-0.2909814210332826,0.39703716492799407,-0.03904705559811345,-0.34883814711236744,-0.30943673427987517,0.3634132138291224,-0.5844574387389172,0.0317925037952322,-0.03129912583816363,-0.4692036983179733,-0.2743521684670498,0.2564823940786635,0.04379180108068787,0.5234712388412094,-0.595341680241911,-0.4547618700990182,-0.04107668811722456,0.18895499231501098,-0.16604503672504178,-0.6441040726994601,0.09649603351388537,0.09093965335961292,-0.14347041669238927,-0.63060320143449,0.23662458920866117,0.29555642191350145,0.3136761207255582,-0.13213293090043227,0.0792327523857087,0.4378138601163183,0.2805540541367284,0.22015253083965322,0.4400443666375935,0.34939006656719446,0.11015588530883391,-0.5333958198568627,0.29542894441647527,0.6049077239419848,-0.4014908349668397,0.38407010200607294,-0.5134322896537787,-0.3407966302028711,-0.13566615283908842,-0.07595739792861919,-0.052974921337326945,0.218341516419356,-0.10903364497635011,-0.10519193801080497,0.05487047766840718,0.31650110086724764,0.5302677852731594,0.7444074518697701,-0.1690113352544139,-0.5168857791484796,-0.39367819417098043,-0.6019715774614277,0.3688275874343849,0.23998216496310967,-0.35405016726799016,0.47607943931085145,0.21923556894195162,-0.0518754598813246
feature_10,-0.24926484041285957,0.14393514806721386,0.3660841426490983,0.10922946434637776,0.21029635386205714,0.33781216057471547,0.054801610887986935,0.03772599191643439,0.3425260980134507,-0.08028612768630448,1.0,0.2252493347241974,-0.30023287721937475,0.15164517823242835,-0.07648668532221443,0.10030973028158753,-0.00936588388898431,-0.4008925232816401,-0.24177327924824563,0.09803747456231221,0.2246612002671465,-0.33260217732363184,-0.2676813193163289,0.4196710733332434,0.469806985224976,0.002291706787924524,0.41752122445779266,-0.2302032139857965,0.4256987274069468,0.1413728094868514,0.04771658523009909,-0.2616834431398424,0.32567107311754534,0.026892441300673454,-0.07373434320180668,0.21661130158689476,-0.18664862482019282,-0.1650350481099779,0.029224965333194,-0.005749888066945911,0.13140291970972076,0.028869304161809658,-0.16102139969169188,-0.47510126517566653,-0.03309200696024689,-0.09170492337236716,-0.10983499858735535,-0.3399894857567916,0.29926590942524667,0.12201089182957774,0.08773800842368694,-0.08038207898393888,0.07725563500457217,0.06377436923434952,-0.06340417735983044,0.035808461373084556,0.20011530333649377,0.029308900145569763,0.06316622400371756,-0.18140828813004906,-0.15827609325016687,0.2116860381017146,-0.11730309294103372,-0.003871434460426031,-0.07647682206748577,-0.011553625803112854,0.022861918810411924,0.3401124287770226,0.02581384032940535,-0.3154461104106616,-0.04811220102150163,-0.08949209307074274,-0.017213453119187178,-0.14872931236469253,-0.012461577756236727,0.0913506603587562,0.4136277211467657,-0.22254842564660213,0.13884528413725528,0.28439507786041035,0.07170979039006171,0.17422646555006424,-0.10901690486821412,-0.4202525683995704,0.12850216467732783,0.1721702293406707,-0.1641730182107821,-0.04355142800439174,-0.08317112009721532,-0.27418546575096103,0.3048107073401156,-0.015883920120241618,0.016968576700838123,0.09595978506420012,-0.0365582990283825,-0.04176081609411265,0.32731790045340103,-0.39565040057082157,0.24981339074634612,-0.03200725093787051
feature_11,-0.6126203266885895,0.6033494425712852,-0.17107710935503231,-0.35614948591234513,0.061887308338658985,0.16236670850752835,-0.1826239186226477,-0.5241883532895655,0.2611750705934675,0.44754016872594954,0.2252493347241974,1.0,-0.5563679734754716,0.05245682539636225,0.08090827229053228,0.30599835676881526,0.140071304743834,-0.5102138561670261,0.44846850356955387,-0.3030406073066916,0.6657849593168845,-0.11493361368144463,0.013752843984718696,-0.02722135002946499,0.5798552520534838,0.59251122450537,0.29109056849507786,-0.20067191850176977,0.2028505900678837,0.31031276575084676,-0.13212901891864215,-0.6192244823764049,0.07959821083920046,0.586706523278293,-0.07565358935884554,0.2263485926531025,0.5312598569971363,0.22539995147691907,-0.47810397738892535,0.574008157932338,0.35529212765330653,-0.3100256772386021,-0.3208359216786323,-0.04122239777788439,-0.6286914016866935,0.5879848649172184,-0.4682130091274535,-0.42997163724704324,0.23871741657082274,0.4531269213371812,0.5508958563404986,0.6263746316869261,-0.486038824391825,-0.15213824624428793,-0.27658652630896813,0.3946273149842903,-0.502303934223338,-0.4795997187340358,0.3156505035364981,-0.28595644874816184,-0.05555538176000664,-0.02676504384643737,0.07599028140292692,0.2284422426569431,0.4038894203642571,0.3171413042475272,-0.40287800861983375,0.44402143690063883,0.21512442957310454,0.05235676425051804,-0.1839905932615239,-0.2332109796903943,-0.05026700878116777,-0.5634683801624045,-0.06298396266300864,0.40312374499480375,0.23866507541319065,-0.11980089120104688,-0.1369862214051497,0.17405540985537604,0.43023114382274597,-0.00871229497816252,-0.371721149529082,0.2555084734508123,0.3781686928200927,0.12569389697313169,-0.04265252684749839,0.08794929034838943,0.0469543784110767,0.1480965634178959,0.2703042039947544,-0.6923563406497116,-0.24434994007840202,-0.6512776290234434,0.04999725853144638,-0.008178582483093647,0.19237053878091764,0.04570756686063486,0.48973453511590753,0.14584587310895233
feature_12,0.5534249484821413,-0.4891173957186643,0.06571390070825278,0.2107873839440559,-0.3482301105003364,-0.32000270216109195,0.40520867038672936,0.31992355014968915,0.0940439899137797,-0.2646408929499435,-0.30023287721937475,-0.5563679734754716,1.0,-0.2712946956647698,0.056539962062139903,-0.20408615904536678,0.0033626488184587367,0.5634217142786023,-0.09715891696552996,0.4815308208706557,-0.608872757293469,0.005904256385519975,0.07071055443604503,-0.3875080327189315,-0.6045937366044613,-0.3256801519528005,0.12766743602612174,0.5115638992489112,-0.1469237134806514,-0.3926754306901787,0.17013196997406277,0.3531950726251271,-0.20504114824550645,-0.5167373379057064,0.16703220779622582,0.23480705083362458,-0.3914549080915314,-0.3970588095495427,0.7172591794683236,-0.4726594638537461,-0.4308318771311771,0.2107010043013519,0.41045311934283235,-0.2789901649710221,0.6930816534243365,-0.5435518798597828,0.4781503749454135,0.5536463866603051,0.16861631599602728,-0.6667765502198371,-0.33331104022574265,-0.42047731285093376,0.19538674265545375,0.06758997053252859,0.5696539303221811,-0.577523207375886,0.4149397488050773,0.4065369030440066,0.01329436897650847,0.2837741756082308,-0.06845090522395152,-0.33262721098503456,-0.17963869927995096,-0.15393005758776812,0.2088107784505768,-0.5142164270734222,0.523016655645132,-0.14549359327103845,-0.06941921124878025,-0.007303603230469471,0.41619739381946425,0.31113240436274137,0.3553425376796246,0.4747946619538667,0.1760778986703755,-0.3665692070536523,-0.1688444802619975,0.46658249181665695,-0.1612682791904924,-0.29317908434050455,-0.26209796975669397,-0.38224091928095755,0.208113876537358,-0.31157636258062416,-0.4447837795376439,-0.25116924636130655,-0.03792519543128188,0.12610035612516113,0.29595376114036354,0.03922960017664947,-0.6189345032218424,0.5546084884366217,0.20143177221100309,0.5716131547417096,0.13842675287308354,0.28835783375936597,-0.2600934901798429,0.24464848054338023,-0.1727385141277885,-0.17559204866549874
feature_13,-0.21295358307416698,-0.044650544546143346,-0.24322704841950177,-0.2335411511632824,0.2157083021850816,0.4147997057671733,0.09994331406374121,-0.44193050518337584,-0.3660403205438764,0.04292319119723551,0.15164517823242835,0.05245682539636225,-0.2712946956647698,1.0,0.14135787063215186,0.40356954972241166,0.5651340226614785,-0.36794145968192593,-0.3737839761112494,-0.03279576801577509,0.21438690040486025,-0.5685287568696814,-0.11051196867706332,0.21822331933632494,0.027002295992479688,-0.01643057674021627,-0.13870793746201182,-0.17589767063490852,-0.23635397658804666,0.330731015468474,0.02320675196936977,-0.4192432036263665,0.31494162187572655,-0.0026061877307312488,0.0935164068612466,0.22964786965082162,0.12584614151280743,-0.1290129006424476,-0.06641924449222829,-0.23455128059922598,0.009789952462330559,-0.012988761210539565,-0.09064153149563892,-0.05427827843260551,-0.17868163733003392,-0.055635993426813614,-0.16022167753190608,-0.1895805758920446,-0.056809313540864735,-0.11415282972219573,0.07831436490063534,-0.2520693630995097,0.19327495461419528,-0.4856071003759735,0.09093252989075364,0.1278159172237221,-0.08830853447500836,0.11854278668304975,0.2794625436886023,0.29423700637850375,0.1344705399642812,0.16477419334573326,0.05485814066925826,-0.1698665615515681,-0.07933652223773571,0.1412584729875399,0.030608673548920665,-0.11846092029440197,0.23519857785384432,0.04573228318792277,-0.2695167621525553,-0.027230084443437934,0.060541979481127314,-0.4536238308076415,0.026585569933519865,0.324127678160324,0.08060747161665663,-0.48865264173485606,0.045192496970592494,0.4608266652854351,-0.08428206536557625,0.17048313780748273,-0.05912753343513628,-0.35023809622030827,0.39220469807495395,0.5510012409310419,0.1118215820293141,0.1996809496863505,0.051891415909047944,0.03081949876735403,0.16042352410006666,-0.36241557582298023,0.4395603478073893,-0.266974810820986,-0.48768592892186113,-0.4343390152241663,0.2814230743622808,-0.2735361896495915,0.32002446376758426,0.24104112637471073
feature_14,-0.23691685978448593,0.057847576979847735,-0.00020936184542151012,0.2117577386628523,0.1982408229509577,-0.40200525913405255,0.3170660831073279,-0.3389761326042946,-0.12340414368407164,0.13365543390219195,-0.07648668532221443,0.08090827229053228,0.056539962062139903,0.14135787063215186,1.0,-0.06767746270282317,0.10195779717211034,-0.11468053458996677,0.2975011179637104,0.036060636808099046,0.022368969935274458,-0.196671432013084,0.2558919879036448,-0.6066940988251047,-0.17153215193541088,0.2994735310696994,0.4377975479504927,0.22031375735899,0.16266145745904087,-0.39069353532590956,-0.5510025410600712,-0.35602938590232863,-0.12333520616978194,0.14674906965775886,-0.36934525481644565,-0.29640288310929,0.5075528255658652,0.05223291943048909,0.1627779590385953,-0.10552638882485017,-0.06797286865465044,-0.16940627035101344,-0.15084923002505032,-0.041017016612554795,-0.062260894686042526,-0.027930032648730254,0.09635263452889922,0.0029625393479157628,0.3741696510399632,0.26282570175696746,-0.12942877299532007,0.09228552852755642,-0.15842940633745525,-0.11044783394345951,-0.04783352058556666,-0.34710239374830976,0.04198624594580619,-0.10343627429142122,0.1498123056451934,-0.14399923272852358,-0.115396583793175,-0.17442879156044028,0.7193742661264396,0.2136123703948416,0.22371654025457147,0.051386767803163313,0.04063913436239135,-0.043562708045142055,0.0777106431737325,0.7161002012291489,-0.13696442020603333,-0.13218596621177076,-0.15838246167424633,-0.33198105359151825,-0.4261873911790455,-0.09023832407943916,-0.10915545608526103,0.18828749469456407,-0.015738512519201286,-0.019849799253546494,0.09893734281510112,-0.3062887478857354,-0.29153324443959805,-0.07202418566392088,-0.026594807542364027,0.30782071413932166,0.3234763278255234,-0.02258747259144301,-0.09538179150357726,-0.14749200284960096,-0.48478529890831945,-0.24625968325053416,0.14416645207260165,-0.23655646996800905,-0.07304841599076942,0.27885312919192434,0.18963577045236507,0.32852412504024026,0.6029069539058772,0.17498101446486508
feature_15,-0.18790173478785638,-0.12009149672832624,0.05229577181708031,-0.635289591177767,0.4608075418807466,0.7430327041256695,-0.3876013064830612,-0.26279580883358455,0.045193602697638224,-0.3402818663518876,0.10030973028158753,0.30599835676881526,-0.20408615904536678,0.40356954972241166,-0.06767746270282317,1.0,0.7126162914197153,-0.6192736761472947,-0.4373021381785425,-0.375393151066449,0.14491405114247707,-0.20325490099678792,0.16644903331712513,0.17521544063874223,0.11847636040000632,0.16155819363394755,-0.3945366014602684,-0.4896019160026034,-0.13094159764372626,0.6265088602682591,0.013923432600759752,-0.5563528018673545,0.033885158826721155,-0.17698865532753125,0.19798180727948647,0.3836086623878994,0.04262551644447544,-0.43145982850044684,-0.28937172876758543,0.1428656341442199,0.5454182254189868,0.22753445847444612,0.23094673655195655,-0.3690881373137065,-0.1109033175037382,0.38112754413270106,-0.6261695187733497,-0.11184885627522234,0.22342645661768704,0.013331369432572515,0.6507518276656951,0.04857323443959779,0.3086212136591496,-0.04009760690850911,-0.10863371414880489,0.4411194564260873,-0.4679643033373378,0.378381776901881,0.40159782650194653,0.0024759961397691358,0.14637387319150508,0.4308329373077028,-0.23578618311120894,-0.5098395411273632,0.03989575711873393,0.2949843768330549,-0.3059341573301182,-0.16596356503352325,-0.18406208126047174,-0.278523560629057,-0.6330237973373511,-0.5945806227778881,0.2636135014899334,-0.3263282917716335,-0.3483081074682657,0.028424222246477407,0.600675889576455,-0.750459944945321,0.44879996691000984,0.827925319269122,0.4077754758138819,0.3094030992037293,0.07655754156952622,-0.1690421822136536,0.47410020583395784,0.5217174167862724,0.3119101816721235,-0.14457770653728652,-0.15096434901226372,-0.28095678872677754,0.5382718338343966,-0.3197595497204784,0.2248938249494924,-0.17548831154531228,-0.7097032346110796,-0.5365356816274995,0.5723338445503188,-0.6181126695840653,0.15850482423296608,0.3156261995791392
feature_16,-0.09637219190529343,-0.06665332121153468,-0.06081690534238641,-0.38603559532854786,0.374855371025835,0.43248717041967516,-0.005873454945341677,-0.23996529896082427,0.09504941114282592,-0.08847395346499551,-0.00936588388898431,0.140071304743834,0.0033626488184587367,0.5651340226614785,0.10195779717211034,0.7126162914197153,1.0,-0.299751535186017,-0.311636207937187,-0.2150951713686152,0.17869510262539412,-0.2850396030951698,-0.05334840306697411,-0.04072741829389794,0.1321513804697064,-0.10377189545411486,-0.12444733703923092,-0.3220795266157542,0.08743820339687908,0.5462294904851464,0.27775342693198585,-0.4914033649603863,-0.19086445421151055,-0.16721773985512503,0.10272482045444513,0.48456578379340787,0.0497583183117011,-0.5026300917798118,-0.04309379200491409,-0.15867252114178582,0.240299555684785,0.3544467317788627,0.23147243581318644,-0.2579018138071197,0.05796544971611551,0.11219325733130055,-0.23654924502567248,-0.14967905156495656,0.17002020348194727,-0.20355024599958557,0.3274231920126849,-0.03389763472683025,0.45887003613812516,-0.25863950435231564,0.1607440349623431,0.23749505548913502,-0.3524375185619575,0.4352813529080094,0.33638287034261133,0.20629932137188256,0.24038801881800567,0.2642480358418167,-0.21139445472768964,-0.5274081604745258,0.2807641340493859,-0.05122830964202192,0.13996641414984096,0.0057322099507013365,-0.02684327438767181,-0.11929123266703238,-0.19467855145947988,-0.2576735273260782,0.41243047675616945,-0.47571351799714956,-0.24047109918235507,0.19668596110147493,0.35854657163497067,-0.35605915738005606,0.04843400515081237,0.627635056273824,0.25925758726734466,0.3489958543725588,0.2737688702830957,-0.37840291323353914,0.37514281792760984,0.5916192261668705,0.37788588104740733,0.21309618854152806,0.2539369631885594,0.04584921346267056,0.14849161101541491,-0.22344437448553928,0.4011356168872979,-0.07626370700756081,-0.7104608517092158,-0.3116853899199471,0.19021769870068111,-0.3771188993232893,0.11520332607622139,0.311259667500704
feature_17,0.23135027215393578,-0.19037304372307967,-0.33830078391043633,0.6785544367346068,-0.5278471430161045,-0.6326360792724589,0.09204853514674229,0.17194954526585032,-0.3115773314926598,0.18953599730665133,-0.4008925232816401,-0.5102138561670261,0.5634217142786023,-0.36794145968192593,-0.11468053458996677,-0.6192736761472947,-0.299751535186017,1.0,0.3634021107890176,0.3920629438140105,-0.34301864936746684,0.2202720994110286,-0.29909299284340113,-0.27071183451130204,-0.5092561349216818,-0.5143136600179354,0.17207252729256992,0.30042111583187764,0.04713922637432733,-0.4828033774272094,0.35470489458729365,0.6092067996149627,-0.2925426982222337,-0.08362336413886647,0.12344826438895971,-0.038536807656969,-0.31453324238941055,0.21001454620004514,0.2504161012478692,-0.35514331628573187,-0.46872476552386927,0.23571146479034077,0.1589881129300976,0.4677207770376082,0.24141143653430766,-0.5638281141935805,0.7527031591155156,0.48910104401967286,-0.4600216089822873,-0.27042613290921635,-0.4553310546488403,-0.12482362045273146,-0.17289142867794163,0.10099169096875876,0.197539019402044,-0.35746586702829275,0.443720710135983,-0.04589118359631918,-0.5025106455606234,0.1234100757376958,0.014439083921006632,-0.4657661605503884,0.024172340797320533,0.19202113886024608,0.07114201996972823,-0.6369136309372181,0.5774335944236292,0.2554742113656382,0.044613711341263414,0.25911009157327297,0.6704388789127944,0.5678461559507942,0.11944818925823424,0.5053886077375153,0.3829057193547574,-0.042424191127865496,-0.7221889911869469,0.65407064994619,-0.2823576057138722,-0.7211189671082694,-0.5403400167826061,0.003834486183334797,0.2313348817219061,0.07339577298520478,-0.6339048938716546,-0.5447053276768502,-0.3189200273923707,0.2935158683776089,0.4559500008285603,0.5448091622372222,-0.4939694236710374,0.5027331022647091,-0.11947449363261042,0.30136017593288766,0.5781697504152615,0.381225860443693,-0.6863239239884537,0.6070522923360311,-0.5368451241115738,-0.6224282436770563
feature_18,-0.3049438201588593,0.478894740753643,-0.5267744028746926,0.34843621589239887,-0.35489845379865564,-0.6422662132881997,-0.029365143084181155,-0.3239610092776711,-0.05136781575175402,0.7293360418666455,-0.24177327924824563,0.44846850356955387,-0.09715891696552996,-0.3737839761112494,0.2975011179637104,-0.4373021381785425,-0.311636207937187,0.3634021107890176,1.0,0.047515783596858506,0.217063339275422,0.24165671401398292,0.00599116697600096,-0.46770990241591487,0.13739989108437214,0.27163003206116076,0.5059054093959631,0.18925125781030083,0.22114476807132852,-0.3335454224722985,-0.06249813390525214,-0.0518739555619501,-0.20139682765857295,0.4792068939985339,-0.13672770171880902,-0.08350657713640955,0.4948595545705874,0.48455746511560793,-0.2656868080092233,0.3295025963968394,-0.06546338544483539,-0.31013821085413523,-0.1660818924627697,0.41579995675051834,-0.5071319625977575,0.10087923658946188,0.21509578852841282,-0.10937554370482125,-0.19220982179687657,0.370012292513762,0.11613348962128316,0.6250708054954938,-0.7797731275048866,-0.08045243967562977,-0.14479926365302886,-0.01367677318102414,-0.18593475995117484,-0.6329092319633004,-0.09093514137844273,-0.20839889600573291,-0.1755310106799192,-0.6386967321825491,0.3891941749900397,0.4914978090195357,0.40868717789164316,-0.17570671455451448,0.07368325208713997,0.5237929547101176,0.25180256220745645,0.5149422764842918,0.3430855794340134,0.15666594154540076,-0.01596765071672123,-0.24568610771874083,0.1286223046361851,0.367109980882769,-0.43077885153321094,0.5600728290670468,-0.3840109573458658,-0.6328753406660266,-0.044085445797161935,-0.12703023537748748,-0.21124489253422035,0.37539194001485693,-0.28574371687476324,-0.33590984939839147,-0.09605520711289685,0.2957791999430001,0.30457327396768097,0.5478364549874732,-0.3094897183820078,-0.36486011972953797,-0.4678483974943635,-0.5339114714637277,0.5692985773454241,0.4660741129878646,-0.37109815815289465,0.7266806562316063,0.14451059215723905,-0.2954043244773258
