,feature_0,feature_1,feature_2,feature_3,feature_4,feature_5,feature_6,feature_7,feature_8,feature_9,feature_10,feature_11,feature_12,feature_13,feature_14,feature_15,feature_16,feature_17,feature_18,feature_19,feature_20,feature_21,feature_22,feature_23,feature_24,feature_25,feature_26,feature_27,feature_28,feature_29,feature_30,feature_31,feature_32,feature_33,feature_34,feature_35,feature_36,feature_37,feature_38,feature_39,feature_40,feature_41,feature_42,feature_43,feature_44,feature_45,feature_46,feature_47,feature_48,feature_49,feature_50,feature_51,feature_52,feature_53,feature_54,feature_55,feature_56,feature_57,feature_58,feature_59,feature_60,feature_61,feature_62,feature_63,feature_64,feature_65,feature_66,feature_67,feature_68,feature_69,feature_70,feature_71,feature_72,feature_73,feature_74,feature_75,feature_76,feature_77,feature_78,feature_79,feature_80,feature_81,feature_82,feature_83,feature_84,feature_85,feature_86,feature_87,feature_88,feature_89,feature_90,feature_91,feature_92,feature_93,feature_94,feature_95,feature_96,feature_97,feature_98,feature_99
feature_0,1.0,0.15680470293013318,-0.013563202876124109,-0.002914221381243512,0.49939667457969544,-0.06432063409936055,-0.10429583104386936,0.10774053424364094,-0.5862136477749254,-0.05364881275997682,-0.16416061083351505,-0.28967328342609616,0.39035296315171975,-0.39436589428040403,0.04051170911617186,-0.07537113960055959,0.27028886997604085,0.14321882960716492,0.03262960809612596,0.36871357546714645,-0.06879154933290975,-0.5803638401455024,-0.4536735933420194,0.3343809636696004,0.3698658406401812,-0.640205487628169,-0.10699143088613494,0.16576444176990895,0.3760526721751241,0.17189034787994237,-0.7773579823330569,0.16749417736619954,-0.21524680913474664,0.12372661640435338,0.028796242555179714,-0.5101784374915588,0.12192669763788676,0.03836992886902556,0.22063334371338555,0.29077660564462077,0.14396881052344224,-0.6471654381299785,-0.14270368244227694,0.48418374247493645,-0.39853040046223326,0.44329553539048105,-0.2480356713407387,-0.007435387504510026,0.6613389037275194,0.40179672313864967,-0.15626264303903536,-0.02212638459223154,0.6415385574802782,-0.26854501553111965,0.18593823010282504,-0.3674630621630041,-0.30088652665113386,-0.03995462909189559,0.024114436028487427,0.3985286525030744,0.2208160449303453,-0.09413933621435955,-0.5473949438682788,-0.2275123822189932,0.3183852794387923,-0.367343295526502,-0.05921452108389651,0.6817080638725991,-0.6152641198989212,-0.12950279567182038,-0.1370218699173469,-0.502702385056678,0.6131343841015789,0.17338611722782862,-0.15931589831939633,0.4145593522475171,-0.3425692481468659,-0.5789400429015147,-0.45429421973397255,-0.4137423174521457,-0.1876775628809773,0.14721813395359767,0.18307138411632218,-0.15763182954862845,-0.3767766734877053,-0.08435220981258541,0.6105069629568732,-0.19236047872069867,0.11902764806507339,0.1344031257690487,0.1885483246449763,0.21557115393937418,-0.026031425996727163,-0.27915505863618234,0.11620105635472697,0.22323357238254324,0.19890548848093081,0.016225964292568094,-0.3598266866628549,0.3098663099525037
feature_1,0.15680470293013318,1.0,0.46413590699137613,-0.3772609104277602,-0.03150784100311336,0.41774252057775046,-0.1285316401058468,-0.43704955910488236,-0.5045481249107319,-0.6186589443464131,0.5892598803322092,-0.6585532260282223,0.1623723850383712,-0.3608593278901201,0.5276730647118671,-0.6150605609493035,-0.13887802141394562,0.24575061525569603,0.31098370077520787,-0.28138521124512356,-0.43634697105176795,-0.5440098472681049,-0.6429735575849892,-0.11782522661457148,0.45626377999752354,0.020425662741606645,-0.009880492889627671,-0.18343443723100794,-0.3886510999891616,0.3643144243871104,-0.13899065127888335,0.09364610006837298,-0.6782617293437947,-0.0861454377057427,-0.03534981079478497,-0.3673954729935228,0.374701411775383,0.7118557164879548,0.4486942664378619,-0.37135516051720113,0.1475935161631383,-0.2290556196401461,0.01913338637456567,-0.09936682741081211,-0.64069645873381,0.36260981470841225,0.03176220324600937,0.3794583719521488,0.23243495295628414,0.17963152688533898,0.008030477977539013,-0.027320102769449003,0.3512568118398096,-0.40476682977458767,0.1762026843021312,-0.04829752176009721,0.47463965791458096,0.4401728217636735,-0.36926990968423107,-0.28067647307256977,-0.004507414691468272,0.2549085305704538,-0.3633675071590885,0.18390334100477884,0.4218145902489436,-0.0050242080789351445,-0.2533335751857617,-0.08297134848921141,-0.09168541628704192,0.5048415411485454,0.42085994737268057,-0.41944691893327446,0.05318422019941241,0.047348988283728466,-0.03384448826458219,-0.1800631425322411,0.2030533222176538,0.11345861547012621,-0.6401731527721338,-0.3367697953190419,-0.1663589993566249,-0.4141991231681479,0.29990460365402777,0.21331442108489146,-0.1420433044626143,0.15222705941887021,-0.11270820042938885,-0.6141592351093552,0.22994030796136047,0.5518089447304579,0.46722588502345525,-0.12245114643247029,-0.04477018781151298,-0.31296376554254013,-0.2916647242980579,-0.30208094283764736,-0.6377892760100501,-0.6209375221827446,0.1406807276043974,-0.5224882943126444
feature_2,-0.013563202876124109,0.46413590699137613,1.0,-0.025971515101294716,-0.3260128207174338,0.26008671625698687,-0.13479656880437924,-0.39503835452271685,-0.11731953566016659,-0.3870767464186,0.5367963429462627,-0.36959134408053773,-0.2645463696598473,-0.09060106737725043,0.3675882596280416,-0.29598040666760617,0.15955790507326803,0.2228650976935252,0.18950161086560752,-0.3012332932096322,-0.0644172654147583,-0.2939354823401557,-0.3390823797594389,-0.409146297258219,0.3840278838159003,-0.04499057617197849,0.0003872915409422202,0.005692412437115108,-0.3112504356363882,0.3905781202074647,-0.045639246017895124,0.08256663713708955,-0.3887567577926519,0.15731632225069533,-0.06649990157348971,-0.4199400632863469,0.3613323136125496,0.5421255051509729,0.2316128348143138,-0.4866559941902989,-0.11500033747598952,-0.23343886494828459,-0.1854613529334571,-0.16239244679475554,-0.4300884387121814,0.33625581346693967,-0.028380238122086603,0.15560152468116387,-0.06252541904414032,0.21621954351290248,-0.008819465271958277,-0.06668978695446715,-0.06567730568453886,-0.03534327429373116,0.30233672936595046,0.1424869109184244,0.5391212186404972,0.4197263368464568,-0.5183754317103663,-0.32042630807937034,0.029303969880463045,0.12286709379301669,-0.1545536439351924,0.04564790719836958,0.11930777516382557,0.3568694182419187,0.11196855738585292,-0.18871796742566938,-0.087365553547793,0.24222637202838096,0.2713586469931366,-0.44318317803543894,-0.00444213324434548,0.3314200713939151,0.005962844512981079,-0.10268105317698992,-0.056053448464282965,0.43530647652187643,-0.2670591633347356,-0.24068941783015077,0.1242020700547045,-0.35492028591567126,0.42499804318533685,0.5787762022026234,0.033212611742119424,-0.25360916558973434,-0.25402211644730327,-0.3480589296511194,-0.06103440416351138,0.06421877114321316,0.21618025399898338,-0.022810250196441038,-0.2609213624321478,0.13494099271229465,-0.18619562701993211,-0.372294657180198,-0.5481701037890083,-0.2233905402212798,0.13851066492507225,-0.2649714794139512
feature_3,-0.002914221381243512,-0.3772609104277602,-0.025971515101294716,1.0,-0.23974786557602068,-0.08471232042992685,0.42207920788108416,0.2663875768234886,0.0570008100828732,0.5763529052979641,-0.26718599752610733,0.5009857079676454,-0.19860094583256785,0.07518960122402499,-0.49725127101511574,0.2228045217489571,-0.29669623092410374,-0.3312786874588311,-0.4939968097850607,0.28602792625477946,0.7034982129375278,0.2583534154880067,0.20502389073565516,-0.23556969200537758,-0.3150341640612793,-0.16152877357421735,-0.15997460017158413,0.6366785178926195,0.09825391995819853,-0.13305088509173835,-0.034404055887070135,-0.33512168402407944,0.40185074735489085,0.28550070105992964,0.3959097684469249,0.1531297374953251,0.0961947553532111,-0.41641980240284787,-0.29244395619748376,0.20346580197006656,-0.3559949765566657,-0.22108574146551613,-0.28715339578639176,0.27729101379146615,0.2487145423186451,0.07558646613539705,-0.5307665518950261,-0.6812234720750249,-0.5098855080546054,-0.08212993332532402,-0.05775146322684745,-0.2723919420795889,-0.34035605317659456,0.2107414408452496,0.1523498803470451,-0.025521492408317015,-0.12843732221318505,-0.2997002286057922,0.15219028420125633,0.20779783959115622,0.2862424490959576,-0.5754697111592634,0.03055761924840957,-0.41802664130921996,-0.5107594823974249,0.16357434524891892,0.13327665147309248,0.02172735449485484,-0.25718780164510946,-0.6043844276149803,-0.15925789236912877,0.2775003074409859,-0.060726409890669804,-0.16208490429077996,-0.3342689689771342,-0.12136943739272978,-0.4611171705555252,0.14618650501150574,0.3745503453220169,-0.28146797222246245,0.059611307134120384,0.4046709084476591,0.33026634023871865,-0.156417567907509,0.49906594822843775,-0.16863161038753652,0.11890845513300147,0.3721501992876277,-0.701086498996433,-0.5533125503817903,-0.30115002705650745,0.20538989231201416,-0.17828450024521222,0.4662896732928358,0.6632446055152028,0.44575051357462153,0.18669519812495206,0.609646652876946,0.09289794110997915,0.7314952116906057
feature_4,0.49939667457969544,-0.03150784100311336,-0.3260128207174338,-0.23974786557602068,1.0,-0.23654580911761325,-0.2401023262860709,0.2711464932221415,-0.2630732207635296,0.14169784177195832,-0.44342718370225104,-0.04692059800870752,0.2637973000857051,-0.349857897221612,-0.145641928618937,0.26843331577454765,0.2467033283920272,0.017630316253594788,0.10558580052719099,0.2246860587817891,-0.2898157741894104,-0.29053231109717276,-0.10638218053748931,0.7538858839373672,-0.019240410981010873,-0.1281046055258038,0.20985861412159193,0.04884295373840185,0.4085601397892419,-0.29157415082246635,-0.36408252012352665,0.14431681206279973,0.04090497187806842,-0.02981835846895779,-0.10046642370588618,0.08281666449409104,-0.4101126845083706,-0.21528833155167465,0.19807708716647943,0.4200332089302753,0.3790304387659806,0.03511145941920953,0.17687040999642434,0.3437313490857727,0.051318734627684263,0.07134281192741262,-0.1455563124031333,-0.07854660249433298,0.541482629848402,-0.07946562714266789,-0.2616458887502991,0.33537035549921146,0.374029768459101,-0.2801536533762393,-0.15540326316403072,-0.08537604193798304,-0.4281447226416977,-0.45213100021254155,0.4056799393667484,0.5198754208505384,-0.0528093601713999,0.20366668527217682,-0.17308799031778282,-0.23801888971103166,0.33845527981057766,-0.5513833280653909,0.018185153700897273,0.5998898837648339,-0.2719542159389095,0.01053626727129206,-0.11190809665931728,-0.09178936495021148,0.30976003282142234,0.118307126209075,0.04004643371283942,0.11950717294637755,0.208694560624367,-0.5105952671207112,-0.2060634306349426,0.005769488505111092,-0.07464619201086461,0.17696678081517178,-0.3408403298337708,-0.3883183404595608,-0.2851683114615326,0.0953433843040935,0.6810715277076894,0.13675766835627715,0.2623218060614003,0.13259184198507445,0.09196101857274797,0.28064414396626797,0.4812180222596167,-0.22832307400010932,0.004798241090864098,0.26456896840437166,0.3413560002112323,-0.12378443662190415,-0.08628108639936469,0.13332044824490943
feature_5,-0.06432063409936055,0.41774252057775046,0.26008671625698687,-0.08471232042992685,-0.23654580911761325,1.0,0.05492757726581373,-0.3467767699645242,-0.4471136969484335,-0.5927221613838254,0.5899894344185327,-0.32530216508910614,0.3571556723382391,-0.4946049005969557,0.6599351471076734,-0.6927764922801564,-0.07029190261144795,0.5969420727565838,0.5903463552446584,-0.2898312925544877,-0.37839162263240994,-0.5393892836199674,-0.40692866691565954,-0.182240406160519,0.6184841159914352,-0.02893020667103689,-0.4472459391123471,-0.1958490964233439,-0.7245739824668218,0.6472864480544261,0.13758819949820902,-0.39165257113773994,-0.7162137613227982,-0.22088861703737836,-0.2488122092993494,-0.3595672151299469,0.44591216665646527,0.74087923436088,0.39054012001752647,-0.3895711883341568,0.4784789086772584,0.08352806261705831,0.12084218837707715,0.2668424677938812,-0.6275071218389092,0.5572600789303186,0.2828161971960173,0.34397280825814064,0.01803215325350671,0.3407549033523144,0.3599639329895017,-0.2635714761285097,0.23593144650872827,-0.5930745825766086,0.5951499258102695,0.03476059379427243,0.5579447279921043,0.5734904958530004,-0.537650582282534,-0.6120419312319734,0.11902121816778098,0.14961362468014908,-0.3031196494816983,0.40255852299541667,0.193098725960296,0.4481022233407962,-0.2637513824191895,-0.43683767701718,0.2681242972312072,0.5649008795329393,0.736821296687526,-0.18772740429883272,-0.33528250998446757,0.14237210923392046,-0.3195400114202857,-0.0689700188461029,-0.0013979778448021578,0.241933804044445,-0.6246367340343669,-0.26001946226821415,-0.05688861885388065,-0.5004169001564669,0.5055584975753963,0.33772947419038496,0.027908169208899696,0.48970838983743115,-0.09789584662092388,-0.6200401850046114,0.10439887278029675,0.577514253853596,0.3065535548884303,-0.4153712173764852,-0.3720407661875021,-0.5563692393871996,-0.15462977033504902,-0.4909351288959742,-0.6655807503883686,-0.3242660716957625,0.0660707544686593,-0.32478127307145316
feature_6,-0.10429583104386936,-0.1285316401058468,-0.13479656880437924,0.42207920788108416,-0.2401023262860709,0.05492757726581373,1.0,0.438718168038188,0.21122104317333174,0.4303036289053041,-0.13009792454816488,0.452897803867665,0.03695515965169,0.2321452657205321,-0.3166421233235786,-0.0007776025941499323,-0.39321616314762053,-0.22243008037807685,-0.5021646342906556,0.570512274875909,0.6079239777194884,0.3146520892319089,0.2889318921295734,-0.36311494219200985,-0.29266170508831796,-0.044601603348748915,-0.41442018193046376,0.5838400048276821,-0.13452047936672795,0.10432729686028783,0.3359333727040971,-0.5036291554044201,0.36767654344218215,0.2780434170142126,0.5494596694186559,0.19292689000504934,0.37605324099223,-0.21688705620914311,-0.18170007750669986,-0.164139029934808,-0.3068044998601385,-0.057014975534738166,-0.5861032756856279,0.29196775507264316,0.20236764416751085,0.166241516822172,-0.21386948549261003,-0.3046287958561204,-0.4912351200985427,-0.06725637662109893,-0.1306218443961553,-0.45996168899304846,-0.09448576288725262,0.22209830552848722,-0.007530696722079198,-0.16896948040540902,-0.0026254770380711844,-0.002151062063024967,0.208116889921583,-0.06801066069234214,0.13873101507715155,-0.7740934254142756,0.3877774550994195,-0.2566269590347465,-0.5516817737105372,0.13515084918543502,0.16240455988116484,-0.04920741547417391,0.055849122863705254,-0.5734177133117356,-0.3207320526769033,0.23744675257835135,-0.3772241263832148,-0.5024185674601962,-0.5625666617053029,0.2188155410326376,-0.5164399941109002,0.13043006285408365,0.35294285495422284,-0.3672386854321372,0.12214929308956501,0.2520143164119499,0.37782025759600024,-0.2682786053120926,0.45343257095779516,0.20104710345228385,-0.10389354893141717,0.140060945103797,-0.6196551587415343,-0.39365870040008005,-0.4536004383200628,0.09720145921459457,-0.09387556337290234,0.1278890633764368,0.43780523314845193,0.5128678126111903,-0.025022255292013296,0.41641575215238286,0.3478023344403649,0.3324562525740576
feature_7,0.10774053424364094,-0.43704955910488236,-0.39503835452271685,0.2663875768234886,0.2711464932221415,-0.3467767699645242,0.438718168038188,1.0,0.19737580762987247,0.7078154926244316,-0.5887259516346208,0.681268933754374,0.13218786506619587,0.04761866207321182,-0.5598731756082944,0.501356592133481,0.03394423846717001,-0.28376899858850974,-0.41355268950776936,0.6369698287033464,0.5426010536325073,0.3376636643711532,0.3994865202212275,0.252857377178622,-0.4757506677322507,-0.1874574372243681,-0.1882392141201219,0.5873057412187176,0.33302238824190405,-0.3057671309262933,-0.018825187591804786,-0.21235902162536313,0.5810735109402397,0.5385033457077746,0.20594895468372293,0.30657628250705443,-0.20038400956320238,-0.5776061387996569,-0.20841200093795845,0.46433930248975824,-0.1998801373591939,-0.05173190456604073,-0.3147433773282813,0.40946041309893105,0.5365644333299007,-0.09095250790631282,-0.37175733151782714,-0.3811888018401333,-0.07446667589278663,-0.23321003076152147,-0.41151975555367226,0.022807043933066356,-0.0907176016538026,0.20177242100253365,-0.12369609772175542,-0.1483685694022884,-0.4066363808070556,-0.5026363181509607,0.451275678661842,0.4846561800290074,0.014750577597006485,-0.5031292398744374,0.30243426973109955,-0.35271072956540467,-0.4471055320949467,-0.163507188749269,0.5444052982097457,0.35189762804762836,-0.2171356926582914,-0.6251182532826018,-0.5581046992612134,0.34366229118962893,-0.10626475392863598,-0.20895263713580556,-0.35771505458905506,0.2571796453093567,-0.19836190911866844,-0.09717713329126627,0.500299894683652,-0.2211378300938317,0.25995687916900634,0.6028069932095742,-0.12405816754176018,-0.3892285711978334,0.3157232157167392,0.2270701085744585,0.32281188450544834,0.4429405626121148,-0.49000702527793843,-0.5715015674584412,-0.5612784585269991,0.34655219661675535,0.27047550238936613,0.1340597905149845,0.5651631255629066,0.6298316424558131,0.466848377781101,0.45935011779286267,0.2204736275875459,0.5021873402050943
feature_8,-0.5862136477749254,-0.5045481249107319,-0.11731953566016659,0.0570008100828732,-0.2630732207635296,-0.4471136969484335,0.21122104317333174,0.19737580762987247,1.0,0.37759553592411293,-0.256840099096815,0.5056744082259649,-0.5806936527274058,0.7224837293669505,-0.40116928221811127,0.5607709962370704,0.004608558263399746,-0.3912194566143471,-0.4240836430663744,-0.01285242416737479,0.33145429911445146,0.7867915456296052,0.7596889267406699,-0.2652439557490008,-0.5478718720842293,0.4407693034491774,0.2870574170874167,0.015859747290924132,0.16616557488870126,-0.3335951563899648,0.6053879196318072,0.004997925230334567,0.6782048064601061,0.07337640590856724,0.11152332743713013,0.5618082601037788,-0.22950175617536636,-0.4852328895367571,-0.3910213488353962,-0.10175865476369297,-0.3351880438780408,0.5039900001215413,-0.11439175138783009,-0.4621555278339343,0.6847553823715189,-0.5792387986988606,0.20067149468097584,-0.16261344990343912,-0.5191152450183275,-0.405703028477754,-0.015989051362837153,-0.07433409983181045,-0.5777663921980949,0.6711332609199806,-0.4460089152656427,0.2417082859711023,-0.08364595350059358,-0.16710558507673476,0.2450111056961202,-0.08644308464342731,-0.1627122821233732,-0.11422136912546174,0.6778992382759952,-0.003563774881217519,-0.4910426834933478,0.06758290137517424,0.23645991161038737,-0.19369378826590528,0.3987854683488585,-0.3412326741536962,-0.4345405405206331,0.34869496796382904,-0.3332020361268766,-0.12605913483160522,0.2674119483714282,-0.01939569113177456,0.015109297777021363,0.26653345551097557,0.7642107569031277,0.5040814860814992,0.2732918272571353,0.11303655718758292,-0.3543288663528557,-0.036777207646243176,0.2493585233451889,-0.29952571001354206,-0.46493407965994915,0.5760555868331421,-0.1440826112606299,-0.5636688058295196,-0.38483583644371794,0.06046623892089596,0.2072306696025232,0.49578031501863734,-0.10963979038856536,0.15590420502839802,0.302459812531396,0.35735150449589953,0.2040781080410118,-0.0002189397162462031
feature_9,-0.05364881275997682,-0.6186589443464131,-0.3870767464186,0.5763529052979641,0.14169784177195832,-0.5927221613838254,0.4303036289053041,0.7078154926244316,0.37759553592411293,1.0,-0.7105502663637159,0.7625124883970559,-0.17799511484115266,0.25048214269145064,-0.8315001164064756,0.6714209912206573,-0.20274535627498694,-0.6082465634397406,-0.6791794593594013,0.5925177046994935,0.7444818077324104,0.6046599719160182,0.559935465095635,0.14300400011413783,-0.7215268502008791,-0.03624503189803357,0.0486144598596962,0.6784370774907832,0.464280811655649,-0.5745655958884448,0.07568915560811851,-0.16417591812206817,0.8268985975639237,0.41786591276751317,0.4731054931096271,0.4858394505781418,-0.29502300503405804,-0.83321098543078,-0.40291948935816085,0.5113064645126348,-0.44482467703242273,-0.014663710382023486,-0.3521301455280445,0.2369381022175544,0.7529254085031857,-0.30029880146565385,-0.5626778101679308,-0.6769575426334306,-0.3486285245267575,-0.4399194135368953,-0.42809263045802076,0.07348303032076792,-0.34946789385697824,0.4287142863766361,-0.36107558486954183,-0.01933989401948147,-0.515306578602089,-0.7174185465020645,0.6470290801282551,0.5713299221886051,-0.048607444955086586,-0.5962975092324069,0.3889085044022829,-0.5970695744641975,-0.532638638851223,-0.193628595667672,0.4317226938354401,0.32222479987656844,-0.27558778378969523,-0.8338114183468766,-0.6573828293777335,0.517167752323166,-0.08244126020546261,-0.3152207076742593,-0.2208415577914189,0.031213517744877305,-0.23585699058779078,-0.09231098580932157,0.7435193258722836,-0.020272183316103795,0.18460860172029525,0.6933358709426671,-0.17381135007771092,-0.5039517145951624,0.4055842721670692,-0.09245049796439615,0.28833092190526965,0.7200641090421622,-0.6531439993920076,-0.7754080973277983,-0.6010024407584695,0.43240051296296694,0.2421413023986492,0.5500140432564289,0.6975255826689378,0.7308456824812385,0.5561593234739838,0.6564176111827539,0.2253912215957659,0.6985685197367958
feature_10,-0.16416061083351505,0.5892598803322092,0.5367963429462627,-0.26718599752610733,-0.44342718370225104,0.5899894344185327,-0.13009792454816488,-0.5887259516346208,-0.256840099096815,-0.7105502663637159,1.0,-0.6082166250646409,0.07337795506187585,-0.15907258454563697,0.7965956213226626,-0.7485533108341812,-0.04615609371117906,0.5046024547343112,0.4130234040274718,-0.5117231996280971,-0.2624456238872214,-0.40716433540047614,-0.4140820531170386,-0.49627544613117874,0.6182385506746277,-0.0715531444192494,-0.22174585587988108,-0.284158205759343,-0.7340333631516784,0.6560300838321471,0.1409136081062816,0.16506539931582576,-0.6796834240676205,-0.032933315572994455,-0.2931095859480202,-0.5648054643800428,0.5996763438625995,0.80653469875591,0.41801359055718956,-0.6761999668909637,0.04663009343970947,-0.06988000837780439,0.08291136125379,-0.13700165996704394,-0.6552603961043708,0.45634186117751463,0.3531968831688094,0.5669087998850044,0.02802624775860808,0.2849518437980249,0.32631870397793467,-0.18296808647064228,0.19719088029685441,-0.314444142790029,0.3332172581460868,0.3031296211390667,0.7569143600360908,0.7696937210277348,-0.7848265989151251,-0.5717555770654573,0.1334606781642187,0.26513677378589595,-0.28027572909713766,0.2695095239916471,0.1489728414077558,0.6069512026900423,-0.13295409096413507,-0.5538209061152699,0.2015479600747209,0.5356879293149693,0.5466163795447906,-0.47290029115778,-0.23097829633137593,0.02166566057535739,-0.1895577782793146,-0.1864326386718742,-0.036022467668940766,0.5178024704317609,-0.5159237523220807,-0.153291526575153,0.14360825614369127,-0.5467089620043022,0.38570168820071277,0.5965151319932287,-0.1985051273229705,0.03965631160235325,-0.4787335324496525,-0.706050837579083,0.12057293225816554,0.4804269248992224,0.25866164260255453,-0.32291379091643563,-0.3547313307962031,-0.23841048861905015,-0.2802947292408282,-0.6931430083782804,-0.793519621100438,-0.4179626040357432,0.06456918217731031,-0.6485889926824563
feature_11,-0.28967328342609616,-0.6585532260282223,-0.36959134408053773,0.5009857079676454,-0.04692059800870752,-0.32530216508910614,0.452897803867665,0.681268933754374,0.5056744082259649,0.7625124883970559,-0.6082166250646409,1.0,-0.1905372954355493,0.2932040177995125,-0.6847602927969259,0.6234079247743883,-0.10586531726060934,-0.4627983779781065,-0.4542799628708911,0.4320426085160948,0.5949908710419557,0.6496872083619089,0.6418524591491247,0.05166659642802235,-0.6414679183610906,0.13457537057001362,-0.005432267702100263,0.4997395946610715,0.227126482941714,-0.45427875537716844,0.28894431759393824,-0.3407296677582576,0.7356904165948569,0.3478726828924686,0.26966282389465485,0.5816055868807843,-0.3029207478913036,-0.6693107947965073,-0.3998031558124343,0.3831550539584058,-0.2701599052557892,0.2235583722625753,-0.2545774775503734,0.12025127715489274,0.762312678671137,-0.32985958584058583,-0.31667727229740633,-0.5376313698691495,-0.4855836875202319,-0.41591091187770796,-0.21637395646002477,-0.027386287271913584,-0.5284081097913711,0.44056013061915705,-0.21874416612947736,8.484653520743202e-05,-0.30830562553488267,-0.5323532024402534,0.5050982204822622,0.23697370334673934,-0.07198846708892732,-0.4643941965294653,0.5171052010775514,-0.27827798633214035,-0.5784289981992806,-0.030551233119604154,0.3527806415630478,0.08236609460418777,0.024369869752061773,-0.610807524286409,-0.48029881806858404,0.5808645321583649,-0.3359760281030024,-0.1777253904940486,-0.16591885325350028,-0.0065944345438819635,-0.15622578999213996,0.08487953560063934,0.7473829838794608,0.06771837369450659,0.23567696576095762,0.48756240272545875,-0.117822661443357,-0.2990305757807813,0.5335315535275335,0.12069611955275716,0.10295362073048492,0.6594684754960977,-0.5410059332553808,-0.6908144177664675,-0.5618714978110787,0.18972782776853522,0.13004041773072897,0.4276867992286811,0.48431772002975965,0.5458026982843597,0.44885151374918286,0.6071785189509972,0.30100601770577634,0.5458549203520787
feature_12,0.39035296315171975,0.1623723850383712,-0.2645463696598473,-0.19860094583256785,0.2637973000857051,0.3571556723382391,0.03695515965169,0.13218786506619587,-0.5806936527274058,-0.17799511484115266,0.07337795506187585,-0.1905372954355493,1.0,-0.5684716044957842,0.33516806453768394,-0.3875368114670976,0.03289689939702418,0.3937622642442416,0.39764924858596223,0.2913492171678083,-0.21381782929108917,-0.47336079322935065,-0.2990248078810512,0.28264192652181186,0.3692009107872399,-0.358477873170976,-0.43803757801729615,-0.043242033524436695,-0.15350950814294323,0.3161895380178382,-0.2977099885043742,-0.06468926124398455,-0.4313927863895273,0.04233254154401855,-0.1551741491451433,-0.375546120257218,0.22605254476767603,0.23944977130135822,0.37611358925260885,0.21994110352955706,0.28185993002920023,-0.23968169804488654,0.03109841213352824,0.5315059693315336,-0.32192257028911986,0.4082402714858171,-0.0063919093481011125,0.32281866429225553,0.5174791212002401,0.2589143929090913,0.04877312157557353,0.053001984353333365,0.5769080763772926,-0.5540374511534978,0.27400787035914603,-0.19418561578345037,-0.08340532457622517,0.10054956909025588,-0.008101294447956769,-0.007358089381470207,0.018298831197855463,-0.06401665403291769,-0.3344953503397076,0.08239296302149714,0.2931444691907866,0.014136205054230586,-0.03107272581986628,0.1442352493263962,-0.20931887715807887,0.140449224164048,0.15138194373984304,-0.10941974036689728,-0.012293201986548185,-0.05314210993103485,-0.45173526848244794,0.343236957533613,-0.11631088174926144,-0.3007888345685296,-0.4583823820361327,-0.2068976841298325,-0.03790692453749865,-0.009237728673277948,0.16986455007606385,-0.1277894032424787,-0.31329025237171554,0.5510280460993221,0.4208365078812606,-0.3784337439296693,0.0802640373084307,0.4692835931216183,0.12101076522649125,-0.04413601684136796,-0.21625599236000848,-0.5998838509996709,0.12903172436374408,-0.054598545646589704,-0.08905855376271378,-0.1319892249501963,-0.1563244372201487,-0.034569821329762926
feature_13,-0.39436589428040403,-0.3608593278901201,-0.09060106737725043,0.07518960122402499,-0.349857897221612,-0.4946049005969557,0.2321452657205321,0.04761866207321182,0.7224837293669505,0.25048214269145064,-0.15907258454563697,0.2932040177995125,-0.5684716044957842,1.0,-0.3988793321703929,0.3624900841752865,-0.06273044388832887,-0.3970808848106762,-0.5244374543401961,0.022260872126935453,0.37531501254423594,0.7304143084360406,0.4988793211924887,-0.4582483454662577,-0.48475130852444254,0.22995999401481723,0.18584685118703262,-0.054533606969249755,0.2753823246267554,-0.25337187598117794,0.32570977145663504,0.14509425140924748,0.6094309569725451,-0.014740894747693986,0.19495045769241692,0.36217018931483147,-0.11891666006659593,-0.43634565415807164,-0.5873653138547118,-0.20955953786960552,-0.4931159869688018,0.140740648902497,-0.1484647873448372,-0.565998458804986,0.45948889329169745,-0.5563926254943851,0.21102240518223914,-0.09303660299840011,-0.4685601947301071,-0.09817729167718398,0.058426517169002094,-0.24270184886615323,-0.477151636574347,0.7668435248532731,-0.37214679100583103,-0.07190121490931459,-0.15992481320123692,0.018416651750464048,0.09383077344293779,-0.03154992674946837,0.04966149138098522,-0.21835904384596636,0.5507084995773825,0.07648005799318817,-0.454747391232157,-0.04803250339890928,0.03010165848819289,-0.16488456283514552,0.29807699149564254,-0.37848657177490985,-0.5198335645953197,0.17996300377885846,0.016333874835703314,-0.2818596978684624,0.3411854405264528,0.11970271624160295,-0.13566180349547335,0.11339059038727567,0.669588371437541,0.31683557308058746,-0.014366401741593047,0.19146700241011294,-0.29481989233658074,0.014667182467144312,0.18282397789818383,-0.4705920789267788,-0.6004107396214189,0.3883803014540928,-0.038966024433218956,-0.523517336642681,-0.28852493514004807,-0.05384366837831014,0.06577063433355135,0.4457809605914764,-0.15300927712231824,0.1944112744451808,0.33766599167577604,0.2962832392055543,-0.01632370077873943,0.01908910290657822
feature_14,0.04051170911617186,0.5276730647118671,0.3675882596280416,-0.49725127101511574,-0.145641928618937,0.6599351471076734,-0.3166421233235786,-0.5598731756082944,-0.40116928221811127,-0.8315001164064756,0.7965956213226626,-0.6847602927969259,0.33516806453768394,-0.3988793321703929,1.0,-0.7220203621388488,0.2330580705141379,0.7150516264334762,0.6980064930557848,-0.486547225540015,-0.5812673728877716,-0.633778077000597,-0.4533336901164123,-0.14446501344843662,0.8139708111745101,-0.1363665224273716,-0.24677179448315964,-0.5052381306922539,-0.6229418434931357,0.683200492845894,-0.0175888926226008,0.16728034491932944,-0.8306717222541569,-0.21587000470880227,-0.5220902791089151,-0.6217378604584125,0.4467788357815321,0.8456524055154303,0.5461843051344183,-0.504853881090822,0.3886290790605022,0.0034156654896359017,0.26861505157818455,0.018448943284714494,-0.7375680213346704,0.5111770921798989,0.5325395310232649,0.6901721228659727,0.34945843858542963,0.41610474558344296,0.37350571463313137,-0.052326304582529695,0.43212765487748545,-0.5318932390048701,0.40501105890241695,0.23670730773418988,0.5863399044669815,0.7380106437388089,-0.6764164578126222,-0.5374407958943622,0.08272104309750605,0.4711077977979505,-0.4219828498986152,0.40543926366287164,0.3837910662036698,0.46653079238768763,-0.18733987477420416,-0.4092724293119452,0.25435717124349505,0.7307985470757028,0.6499886293786398,-0.5125132723354522,-0.12482285889647378,0.22610106848386233,-0.11873759881781352,0.007825523812717547,0.0803548281895562,0.2503958708296113,-0.7168398835942987,-0.051093890457939536,0.06684308219633883,-0.6232260840588711,0.27979630513759657,0.5379852436757137,-0.4304136123286579,0.21204399308331415,-0.20483436470974162,-0.7644350138282361,0.4232682677552871,0.7146867110704015,0.361517180953107,-0.32995845720019684,-0.31504244799697195,-0.5470091635290454,-0.4544966893872087,-0.7816439247183704,-0.6515160373011776,-0.5238620867395646,-0.14856808864937185,-0.6961398130769477
feature_15,-0.07537113960055959,-0.6150605609493035,-0.29598040666760617,0.2228045217489571,0.26843331577454765,-0.6927764922801564,-0.0007776025941499323,0.501356592133481,0.5607709962370704,0.6714209912206573,-0.7485533108341812,0.6234079247743883,-0.3875368114670976,0.3624900841752865,-0.7220203621388488,1.0,0.21692180932185692,-0.540230163793926,-0.4464000609483145,0.2396665266686916,0.32935371963261056,0.5903302367277136,0.632715124100376,0.28858117083027024,-0.6137188490859364,0.1756979689706275,0.42492580685379766,0.24468540131475117,0.62556710155842,-0.6164666717474954,0.041418705550093145,0.025663045517513427,0.7652755121334898,0.22561305973986534,0.0926960674229445,0.5726152472928954,-0.5667365427798143,-0.7776675545859982,-0.32879052550900484,0.49129051676949176,-0.2052819654732856,0.23225885961135947,-0.07586011073984818,-0.11621091083060571,0.7647710122246053,-0.5551485059253065,-0.23104368637969339,-0.448492581502005,-0.15765077775474692,-0.3930082327476757,-0.3007800885452622,0.21320907607117628,-0.4304962210593703,0.567177029015415,-0.41539678128663854,0.03399684671055855,-0.4999813849658691,-0.6822576518761273,0.5773567705269009,0.45492293840599396,-0.15946572464510547,-0.10890879448618751,0.4102961949136322,-0.2626672964026774,-0.3020058090877839,-0.39695405219083385,0.32289043811618395,0.4073680723363394,-0.14673993627787657,-0.5125186176236399,-0.6133583531084262,0.3482557617638898,0.050751194569998256,0.06515597011157848,0.26870263017935075,0.06755962576644986,0.040120281662076915,-0.16665130547334403,0.6895789049995067,0.35992204721953713,0.15942199741192928,0.4009660493129507,-0.4634731474202846,-0.29034450172558474,0.18647314392271225,-0.24236185882791617,0.2121975054655421,0.8163535638880218,-0.16765930563066092,-0.6765133913902438,-0.3560085234427524,0.32308844441984763,0.4058023717513517,0.5271249999011108,0.1453050663284525,0.4923368188142483,0.7054619327673107,0.48009670643367375,0.08242858966364966,0.4387810138299561
feature_16,0.27028886997604085,-0.13887802141394562,0.15955790507326803,-0.29669623092410374,0.2467033283920272,-0.07029190261144795,-0.39321616314762053,0.03394423846717001,0.004608558263399746,-0.20274535627498694,-0.04615609371117906,-0.10586531726060934,0.03289689939702418,-0.06273044388832887,0.2330580705141379,0.21692180932185692,1.0,0.397986469479948,0.3318145399571566,-0.09812236654717758,-0.22832307322795317,-0.21282442334743426,0.0694003793732062,0.1987580570599668,0.36409516205818615,-0.324207802103968,0.017458509706763034,-0.24674947872549718,0.19346324785669627,0.21849808076292673,-0.3426219950726334,0.25933616886075067,-0.11336872453292622,0.11155117299542003,-0.559059354403437,-0.28778646625553045,-0.08601169688751222,0.06466490955756893,0.13853168642507332,0.035209807113579995,0.20033254060713723,-0.07201164970982259,0.17635377265946134,0.01960119292328666,-0.11045313237788128,0.0430624558075608,0.34827797803752814,0.2533089490154726,0.4137835515531039,0.3709900467617516,0.03980633121014153,0.06570990576747848,0.14506435816017973,0.05325678911467027,0.2813587379533842,0.028487180547677675,-0.0244134087776764,0.17174110953950314,-0.24922927493729474,0.05091575885813457,0.059996406485704694,0.32458804977187405,-0.08079761282310931,0.19975152722141862,0.13132555510125776,0.0026315587238865835,0.27961781180330525,0.1606289086479745,-0.03166834194554443,0.18461964851927923,-0.07203417751374662,-0.3760105797228561,0.25705316703542447,0.50839091282205,0.18137105054743083,0.408019964774424,-0.06646729814745564,-0.023602671570784696,-0.10076569037655493,0.12511807675514905,0.21530949346630815,-0.1416222355608275,-0.1230789237156116,0.43132158248738084,-0.3430190927790999,-0.15583298913331273,0.14214242116399758,-0.034927639655393534,0.30624461937228475,-0.009570709966615734,-0.03905106995015506,-0.041560272531279356,-0.11476655526332283,-0.08879362529700287,-0.3676120380414449,-0.3023757241178855,0.21479766544068277,0.07150301986514074,-0.31641627712220555,-0.12849421044366138
feature_17,0.14321882960716492,0.24575061525569603,0.2228650976935252,-0.3312786874588311,0.017630316253594788,0.5969420727565838,-0.22243008037807685,-0.28376899858850974,-0.3912194566143471,-0.6082465634397406,0.5046024547343112,-0.4627983779781065,0.3937622642442416,-0.3970808848106762,0.7150516264334762,-0.540230163793926,0.397986469479948,1.0,0.6268537672634955,-0.24076584528657816,-0.42088536047714836,-0.613863473814703,-0.376117309003861,-0.010778107196361093,0.6562664409241508,-0.29727024700363874,-0.472153237800564,-0.37271734823891906,-0.3905501741169597,0.6077875535236292,-0.0965678546674026,-0.045586039571549636,-0.6376632817436767,-0.15980464882194934,-0.48402667442320485,-0.5086416611803691,0.28978802381081514,0.5977648085220063,0.3377433892285813,-0.3218544665647744,0.484246162604745,-0.01794273375317773,0.21335870383886646,0.26802098248519757,-0.6432282622976503,0.5029521006815043,0.45023348930172,0.47526256296323666,0.3443846621356441,0.5944808675455957,0.27803667125681,-0.11758992742019513,0.44306737740366386,-0.5608735866209015,0.6277025007994316,-0.0071741443438292215,0.2908443673053024,0.5304561177759812,-0.5773624749466069,-0.3654671734935936,0.14191222995123642,0.2975668138443518,-0.3139600985832252,0.41034335531901905,0.2747789179618125,0.3614295550893671,0.03859404209060277,-0.26175638473840457,0.2332313341198006,0.5568403673141415,0.5620115103224546,-0.3636563946232348,0.03519799225289951,0.2792492154219024,-0.1768660059542776,0.25070389087686645,-0.00017603151461628516,0.09268450435141448,-0.573058998629573,-0.1538392878767445,0.069561494165417,-0.36968382206755146,0.2520041877498651,0.4601791655295938,-0.2995942181870569,0.21033362960280275,0.023085970355524545,-0.6097485460564073,0.30462640633096494,0.5365621445773016,0.2709100416428452,-0.2642220576243926,-0.28513277165730505,-0.634194386427358,-0.280018994344442,-0.5534520171647639,-0.3952206470693227,-0.27743514785698475,-0.25326434498857525,-0.3614941691663834
feature_18,0.03262960809612596,0.31098370077520787,0.18950161086560752,-0.4939968097850607,0.10558580052719099,0.5903463552446584,-0.5021646342906556,-0.41355268950776936,-0.4240836430663744,-0.6791794593594013,0.4130234040274718,-0.4542799628708911,0.39764924858596223,-0.5244374543401961,0.6980064930557848,-0.4464000609483145,0.3318145399571566,0.6268537672634955,1.0,-0.4656044451719991,-0.7564361028265065,-0.5874704499917187,-0.4135439516944024,0.23655294916994876,0.6347765894092106,0.02825346699629288,-0.08964319961891178,-0.6054995160755652,-0.38581861260719014,0.3794039696488137,-0.10560487983110552,0.09382343367231542,-0.7643827673737961,-0.3275888027875803,-0.6224655713116338,-0.4052422455641136,-0.02900174152793556,0.6382285152655855,0.4155966735484195,-0.1069511530785423,0.6010017673775362,0.14888969676561403,0.46109407452866236,0.06413566589381531,-0.4975760126269175,0.32594254040266235,0.393576594266782,0.5897780935476423,0.4842543027704809,0.2741882259136956,0.35176750339204405,0.23554284349809074,0.2891051549653761,-0.5872166668512517,0.36242962456139266,0.14024660811152093,0.32709619993136024,0.38831852544349243,-0.39980057143786496,-0.3487479836100256,-0.07979004435687001,0.6037797391809431,-0.35700542269007995,0.48710625985024886,0.6350506946036661,0.18434696273568935,-0.24109352939621992,-0.22599583365558723,0.20583086592642166,0.7954713140456803,0.627800580671108,-0.28634690593656087,-0.04202942175838736,0.460381580874579,0.09308671101857234,-0.00025720383220100056,0.3495585297545928,0.031164513036300433,-0.6661803114001634,0.16023112163823908,0.0008172560917430213,-0.5359338540956466,0.037060777244658095,0.3731695243807463,-0.41727299831439857,0.3732328652978311,0.0697167230851942,-0.5375278038724413,0.5709212079347489,0.743833771307186,0.4164991302437198,-0.36172985731609014,-0.2374702449085009,-0.5945964356182472,-0.47147760040696485,-0.7113368837246696,-0.3952980352802321,-0.5607964085326247,-0.16758707592561733,-0.5055561202248064
