,feature_0,feature_1,feature_2,feature_3,feature_4,feature_5,feature_6,feature_7,feature_8,feature_9,feature_10,feature_11,feature_12,feature_13,feature_14,feature_15,feature_16,feature_17,feature_18,feature_19,feature_20,feature_21,feature_22,feature_23,feature_24,feature_25,feature_26,feature_27,feature_28,feature_29,feature_30,feature_31,feature_32,feature_33,feature_34,feature_35,feature_36,feature_37,feature_38,feature_39,feature_40,feature_41,feature_42,feature_43,feature_44,feature_45,feature_46,feature_47,feature_48,feature_49,feature_50,feature_51,feature_52,feature_53,feature_54,feature_55,feature_56,feature_57,feature_58,feature_59,feature_60,feature_61,feature_62,feature_63,feature_64,feature_65,feature_66,feature_67,feature_68,feature_69,feature_70,feature_71,feature_72,feature_73,feature_74,feature_75,feature_76,feature_77,feature_78,feature_79,feature_80,feature_81,feature_82,feature_83,feature_84,feature_85,feature_86,feature_87,feature_88,feature_89,feature_90,feature_91,feature_92,feature_93,feature_94,feature_95,feature_96,feature_97,feature_98,feature_99
feature_0,1.0,-0.3368318610370326,-0.2430787001255428,-0.28515673484812337,-0.10889732761350622,-0.17532280827694063,-0.10346707321681556,0.5077165455382443,-0.15871883792831382,0.5708031144865411,0.28007393863103497,0.017140638048480063,0.006011703945011155,-0.3741916244687634,-0.16441173721680946,-0.48594378622388634,-0.5861436598792058,0.1234505026044237,0.2078458733977367,-0.027352670952900622,0.16668558702615158,-0.25564880781610055,0.2960872013551598,-0.6077737611931638,-0.4630793996397433,0.2666770868048589,-0.26910184690336225,-0.15240527650364077,0.5981899568767107,-0.41550870672087165,0.2177488957182406,-0.38865850456877643,0.22136440632373736,-0.09884393355256807,0.3971534091232416,-0.3573123657503224,-0.011415914225982595,-0.46106483983440344,-0.25433660859629886,-0.3477688382340389,0.28469733133825015,-0.23523713110316152,-0.5009496217824366,0.3949606211444929,0.13019783995556986,0.5770121506918524,-0.8002364995262148,0.41494353590666705,0.31885344966941637,0.16011825561691195,-0.45092629893396624,-0.28599910329055717,-0.13857368580662852,-0.1371569841637834,-0.42668510534881243,0.41727454153207927,-0.0020606238184220247,0.0942915957877995,-0.06715970883256894,0.3417742395467247,0.25179432746114133,-0.376521383114927,-0.38945326170081007,0.20721862194778998,0.4220817073274013,0.14591225142167805,0.4036397652973731,0.152442403953133,-0.042166524211947436,0.030729276370270675,-0.148099464340928,-0.6523776872971969,0.351909761931314,-0.48399088930601,-0.43835756244996565,-0.3079678114383855,0.07472470310358087,0.1742216212289762,-0.11264350026935951,0.33209028181550543,-0.017832569243720203,-0.45985538332050024,0.47839081908028064,-0.26196389649226315,-0.036289752257520486,-0.4135990941646971,0.12159987930298297,-0.029562651415171698,-0.4766895963111117,-0.21670949106651333,-0.2180855779005341,-0.3393081142150309,0.1926040483247569,0.5752417558365922,-0.45765791039013837,0.3045719695327794,-0.17315244313261763,-0.07381837393623727,0.09321210917551219,-0.025622173927598052
feature_1,-0.3368318610370326,1.0,0.5845910358321316,-0.4237124525661712,-0.1330412263495799,-0.4977643049576532,-0.15590325013416373,-0.5463267575568088,0.03774698950978832,-0.48675618338787724,0.3050333007947135,0.16597936619231007,-0.2559346653979448,0.34867950440032514,0.3620672185870695,0.5140166231026774,0.023120394664545123,-0.4153624409157617,-0.03512878850320202,-0.3194153134127689,-0.2774057137163536,0.18661427501793582,-0.1645900155784329,0.023976957925154162,0.03850880526439875,-0.12594884989397656,-0.19718526174505482,0.17848398167838908,-0.17575418618042485,0.2924570746701652,0.1802206540774032,0.12267998448602133,0.056830047625676255,0.021984290207236558,-0.290343185632287,0.011449138742433277,-0.1317652522463465,0.1087984738854164,0.02971369812820553,-0.03766175618628262,0.504390016265341,-0.0690466826652221,-0.09753094820759488,-0.43797012385140377,-0.4742019970370032,-0.011283399533653034,0.08044626656038482,0.06146041446140838,-0.22114913308118883,-0.1777076435122834,-0.005333672080437432,0.21195294432692857,0.04848523916437627,0.47532811802547037,0.07203710381799072,-0.21765818813892648,-0.27849029922260404,-0.5572454246666498,0.2824717807406639,0.34931048705704787,0.3983588680665415,-0.00972832439259091,-0.43847275241618067,0.11886832098310658,-0.20566299501284235,-0.1875803034865499,-0.7029377085321953,-0.04232243928840141,-0.07592091200260874,-0.4192184875204211,0.13581005245668235,0.555660123034325,-0.1122364911278714,0.14871963456036488,0.18300591155151133,-0.09794414744069242,0.6315449342695504,-0.015749205321983695,0.45576429969185633,0.35398944129759613,-0.22634578264166838,0.2546434642292668,0.31248294484188754,0.18650176485651543,0.11172847733272469,-0.29250676345947635,0.24086078451640713,-0.5150542386042426,0.08433059145077175,0.06577832415795046,-0.3867906616291897,-0.08872561604872686,0.12834326954426886,0.21423895322998832,0.4060464236832841,0.44865407734570706,-0.20256573237501838,0.5132624964950978,0.17881832502137912,0.3277385519938746
feature_2,-0.2430787001255428,0.5845910358321316,1.0,-0.17294412316362187,0.256707227390185,-0.07031719913813793,0.2681756692761584,-0.30626237688029356,0.17395220354471888,-0.17857873058429471,-0.034741706331496515,-0.10046716443878294,0.12264582460160844,0.5318190280899682,0.5626593746221097,0.36606905633170417,-0.12574914081101013,-0.23187167314605525,-0.031798546588464614,-0.2542984971266762,0.11101620356514859,0.26220830860434785,0.07716328983699282,0.011039489067665461,-0.11770577714750893,-0.2575597612038332,0.18180036183895387,-0.17727133656496719,0.1540828627885056,0.2641390334313388,0.24220888613301364,0.5717522042188952,0.20384501274359787,0.3425291533607288,0.016680665278200793,-0.025201588628484123,-0.3133053394639328,0.19060834448422403,-0.1328371491852592,-0.28167641100978874,0.2235343303044622,0.25603740323948343,0.05681215415689302,-0.5583186871542088,-0.18313454336426954,-0.35556078901455956,-0.10226615241316744,-0.10095767165011277,-0.26415582855131486,-0.11600223064398943,-0.02824760526348141,0.019579278759186667,0.2264245804028946,0.32058918792506064,0.300578204381938,-0.4272714666619811,-0.44585711857943994,-0.3442945571581094,0.20802087450544973,0.19429514120668678,0.15208770997861654,0.07046134450311693,-0.48177458359410924,-0.17826777106748334,-0.036871392452833184,0.3387924179681557,-0.40345949297501016,-0.12478720532214972,-0.3222610853926158,-0.6373842190798943,-0.14247932984694278,0.10647035549858504,-0.16930973346871583,0.32321825450118,0.21841865225915352,0.22767018710076134,0.4021498161322564,-0.0043145215856782585,0.19319195821824212,0.2626322348963946,-0.19112315531801694,0.44610122475206676,0.2708348467396765,0.3167711127827998,-0.137247207662555,-0.1024705875363712,0.20056943439335687,-0.5887322212067854,-0.1152692511825268,0.2609822236529819,-0.18709400676811522,-0.2650440725966395,0.11970414851435673,0.08763271734955418,0.5412714737108644,0.21176192108190833,-0.4015518547219901,0.16522951379822054,-0.08388090050755588,0.34688834092730725
feature_3,-0.28515673484812337,-0.4237124525661712,-0.17294412316362187,1.0,0.04944106733324258,0.47211398065138943,0.07091930654345424,0.005845491472638423,0.25710176065270596,-0.026053736761046553,-0.2976744582964343,-0.3474222129664029,0.0778904769939791,-0.260066300720207,-0.04273511716709301,-0.3519727309762902,0.23370968959260155,0.4850845361361057,-0.3790940744462014,0.39957904267395844,0.38484857759811747,0.13664143662794087,-0.3207821182431887,0.3120047312122474,0.5410405378805018,-0.05993249739825335,0.45784804782155974,-0.11904426987821964,-0.2951668271462968,-0.09481541968391517,-0.17120264095746263,0.2117669050891669,-0.2150894356977073,0.1089374150256957,-0.10982137636676596,0.15022393871215933,0.21490350590326654,-0.24536060312009492,0.07699526725808545,0.33380853711801856,-0.4740441009789823,0.39710284544267854,0.0517549281670229,-0.09718269514567042,0.3724480415239018,-0.3942069190320706,0.5449431048741832,-0.2008239060869284,0.004182920433246792,0.43043999819925716,0.26200084950870633,-0.06350849366593711,-0.26531851159819814,-0.28135584716999845,0.024995387793411476,-0.15173651528670676,0.4276884646051605,0.5104632154353367,-0.5515481075023637,-0.43663411835355886,-0.6145626424411376,0.26585682363731594,0.6110312106301501,-0.44499934595987845,-0.279294700877255,-0.20583701269456695,0.4550296021087405,-0.02067583702008013,-0.06834764070127108,0.46612185983679205,-0.10565091125726764,-0.061310839971187414,0.23608898069263154,0.20950211738173483,0.3182880276850583,0.19925400347257985,-0.45953657907824436,-0.074061378730075,-0.32575802851690694,-0.8388686497761035,0.4894088255806056,0.020846656434363932,-0.4446730852008318,0.2050717112991753,-0.5213458315652804,0.6062820216943602,-0.16313660527677462,0.1811128793583138,0.30321113021253093,-0.03897545797233047,0.34436400961923797,0.3820997674397595,-0.4005437053362445,-0.44914570606154464,-0.06400036303692026,-0.4273445682330676,0.32411292116726376,-0.25846080619896017,-0.28177694553694527,0.014349390032958672
feature_4,-0.10889732761350622,-0.1330412263495799,0.256707227390185,0.04944106733324258,1.0,0.3195549972366233,0.45265036347521687,0.10516573042040314,0.4576019031237714,0.06043058659569396,-0.13847440152730497,-0.3453188638254038,0.37811395733275766,0.03173360009277969,0.3194791552785476,0.21734214843748745,0.4187381516875054,0.2230206493232382,-0.11027405995721092,-0.2505749752341054,0.5388801922135009,-0.4517001445700161,0.06292394456572518,0.37602280017131595,-0.12879019737179664,-0.2352057990922211,0.2156610944256214,-0.4634954841335032,-0.23834791160314864,0.11322444721535914,-0.1661497764931167,0.6297660024405733,0.013652210040597254,0.6500488408573379,-0.2646561333873522,0.23891219604006642,0.05898148866107271,0.26080325571646107,0.4591456767197487,0.14827605076044975,-0.4440920869648854,0.7151856376227963,0.3097423787682231,-0.40318719605231024,-0.0207226951453331,-0.6003335791316191,-0.1258062454187297,-0.6847672541428746,0.010321921876990103,0.2265226177775263,0.008209757913370466,-0.09300459445916892,-0.04819744142193427,-0.056252681573723776,0.29725065602164347,-0.31522239955480374,0.02659719346419643,0.48409089563344304,-0.06316619084528413,-0.32497218402488415,-0.3023953195096183,0.5894520431725415,0.20224212083999982,-0.04787669497451403,-0.29633801733412374,0.23587451449636368,0.2731550384253933,0.33560713253733526,-0.22396305118682072,0.027460597391279803,-0.09678470127209261,-0.006724285482002273,0.06320346594398314,0.08791837474497198,-0.13264494157155307,0.5390990708936376,-0.07833575441074908,0.4502035152701427,0.28243751150363217,0.04275376590680585,0.3340043778161515,0.2841879337444933,-0.47670530393007154,0.02257011810604939,-0.10540021634423619,0.5313503754112023,-0.2006916719910846,-0.16007818372158042,-0.13623665781748115,0.708476062946331,0.282866652853918,0.2984860774043644,0.2614208484566413,-0.3832733762695561,0.24523579984848604,-0.5706533470877124,-0.06597504274755557,-0.32211912847774876,-0.39461005174724867,0.00870550709113152
feature_5,-0.17532280827694063,-0.4977643049576532,-0.07031719913813793,0.47211398065138943,0.3195549972366233,1.0,0.6895261364058842,0.29391806704748336,0.38399523801750673,0.47732660540441363,-0.13348764860779996,0.040640921737707184,0.5253667434291456,-0.05371466634053126,-0.1169685731307591,-0.3790591432242167,0.18138543628612175,0.444191006831747,0.2473726815859228,-0.10811290921061452,0.24584071831024046,0.14639322533352045,0.18552942690814941,-0.08393775070147226,-0.00839288999448382,-0.12311687028198241,0.6243100359978759,0.163437902050196,0.05509417237803506,0.23025609823484594,-0.07012630402521562,0.41315835883379187,0.0682993804437149,0.2996321377124524,0.217463376194593,-0.015425846180704281,-0.06474404707001231,0.0653763041133557,-0.0010542313329737574,-0.033601607117031876,-0.7051332374551182,0.4676532119866072,0.5488723291793188,-0.22995923990605727,0.6304010378911244,-0.56318732524925,0.13492781490512165,-0.4611747143098505,0.15237830080379167,0.19036833809812248,0.47335791519383325,-0.259868989327364,0.14630791265423687,-0.522664293306013,0.4964945011082993,-0.11038583360041462,0.2411677315013682,0.5185429467536663,-0.003598557425922429,-0.3767552232917903,-0.23329366839303586,0.4728147349418004,0.5144357275016407,0.030136392675543747,-0.11494971082816777,0.3362744237745878,0.322450835597593,-0.33748432537997364,-0.37969107676381153,0.13962458060804434,-0.5429388866773116,-0.28102492131027645,-0.11546341887481339,0.4522295188680033,0.3845765721766106,0.5344445137774185,-0.2586247754503997,-0.3276457201556932,-0.3827418464207621,-0.4164687088176444,0.17046921089913047,0.2864187600408946,-0.37802564182282594,0.022109454847281877,-0.45695515605486875,0.38709176157038366,-0.22018154399655762,0.3149553121074456,-0.07866356031496158,0.14411124511585688,0.2825507004992834,0.06580103430053968,-0.5237319437995561,-0.5959600368864515,0.23072848043848926,-0.44675258303465387,-0.08404702700058679,-0.6177805515417442,-0.38650034399145045,-0.1624891996896793
feature_6,-0.10346707321681556,-0.15590325013416373,0.2681756692761584,0.07091930654345424,0.45265036347521687,0.6895261364058842,1.0,0.3910580486201102,0.5472810402820487,0.450869940420961,0.057449546971284966,0.13671710836973996,0.5838703440569377,0.07766036592122329,0.2975116163482365,-0.14213244338851844,-0.013476271900791616,0.3101742306754524,0.4803454031157631,-0.5505932876515798,0.18495906126324044,0.3470331343577185,0.342353214445532,-0.0996925721717121,-0.03245625656809872,-0.06487801036498489,0.6109250807668514,-0.05113774777704412,-0.01806673368952516,0.36947819128452475,-0.019787853084671143,0.48570262238806666,0.5652460233425288,0.3570913138377206,0.15314479749558826,-0.4116149018526607,-0.3701304095285006,0.13804136776246062,0.07398260915919891,-0.06463923475343995,-0.5719217827127634,0.5195220341117228,0.40351286849646084,-0.35004864801634433,0.3881844005978706,-0.5061646166340208,-0.1830953669623939,-0.3531671980735978,0.25967884406047037,0.31908668450473177,0.27492902247273937,-0.4236161712402192,0.41054526361981347,-0.08047737462666801,0.2759093915270738,-0.32551254507502136,0.19828947008960016,0.2904935166893037,0.1340126523543473,-0.4135447913584707,0.07403068147024272,0.5308740299860415,0.2977224552489922,-0.010506025996748828,-0.12265990880299364,0.39923658883336915,0.017512227517785507,-0.31733499314396446,-0.1905476203005,-0.07329701041782018,-0.43626486527857394,-0.18931015257516692,-0.3392480067420069,0.3717567810533775,0.2800775367631923,0.5384311350764267,0.011485115457851573,-0.2289224120786303,-0.006573953876447658,-0.10599254944744368,-0.005321278414254938,0.6505815372690618,-0.2291645460977127,0.1435285550898582,-0.2442461636485466,0.24773859165449874,0.04531018548701607,0.13074631837447545,-0.08536444679739819,0.17635524549365045,0.1355999524537156,-0.16238305500750158,-0.3737503446363609,-0.5477475343734041,0.5345292205846829,-0.21447728746458405,-0.2958182626383836,-0.6944557332220285,-0.42887636147068403,0.30969072500166445
feature_7,0.5077165455382443,-0.5463267575568088,-0.30626237688029356,0.005845491472638423,0.10516573042040314,0.29391806704748336,0.3910580486201102,1.0,0.20064553664435975,0.5945954905210226,0.19325662737932814,0.2713131406679293,0.4263632603097725,-0.4442313120089783,-0.27705293471765347,-0.5739519167931431,-0.20847059332367776,0.4462620659027256,0.4334617752560208,-0.37711682949706826,0.19282123813079374,0.1287984351490232,0.23860168476439075,-0.4023245285414072,-0.0012118227311734735,0.2386240408738229,0.19989943711095573,-0.012251692776078734,0.2335960345511131,0.14524770432735845,-0.32991427566551473,-0.22970569161598706,0.5180306107674906,0.10479614572587853,0.09452089749810234,-0.5134060119886558,-0.051155011132729925,-0.20461958887341739,0.07465338859370223,-0.20392139245184054,-0.2360462235491892,0.07950735598039536,-0.1143867251562121,0.10142568619889004,0.19349311397774613,-0.01696605999587875,-0.4522684111535744,-0.03584978327645855,0.3534904309876003,0.41106834690185123,0.12982906524751822,-0.6212632635010069,0.17788725332824654,-0.22976954131700916,-0.16339579360090256,0.19709097862164038,0.3679906967150191,0.4814112140663909,0.0331294189227838,-0.26376460660452117,-0.08364833199934098,-0.05629330765407526,0.2653462088988161,0.2679117833558441,0.26687523127108026,0.12883175405906752,0.44507667707889936,-0.27997799720979366,0.19021104166222294,0.41271138261695156,-0.19382529922581007,-0.5854626516663494,0.2203324557758493,-0.008303322080773572,0.08851085790794225,0.24352541708305456,-0.0475748250161575,-0.15938863481534774,-0.18076746690425238,-0.061453520995068456,0.05263106413703299,0.13692644725373634,0.10613142582091735,-0.46633352835080394,-0.18094627206565866,0.1217567772273242,0.09511891167741733,0.41131415421578416,-0.06623347978927391,-0.3998738884483152,-0.19248929986426422,-0.1437490638699129,-0.037518537948391266,-0.026984452976653108,0.010158558238677508,0.05075829966732669,0.12278216832819751,-0.47611485629784156,-0.514493706433645,0.14339903613449434
feature_8,-0.15871883792831382,0.03774698950978832,0.17395220354471888,0.25710176065270596,0.4576019031237714,0.38399523801750673,0.5472810402820487,0.20064553664435975,1.0,0.1968258714336841,0.253814877728002,-0.21690459764837614,0.23351368053301202,-0.38227657401130893,0.39025899645324874,-0.2365997992415502,0.11252550033356469,0.5568612476180096,0.11773478372675113,-0.530738248770231,0.5759286136051172,0.14260027339023257,0.005663106913979672,0.02294773084774189,0.3638159259981366,0.1543957740648042,0.4637162642264554,-0.03311079659143578,-0.2871162763210153,0.20403935189632558,-0.029123562417609657,0.4301477621871241,0.4062853920184179,0.4424117957253016,-0.3567979306431949,-0.2811145813143512,-0.11585849770057871,-0.28773189452383036,0.3030771081120988,0.25648863356904394,-0.4075408955914283,0.7324101255219538,0.0686282864475651,-0.631713323031499,0.2811328754255779,-0.5069684338901752,0.06020759204198819,-0.41929038884402486,0.4371868099256779,0.7168710185171869,0.20753519000877774,-0.4316130959073961,-0.20211465476455182,0.14707646307612451,0.011649132426489553,-0.20676613380540257,0.5939122350223945,0.4865213259303517,-0.28619539214710943,-0.2311377072665043,-0.1856078344276227,0.6986070369128294,0.37869270807058375,-0.05903783350445154,-0.5118345906341756,-0.22605780329107,0.03195941724461553,-0.11989484312981447,-0.29876249385561093,0.23527677721811735,-0.3044268272950997,0.16013349117151157,0.17064087934871372,0.1062069607942329,0.2817714977029782,0.5134534463415251,0.05578736905064229,0.029192348044910194,0.27544851750164195,-0.35774706382680377,0.3842843571968829,0.5663745129354668,-0.3842841688528433,0.10973146433625924,-0.559237289718197,0.49922572503834495,0.33725885999761845,-0.15112573118785824,0.25064270238236797,0.24030688863989214,-0.0185017268258916,0.14236418073076473,-0.30971369013471034,-0.4180490593952361,0.38797644562058253,-0.09161248079152627,-0.1875788652999292,-0.4332665089955119,-0.5796430801181663,0.5279574181198415
feature_9,0.5708031144865411,-0.48675618338787724,-0.17857873058429471,-0.026053736761046553,0.06043058659569396,0.47732660540441363,0.450869940420961,0.5945954905210226,0.1968258714336841,1.0,0.3202274800511172,0.19943535332482282,0.2719751771406809,-0.3127398996042707,-0.15755566834254012,-0.6077036713947621,-0.4334850968324746,0.3420343642057361,0.4460024855034644,-0.24993150963490524,0.28406884635299895,-0.019389551291467542,0.45463092689842766,-0.6746105594796932,-0.3562275671229527,0.20643635295436488,0.21875882688992063,0.1575171228831389,0.5008856605872533,-0.04109072529628626,0.28204953707914016,0.03669849047253138,0.3220733759862083,0.03027785633369682,0.4792192288244974,-0.45177214889641876,-0.18975718153467933,-0.24553451056480177,-0.18002839039627921,-0.22691724922934786,-0.18077491047364105,0.10815373510737529,0.024799658949678144,0.07225105516293255,0.4945927501298548,0.06900037184443952,-0.5797940494273897,0.09752869518561992,0.28021647389983745,0.2621085249466825,0.009182374798853095,-0.5252012217678713,0.00788979475646122,-0.4650813829182016,0.05373127103699444,0.33330001240340673,0.12983367691096404,0.2796650752095458,0.14920534650902423,0.06142907124988366,0.280663662133089,-0.0074646869442698376,0.011269306996299196,0.30822243196142324,0.3122353867839888,0.3315577679745343,0.4379035321701012,-0.236689519437355,-0.31016379491777807,0.03188308276948758,-0.6111658837329398,-0.66931424102182,0.06849437079951827,0.011932630045124905,-0.11529402257460312,0.15082624769721897,0.08574874441409353,-0.17515210069138884,-0.3442369786722123,0.11237709511327139,-0.06252168263766658,-0.09595570023360908,0.20326415144323579,-0.23788008341356348,-0.32275827087938086,-0.20370616777463024,-0.023478640204993965,0.22307244477192525,-0.41345174893025916,-0.09017410206450924,-0.19424732830873426,-0.31818439303284435,-0.2031986267094439,0.059610896627288044,0.007598342065881585,0.08519042775129688,-0.32605278665350174,-0.4141121568684149,-0.2158143969981902,-0.06958726624299695
feature_10,0.28007393863103497,0.3050333007947135,-0.034741706331496515,-0.2976744582964343,-0.13847440152730497,-0.13348764860779996,0.057449546971284966,0.19325662737932814,0.253814877728002,0.3202274800511172,1.0,0.49938341419777343,0.05365179483520679,-0.4618799445599103,-0.08783737683180111,-0.21484075558230656,-0.07973934009917864,-0.09225714590403128,0.28180686254660164,-0.49475911579951165,0.07953473422087874,0.018170466817341007,-0.20203853191163237,-0.502305898027218,0.023285999049849775,-0.09424449027536667,-0.13312802915413474,0.30706580923101584,0.041322648372275415,0.20130076226877397,0.08305003031875366,-0.19812502102875604,0.290874472171408,0.20844669332696122,-0.2704183449432849,-0.2236690894834623,0.2144530909229469,-0.35067637120941586,0.3545548368871462,0.014547019225544565,0.19065759018463344,-0.024508771818610893,-0.3895271094466476,-0.24505475690296896,-0.015757125574031555,0.17856051331779338,-0.3077479228064245,-0.010487864499941688,0.283983400484281,0.3363560857969635,-0.027925205086460937,-0.1654867744395173,-0.18151602337674702,-0.0573970370069983,-0.14404735133863864,0.12569522656514476,0.22954736206605147,0.05615380063486186,0.14295212439378877,0.08401657070370523,0.4270844564376872,-0.017190130467331553,-0.1783363330823656,0.5244168246753514,-0.16807540655791472,-0.41621121513778614,-0.06913620920474252,-0.1806771339430587,-0.02459276631909414,0.1374825307755548,-0.16656850599434972,-0.03834189367554312,0.42366576493551206,0.005072107818125628,0.08703266853145901,-0.1896337713310702,0.523762700982785,0.027575664501857385,0.2621622218977586,0.1865306337868335,0.17384439834809504,-0.06178820885182982,0.38916329424742874,-0.1735923737837504,-0.3331481797905777,-0.17033451076946962,0.19903340859567806,-0.23939608340136515,-0.22393972269502882,-0.20917752411043394,-0.6110845498085885,0.01514108066428159,-0.16374516710860784,0.20838816889363374,0.12957761626771944,0.47026178614514563,-0.01509304473080631,0.04866951322839471,-0.09577232148008799,0.1272414355757796
feature_11,0.017140638048480063,0.16597936619231007,-0.10046716443878294,-0.3474222129664029,-0.3453188638254038,0.040640921737707184,0.13671710836973996,0.2713131406679293,-0.21690459764837614,0.19943535332482282,0.49938341419777343,1.0,0.26552996168624293,0.03522375697020266,-0.4558795954707592,-0.020885450872968503,0.0698361371744104,-0.3212205003051994,0.47810685865218816,-0.39790859186373895,-0.5278802365161035,0.29960462157220646,-0.06271666105747951,-0.4164687907817517,-0.06275986928303587,-0.2434888106033694,-0.05168773393494913,0.5625940393010163,0.13927035934740942,0.5559451009412995,-0.2479492741081612,-0.32663687702126165,0.22858514628395743,-0.016256899666595225,-0.005570485104654435,-0.11898190232730269,0.05740448426053527,0.2096741946318342,0.1372708266985508,-0.2779593230694424,0.1640954251276532,-0.4001096807394376,-0.003503415645604839,0.010709767878386487,-0.10857428587592093,0.03017581348139225,-0.10010450058652332,0.006561363776763761,-0.1017613896606249,-0.21468632678993924,0.3619824365749007,-0.11824568717814926,0.43978127278063234,-0.2580300319972809,0.19242570196165001,0.09021165350066895,-0.10932619177369769,-0.1745868504639193,0.6102813449711443,-0.08525993009341434,0.43568376358213734,-0.33920239572400174,-0.026761296197431114,0.6293271071641949,0.21695556112953548,-0.022322823485410585,-0.18800646566968,-0.45131237369002675,0.29149425898777986,0.060612753435869325,-0.06715026623742655,-0.1570244864554724,-0.031092936031835543,0.3692817037692775,0.33686449499724574,-0.06035631944555971,0.40933243210237,-0.4192190741907839,-0.10703724412423722,0.2515059328752628,-0.2826778788048696,0.05445869924707661,0.4650609693934338,-0.367582326100671,0.09955819311961889,-0.29764673122939334,-0.06561879085383518,0.2534299158349293,-0.17535626938263005,-0.5175632124018184,-0.529681037744231,-0.10803760080913168,-0.13241785038795373,0.052754653203670086,0.2993732161391591,0.3535846964311958,0.26391150389231766,0.13374070809266386,-0.05605576819206912,-0.16250449591573685
feature_12,0.006011703945011155,-0.2559346653979448,0.12264582460160844,0.0778904769939791,0.37811395733275766,0.5253667434291456,0.5838703440569377,0.4263632603097725,0.23351368053301202,0.2719751771406809,0.05365179483520679,0.26552996168624293,1.0,-0.08118357974691313,0.033149596284816694,-0.014508788679069089,0.2144016300565065,0.08786411836912214,0.30589478943288784,-0.25482755901055965,0.22144795850983645,0.26888725178829814,-0.15266306028785986,-0.03941527406779383,-5.282956953407736e-05,-0.26155582625905344,0.1938362324592584,-0.028480204204121288,0.0968254276179357,0.30373729321576304,-0.49552188113944506,0.09457764872929961,0.4404511005705122,0.5264792866689489,-0.0866560080025985,0.010757248448891046,0.24285622289685643,0.040025803564683854,0.23276850750864733,-0.32480707946819254,-0.28801526115221165,0.4310376545801405,0.09637253878418016,-0.07005916407237953,0.20213906888187433,-0.4103282953367695,-0.08729036183469241,-0.4459772619097214,0.13053241977563676,0.1267757380890439,0.18529386267491005,-0.19307487094032633,0.554502489157438,-0.1762713482985637,0.24662420636542393,-0.4880425779012462,-0.00640219602585498,0.3725096230142716,0.04882437749572122,-0.36222873856843685,-0.26509515452890603,0.20647620589692173,0.20192576449552951,0.006650326928957181,-0.16018405274311268,0.1972805625665677,0.06262755454593229,-0.2053123189604675,0.08950138576240708,0.09740541948468685,0.000727813467641207,-0.442885689451613,0.061148878915149946,0.4809737719065712,0.3244701933861273,0.32304183708450357,-0.12385108168805904,-0.16178731862935347,-0.16457247004413883,-0.14278350940791368,0.2493746198130637,0.28173023076828546,-0.05809762210684583,0.012340238464479026,-0.16636761881811185,0.41411741421482023,-0.20860936173976335,0.12018454950709416,-0.02096622164418034,0.009426602221928504,0.1281836528493397,0.19968245005722743,-0.19634378231707475,-0.2813553087688378,0.23057111376281916,-0.18674592352843727,0.12697537862754207,-0.4548008176641018,-0.19666661440998745,0.11564152629170595
feature_13,-0.3741916244687634,0.34867950440032514,0.5318190280899682,-0.260066300720207,0.03173360009277969,-0.05371466634053126,0.07766036592122329,-0.4442313120089783,-0.38227657401130893,-0.3127398996042707,-0.4618799445599103,0.03522375697020266,-0.08118357974691313,1.0,0.14533774583454884,0.5281835684736408,0.0196819929429489,-0.4727471004426903,0.05912011566754675,0.09145302609213964,-0.48746841834720545,0.09416721045526479,0.3137668212878579,0.16854295764790628,-0.3684492441891818,-0.3037433290728063,0.044687780909457166,0.02998124084576295,0.11778008350347785,0.2984668919356745,0.15039647056253913,0.3114477663029856,-0.16107394106406323,-0.14704670968692973,0.35926294340624293,0.17713803634120776,-0.42920685391636054,0.7211830506784376,-0.357878850797924,-0.25666949267378,0.16821066015611932,-0.21664944953232365,0.5033185951432865,-0.07567635188388104,-0.32222778170287947,-0.17500586939667254,0.0456374616004734,0.07421512926659964,-0.6328342232500431,-0.7023507064563287,0.15511511420068427,0.23118790969217762,0.4972438203296356,0.11105139864331537,0.49301044010326117,-0.12984941846674494,-0.7351709798320221,-0.5974318732547262,0.5661113530855953,0.16121457651404578,0.23991611720934194,-0.20057146547476137,-0.34208446917859187,-0.033448925585964885,0.34302728647934994,0.605064925825034,-0.36172601842523633,-0.07943198475388258,-0.08084430494424175,-0.6741870663415853,-0.01694424277175372,0.14923323510169056,-0.61417937932211,0.3038359248603009,0.04638492166961574,0.15249982893418276,0.2049898987901915,-0.1463773230790935,-0.09809090109216279,0.4459181727095791,-0.6278650139518472,0.17371275333870356,0.1764391545290271,0.10919407602360211,0.47452199270624457,-0.34001971482440996,-0.1894741759331349,-0.042672761295938826,-0.173712284016746,0.1807152239090333,0.07509094301239407,-0.2891938929336222,0.278786711514354,0.024513844313459113,0.37734205167661405,-0.07488976477317598,-0.16180506434017458,0.31013343507882585,0.22350398435498448,-0.17619315999448082
feature_14,-0.16441173721680946,0.3620672185870695,0.5626593746221097,-0.04273511716709301,0.3194791552785476,-0.1169685731307591,0.2975116163482365,-0.27705293471765347,0.39025899645324874,-0.15755566834254012,-0.08783737683180111,-0.4558795954707592,0.033149596284816694,0.14533774583454884,1.0,0.34064603661702186,-0.2240619875232917,-0.10218318018941602,-0.07575561765832406,-0.14382481550019072,0.3537603960066283,0.23177263278046853,-0.0039678418980516085,0.25784902649120667,0.15940411647634636,0.07683181022718694,0.06664318230545734,-0.38720065333862663,-0.11765781797044521,-0.18911837681596755,0.25210721369292033,0.37919667869818147,0.3938935880981616,0.09927104404253025,-0.08755122714647093,-0.2062552626895219,-0.18203079863649302,-0.10797029961457205,0.024055985933638023,0.07740397042421673,-0.02875769119264275,0.42452795764001666,-0.0807282432788466,-0.22356025848958866,0.043182024671839445,-0.08167348928502034,-0.03799553673898423,0.04821031714041643,0.13756904414379856,0.2862020803362372,-0.39610250450496837,-0.009841895817043972,0.058714372162977216,0.637388318316041,-0.24407850370091114,-0.5223334167202202,-0.03953648865920695,-0.2317433304029629,-0.2808731887850517,0.003568018349631069,0.0295177260804638,0.3607763191052573,-0.20505839878821336,-0.5467188507381382,-0.31702057930128197,-0.007672198405765338,-0.38905737202332924,0.1443177335324141,-0.11209920419503348,-0.3960661619079032,0.1814481807675338,0.21798379028500078,-0.2552222464747583,-0.01289529040714981,-0.13433099199225657,0.014148454194198452,-0.045517170733134826,0.3076174488938667,0.3390070619116575,0.02186686871717981,0.13290872847165408,0.3750502310909862,-0.17934965267217187,0.6035469488688002,-0.021205699660974495,0.17884075592104623,0.3654419853551036,-0.44945472352857113,0.24513641305426354,0.46093750071458833,0.2026291605098759,-0.0417759510693308,-0.09527180516793897,-0.07497301038602826,0.24159149255043003,0.1360714966860812,-0.4551091302464433,-0.18289590942441644,0.10086171469250543,0.6597441341401205
feature_15,-0.48594378622388634,0.5140166231026774,0.36606905633170417,-0.3519727309762902,0.21734214843748745,-0.3790591432242167,-0.14213244338851844,-0.5739519167931431,-0.2365997992415502,-0.6077036713947621,-0.21484075558230656,-0.020885450872968503,-0.014508788679069089,0.5281835684736408,0.34064603661702186,1.0,0.38800523422466354,-0.5761588999984698,-0.23402893048867968,0.09469172576820367,-0.2767586555476173,-0.10167511074707183,-0.2630644225084666,0.5788738651895374,-0.00032699191381145847,-0.3654774929447603,-0.3962105553078214,-0.19032522599843468,-0.3682886359034995,0.14645013291672665,-0.16571536200704967,0.1357378298554615,-0.14228167141709205,0.06012882351344783,-0.3143796526879371,0.4298926356545833,0.11120912985994691,0.5462783996376672,0.2787191488805981,0.1325349677933543,0.20615838083203597,-0.000897278195981177,0.1490733483524516,-0.006434571988235097,-0.5331956419648296,-0.11987820025750186,0.2716718380280827,-0.1649276892001997,-0.45129002170951005,-0.4556907196024219,-0.12803682243666806,0.4933281337294678,0.32097235829388715,0.35494471689158263,0.15096488621924817,-0.4791285569336851,-0.508043801688289,-0.4434573071296439,0.2136783538941079,-0.04952154603671125,0.05441072773045835,0.02319461062345211,-0.17812500935230252,-0.17219781435568857,-0.1963603646757885,-0.004054047098103573,-0.47043463886724307,0.3302094208234002,0.27125551776588547,-0.331677832958336,0.5235857236502706,0.46734856503766886,-0.3269935841574867,0.18814751261037516,-0.16918932410955495,-0.09952223673682822,0.10984475532723693,0.24261311173698555,0.3235352037364407,0.31225118773958754,-0.11330594179321438,0.060717014979109155,-0.13103088767726623,0.2968751262909613,0.5799173187376068,0.03329098107751875,-0.2349472722203935,-0.22159916363709734,0.12788252346847892,0.40646731422324206,0.15839949845053866,0.28068299538106567,0.36950867550137834,-0.07573784750132373,0.26065147503741776,-0.15682393356598684,0.07347044110114737,0.34185735726344774,0.3872058352820408,-0.008973459180999137
feature_16,-0.5861436598792058,0.023120394664545123,-0.12574914081101013,0.23370968959260155,0.4187381516875054,0.18138543628612175,-0.013476271900791616,-0.20847059332367776,0.11252550033356469,-0.4334850968324746,-0.07973934009917864,0.0698361371744104,0.2144016300565065,0.0196819929429489,-0.2240619875232917,0.38800523422466354,1.0,0.017889400269574637,-0.3061937481305905,0.04966725731073694,0.007430986546209146,-0.2939053417810423,-0.5070604313432787,0.6109149687604118,0.2993448346587212,-0.49542400681159204,0.04383223489542728,-0.026578606499255576,-0.6555772977017971,0.3582057531380891,-0.550675322736524,0.21289582297104775,-0.40602250078065405,0.4588906404811782,-0.6392950847202193,0.649336337659008,0.4629380300910186,0.3933402972565711,0.6488887901220037,0.38943947047723265,-0.35619877286287677,0.3358608219534233,0.31401835365648223,-0.2822039867455319,-0.26739809416641563,-0.5809960958544395,0.5788451000950756,-0.76007129275155,-0.22174181588862146,-0.07452042707778683,0.4060114824024961,0.33960704226552413,-0.025238176908800102,-0.23342467409891857,0.3951034614288055,-0.3291117817828733,0.08957585273180826,0.4076574787393484,-0.0063356160166407344,-0.4843998235873257,-0.4405993595353118,0.38977067520569264,0.5027722958098724,0.07623295321589627,-0.4885741547737474,-0.2722575386493369,0.08189358306448793,0.19107184400608324,0.17611846693387503,0.4135891852563648,0.2241160343261641,0.387818855812639,0.14464970486844445,0.32163805895663783,0.2643350297529679,0.2787296101920947,-0.09297127156372254,0.10761104852796519,0.17168943857043625,-0.2966775812337459,0.3888385664291868,0.08327205718471611,-0.5087507012540833,-0.0600461128197311,-0.0007068104364695939,0.6005928821172236,-0.46575945691416315,0.10016440456533925,0.13882442580420465,0.2703522235856893,0.21394289580449785,0.67993396669058,0.08242414676671907,-0.5240446755973762,0.15491991734525754,-0.6304668164520013,0.5378951288479848,0.02508016387304546,-0.18066784135861477,-0.32952526475152005
feature_17,0.1234505026044237,-0.4153624409157617,-0.23187167314605525,0.4850845361361057,0.2230206493232382,0.444191006831747,0.3101742306754524,0.4462620659027256,0.5568612476180096,0.3420343642057361,-0.09225714590403128,-0.3212205003051994,0.08786411836912214,-0.4727471004426903,-0.10218318018941602,-0.5761588999984698,0.017889400269574637,1.0,-0.00988644512165907,-0.1648607784124448,0.4318705703578254,-0.0007004535838071749,0.23608822456969397,-0.08557046036682371,0.2100524561377408,0.4134746813400244,0.4957553890080122,-0.10634267091901745,-0.1341909967413616,-0.008353587674051746,-0.093348411933048,0.19800511831868686,0.10980897019114154,0.1676102474770835,-0.05067837904587983,-0.31802855609480174,-0.18452156037120013,-0.38640709972568893,-0.09644642909403008,0.13296279077679915,-0.3762802142271923,0.5188201388966492,0.07043824322314195,-0.2726188457409021,0.28149006832828094,-0.3489529804199068,0.011283999369931559,-0.2124462469055458,0.370370264815584,0.586856779442522,0.3209312213547587,-0.5064503520169197,-0.3039264597516143,-0.22406983125333826,-0.03194087664996908,0.1632735490372487,0.6526898764881037,0.7102468411389877,-0.4013084029706434,-0.14465895534619677,-0.41400026963801384,0.43218780974105375,0.5577121530854358,-0.09826171824637654,-0.13026955850728533,-0.03300983672811543,0.4820794900379997,-0.0008550755523399329,-0.30299517379727975,0.5423271435693617,-0.43553861416246925,-0.1144125775975178,0.2738655746179579,-0.08833545600939027,0.19482364716868852,0.5001434858955913,-0.11066955707000681,-0.20078793199419467,-0.1315041818874928,-0.5276597901979834,0.24591120854000245,0.27150574461729127,-0.35916217535411576,-0.17538520727428308,-0.5199331624228526,0.3536299987747762,0.03165057872658979,0.205240690626052,0.17261390880341118,-0.07497975563672758,0.15219422543493746,0.028180305769525186,-0.15870510124472914,-0.311293092657033,-0.026258631790796454,-0.3247847963672731,-0.0479349453839471,-0.4018083974273309,-0.5690073504118635,0.22488405674455078
feature_18,0.2078458733977367,-0.03512878850320202,-0.031798546588464614,-0.3790940744462014,-0.11027405995721092,0.2473726815859228,0.4803454031157631,0.4334617752560208,0.11773478372675113,0.4460024855034644,0.28180686254660164,0.47810685865218816,0.30589478943288784,0.05912011566754675,-0.07575561765832406,-0.23402893048867968,-0.3061937481305905,-0.00988644512165907,1.0,-0.5334525994849771,-0.24980344855838546,0.3301106130358912,0.4521258955499025,-0.5191166256380236,-0.2687158459331325,0.18873387592217172,0.13896758614775961,0.4723786149733761,0.3434710522478527,0.42399257386916755,-0.000495972617704552,-0.1590564671739205,0.5513438230071359,-0.13904948120993144,0.31192229317310477,-0.5279786950762849,-0.37742326835380174,0.0929690039618529,-0.22281635446586212,-0.37626640361763425,-0.026589519555797126,-0.11402582225193697,0.2689056316819871,-0.022285373540356194,0.15195087530661164,0.07307843119702816,-0.41350100698556913,0.13906484199763883,0.13819824949455103,-0.0494433807583148,0.2677858189537708,-0.5037780541339552,0.49527918136279314,0.023591537894891646,0.15770356774235572,0.2224513004592252,-0.0071312129679688375,-0.14472822774465857,0.5138493029684977,0.1133929738988988,0.38495065835452713,-0.04690945108974678,-0.07358434843039464,0.46339733513158776,0.3014704719401177,0.2991056937708387,-0.1840144761686117,-0.5495467967710461,-0.005458330456827062,-0.1881595363904518,-0.25218731731840055,-0.2529221707895432,-0.2747878612040714,0.16097296492206048,0.2124159052901679,0.24655476289342124,0.25354121746417235,-0.3445325418271867,-0.14243825030497761,0.3416118482764252,-0.4619866324477815,0.3401431084394582,0.30911591274171163,-0.33830985572762273,0.11063426763263749,-0.27111574234069047,0.1073101874550747,0.26894662166812483,-0.04451066545788131,-0.2618339409104715,-0.2478716792448173,-0.34672496419678195,-0.14595206847417402,0.043997638379834184,0.2666203279366751,0.3006381402944369,-0.24019429494838118,-0.26637075372522234,-0.15373257066522203,0.15008704065163317
