,feature_0,feature_1,feature_2,feature_3,feature_4,feature_5,feature_6,feature_7,feature_8,feature_9,feature_10,feature_11,feature_12,feature_13,feature_14,feature_15,feature_16,feature_17,feature_18,feature_19,feature_20,feature_21,feature_22,feature_23,feature_24,feature_25,feature_26,feature_27,feature_28,feature_29,feature_30,feature_31,feature_32,feature_33,feature_34,feature_35,feature_36,feature_37,feature_38,feature_39,feature_40,feature_41,feature_42,feature_43,feature_44,feature_45,feature_46,feature_47,feature_48,feature_49,feature_50,feature_51,feature_52,feature_53,feature_54,feature_55,feature_56,feature_57,feature_58,feature_59,feature_60,feature_61,feature_62,feature_63,feature_64,feature_65,feature_66,feature_67,feature_68,feature_69,feature_70,feature_71,feature_72,feature_73,feature_74,feature_75,feature_76,feature_77,feature_78,feature_79,feature_80,feature_81,feature_82,feature_83,feature_84,feature_85,feature_86,feature_87,feature_88,feature_89,feature_90,feature_91,feature_92,feature_93,feature_94,feature_95,feature_96,feature_97,feature_98,feature_99
feature_0,1.0,-0.46828600315251556,-0.48962436980119706,-0.15993523070118976,0.025415898735290265,-0.0989257277074724,-0.562601774931715,-0.1329050553424511,-0.3915346074467654,0.36238190611942506,0.5380675424489144,-0.12188066133072734,-0.037174288697559385,0.3415175836252049,-0.31844302713903816,0.6008500244308731,0.4845143111148461,-0.0414366692292449,0.5421081733768957,-0.4662656911072618,0.09444956008266332,0.5190184769664956,0.5913605076517254,0.13817602908898208,0.16035689407035073,0.5029566831213945,0.07392164044315487,0.4005150373989871,0.42063269137696946,-0.20721863045064243,0.2742129526916499,0.5552604046621796,0.2152326056811985,0.17761483698469077,-0.013458855755760866,0.4545002398065447,0.5136105570159691,0.3184550562086106,0.1923428419371615,0.2216675091026867,-0.5881181473907329,0.39705187686409316,-0.2815145392909326,-0.31375440590147186,-0.3180367884231693,0.213404811494548,-0.21407106217209576,-0.08832005026360128,-0.028915675863648915,0.18930788498996262,0.3668363993324496,-0.3981692377903897,0.09745296477216289,0.30633885225920354,-0.02044238079336452,-0.5716395038821394,0.16701090809770552,0.5771932251999875,-0.03258579587412667,-0.2949187452208974,-0.16924669980805898,-0.10317160812045438,-0.6135324836491701,0.29019623106141146,-0.5161696557414274,0.10890669683168755,0.10286507798501655,-0.09162028191323529,0.3853584794866935,-0.19246166385966754,-0.591554761221892,0.2915859332130198,-0.13993414797814954,-0.3912605699681831,-0.1825828555514359,0.4844790232607498,-0.28480918126484017,-0.45404046167010714,-0.2770887974086956,0.09956185783807132,0.3379955292212965,-0.38236306893916266,-0.4510760918294865,-0.11174621070319159,-0.37209184172251736,-0.3824816573806918,-0.1993775720259128,-0.04555587469215107,0.016119902529577394,-0.4249706455250047,-0.14047453442186994,0.46001464223965455,-0.41219025198566217,-0.10580332436667786,-0.5296457893496366,-0.44848126270028416,-0.38255697509131187,0.10159294208089933,-0.0060313988659785045,-0.5803626466368328
feature_1,-0.46828600315251556,1.0,0.5392559843922703,0.1655399162302324,0.06704539908661653,0.12809445387608945,0.6906038793999177,-0.024962482128019253,0.38971361597410253,-0.09531612900378557,-0.5007129903720845,0.12322558009521133,0.134254855127019,-0.02790496859379359,0.3186862324541449,-0.5963100306524269,-0.6293348435077523,0.29870841292096834,-0.3132638597420108,0.5232068951202065,-0.1728431148059549,-0.1735192159599163,-0.5622506039063712,0.1315001398322702,-0.029885685834404204,-0.30223596234648775,-0.07189229539300593,-0.5663899235195075,-0.13265610324715335,0.4610775861216385,-0.1221566621955822,-0.6452895362936927,-0.26399750934788957,-0.4346486574503712,-0.07568069946958804,-0.2598785917847191,-0.6362150546719826,-0.40054164722367497,0.18266164159545056,0.10578183469843008,0.47117736024884066,-0.2530456028236195,0.19919029472411165,0.3191324631039705,-0.2860833814384208,0.28716763734250117,0.15931281418532378,0.06341609089807229,0.2819373734824862,-0.07613885914832115,-0.5640478154404579,0.5502335634857313,-0.08673610963857185,-0.5574970000266746,0.03603247407110654,0.6357209600730045,-0.3134175082934485,-0.6536366281916919,-0.07509753790085714,0.12277029197289137,0.4146076630704156,0.16141354084375,0.47285688877543713,-0.0831704409826162,0.5417839340167395,-0.2566767271117803,-0.5737529197940794,0.21429406172553686,-0.4126259673117363,0.44678301718248964,0.43470214462382756,-0.21002976105016405,0.1463793582132654,0.27791348224736584,0.12843048211501967,-0.5012697253079826,0.6103995151680268,0.32911483781635686,0.19310998481901845,-0.11581015155639579,-0.11463189460030353,0.26799460628115546,0.4385905869945945,0.11660942921810248,0.30101959241633935,0.41461161544027003,-0.14222649566850254,0.16653250991224028,-0.03452822056427859,0.5881503421747039,0.4741865952180658,-0.307196867708439,0.24131924084960468,0.4050664842408803,0.7814711322234286,0.4115429855814024,0.6180197554986493,-0.24765816920428416,0.08539193072023342,0.5705383053565777
feature_2,-0.48962436980119706,0.5392559843922703,1.0,0.23730601355596045,0.32432941401192983,-0.35432767669347465,0.6523486576096172,0.03640310527834817,0.383020519382446,0.05646521952931277,-0.6847594039925945,-0.4556258426682002,0.4343786996729768,-0.4111997469571189,0.7322182863858463,-0.6809865002167271,-0.5356236011797348,-0.08697850010887166,-0.09141895391521707,0.4234623921370136,-0.08751535921846883,-0.007408003501749764,-0.604635719281364,0.46646851662173044,0.30887295092851585,-0.37365495266900645,-0.5478068883792021,-0.819967578520887,0.09067183302943256,0.2670095440302495,-0.05040804992657922,-0.5794606075816254,0.08887531383332505,-0.29001497033791,-0.1536345291117082,-0.4452038572304036,-0.5581972035294019,-0.7789447902312516,0.25757678207399537,-0.255302213714956,0.5550645420532939,-0.20126741176995253,0.4593940338859963,0.2962095050835375,-0.12125277362808357,0.2736025321938003,0.2094720393365222,0.23405278571647928,0.520104714534101,-0.39111628459006204,-0.6645363462459054,0.9158883519945864,0.12459624221207188,-0.7834740310540212,-0.2067349725646456,0.7753447679055472,-0.6236021656233712,-0.7328544433917313,0.34007421437837615,-0.29241202057601434,0.5778269721640578,0.2661450937883955,0.16606534333929637,-0.24125836267137934,0.4050691286545078,-0.647117486919141,-0.6669224654787762,0.7046435061619187,-0.3976420566824161,0.5405562463559314,0.7824894154417935,-0.3144276948449219,0.713402215954966,0.5059637742498739,-0.07446430631522095,-0.7131275452631938,0.5493163794700644,0.47305772009675945,0.032944872415647954,0.2949741604867222,0.34557840097618536,0.1743074869094492,0.23125353302339463,0.3985892789298063,0.34878878254753665,0.5693846027862095,-0.5167494133774478,0.5008517418107468,-0.3297947225223394,0.6238581085162977,0.33067697086941134,-0.7593219487482761,0.35696588716893773,0.6938961899356073,0.7500468945550908,0.6187721590262226,0.41525261376158795,-0.15695338049608984,-0.22105438475053793,0.6734990526919533
feature_3,-0.15993523070118976,0.1655399162302324,0.23730601355596045,1.0,-0.14982214902686283,0.15676760701906278,0.3951628986510656,0.5145472002310459,-0.42262851204747565,0.19775799357300264,-0.0612138335483487,-0.0019598645420061934,0.3591079171120262,0.11360296045996664,0.5179218010440969,-0.5423049858707923,-0.12089373538271715,0.03199642038663489,-0.13099537794470711,-0.23551688945084098,0.03246318158341842,-0.13301106677903937,-0.4794957713873794,0.274707368799325,-0.49382818028160697,0.0022477797776706593,-0.5411362638282466,-0.10992744625227271,-0.02713064693080556,-0.040498508931355315,-0.06914866036603413,-0.4596982637366626,-0.6507123849392624,-0.2998960423415193,-0.5919190975071457,-0.6990588799804917,-0.4980280956189578,-0.5305435195353395,0.03504577094911122,-0.43702700389251903,0.40343412827185215,0.4852202988418309,0.7415909657922362,-0.15378568797820233,-0.19733032705222783,-0.25447785886142343,0.0885642966700245,0.8258833758144544,0.5012546550348237,0.5855073482153538,0.1195598829843638,0.2913194268576776,0.3008456456876654,-0.2468712827808552,0.1340879522960517,0.2918817581347558,-0.7575708914948718,-0.6052873426072255,0.5603561872345347,0.07912983466955492,0.31435184326798715,-0.2928409606945434,-0.03255410548774347,-0.4359052154239398,0.37150098921766955,-0.3930712262237167,0.040742487179432046,0.15951975360286225,-0.7280430594567818,0.7938627188001257,0.19318584422049195,0.5015329851497196,0.42562198287056974,0.16975361177167625,-0.30389007589524375,-0.5408227105084114,0.41139526260909487,0.1405807556555895,0.12992402429866995,-0.1549824678811253,-0.2566527642184235,0.4160961430704018,0.5526531729775841,0.5592954314283376,0.05899597787347355,-0.2138679363140103,-0.5078271123122108,-0.06712373543941293,-0.49168561225273105,0.26211343423462724,-0.18819321154031243,0.05849082187763071,0.44310806867608754,0.30119972731623373,0.45905786003777294,0.57654714672614,0.3400760493761747,0.554653016616919,-0.5840185934108477,0.10094752474745006
feature_4,0.025415898735290265,0.06704539908661653,0.32432941401192983,-0.14982214902686283,1.0,-0.6540951265985145,-0.11761533193077058,-0.10648873316060611,-0.15568042879680943,-0.10610688793575444,-0.0695218906987067,-0.5142966124945714,0.2534538718488428,-0.22743154662708523,0.3426241514256545,0.062467733194198655,-0.05220605423398006,0.04742474591413303,0.24463946180766424,0.017896157495155426,0.3733133000436501,-0.009010028223608661,0.010909895056935553,0.3080505382908534,0.3541864945466688,-0.338290707395753,-0.3377192238860576,-0.14175049172174292,0.4776901511906953,0.056269088186710996,0.036754101586750375,0.0898831277519415,0.4211633602869101,0.4983613736769888,-0.3149834391688734,-0.05605921897405051,0.24649603617271937,-0.07113033612659965,0.40967909688138193,-0.19382397689467912,0.40720143925629454,-0.20041292755221995,0.010316485395332847,0.08003338704957344,-0.030966811837511828,0.01769074631904871,-0.28716088536162476,-0.04464449014984088,0.33913277601723646,-0.31009951548586445,-0.3612071419608798,0.32114006894192715,0.4581863151336989,-0.2691969523140618,-0.2501211421387297,0.11668390661188903,-0.07636518950748268,0.05433798885263162,0.413574489311643,-0.4472464476349628,0.27889066365914045,-0.23342674105272102,-0.4331136414487983,-0.21097724220978947,-0.00020642455895419998,-0.42262048723711393,-0.3302424598549949,0.5130436525310241,0.27484815730700923,0.044953077030189144,0.07515696568990823,-0.4531723487076942,0.5283700090396571,-0.12513945936357335,-0.21284809249637238,-0.12357848146067557,-0.016737586663899517,-0.1624228266613201,-0.39058837100067173,0.6599452095747363,0.632321318593047,-0.0898965298894761,-0.2937369829881691,0.4796440626769871,0.03818985012901916,0.43951644766026754,-0.14638938942093785,0.6194734702932859,-0.20918749432905448,-0.11343519912786118,0.06638366368691992,-0.291101206887577,-0.08451791076379812,0.3719623518594942,0.08924647940730011,0.2615325057804939,-0.26685510042670973,-0.3783416750268101,-0.37905879872584014,0.1133779346218027
feature_5,-0.0989257277074724,0.12809445387608945,-0.35432767669347465,0.15676760701906278,-0.6540951265985145,1.0,0.256606945253954,0.18037358454345076,0.0785978728360265,0.08934449957330044,0.2045431111885943,0.5462542237644208,-0.20524651181223497,0.34617495979398216,-0.47180718525789855,-0.08334549005949511,0.003472200015515536,0.15866308071724375,-0.31954665343692595,-0.15657361707634332,-0.10204633302998224,-0.13226914022161737,0.044032887187443526,-0.3700329844910134,-0.4517210077775575,0.3509026556409713,0.4776384053855904,0.144798571518933,-0.446523009855245,0.12954041640347644,-0.1082330437431572,-0.054744496585025844,-0.49883739210379846,-0.40012616889847397,0.1592993887624009,0.05958806817619385,-0.22630722792634025,0.15380686247566017,-0.34392477674469213,0.04443518488164794,-0.24919001027074192,0.010258895733471534,-0.0973825755123588,-0.06844375206801928,-0.08019728669829278,-0.008089027595267606,0.31104851230770647,-0.016160430776156046,-0.26931978212542207,0.2904803253443033,0.2897823511755565,-0.2999424997741426,-0.36532548192898384,0.2749719858014241,0.20713688706322636,-0.08233633562589093,0.06588281284081791,-0.11036097116831806,-0.5104053905773313,0.4714021346913033,-0.14471636744635957,0.1941339788585259,0.47799231636114026,0.15214852371390034,0.21208143772432586,0.3836855494669385,0.25057719115631194,-0.41679356686948343,-0.34070812329842487,0.07632782941974839,-0.21105701988935965,0.47902719790084086,-0.539885268762812,0.09241339610986418,0.2734820370086381,0.10208392601260591,-0.06416906909566714,-0.011426519979781355,0.4964127305590221,-0.7352597366521234,-0.62920418062739,0.3178462495632138,0.45907769789559916,-0.33859935619016457,-0.21411929925830753,-0.3986694778782263,0.26270794572482625,-0.469630082979955,0.14626935875255423,0.18114291468908994,0.05650698715314349,0.408808029143586,-0.0690904532323997,-0.3033570543149213,0.007156873879621942,-0.3719045649277973,0.25172946457976886,0.29616171146151826,0.264708968627338,-0.16136769818066518
feature_6,-0.562601774931715,0.6906038793999177,0.6523486576096172,0.3951628986510656,-0.11761533193077058,0.256606945253954,1.0,0.3605976988062727,0.30209258708005304,0.1483529396875522,-0.4214704143321662,0.08758979881245815,0.44000221826582203,-0.23170178445556402,0.46518743456508216,-0.8330450789992891,-0.6100208574717013,0.04805655744638924,-0.3462032846248046,0.2744332590792867,-0.17829958828843404,-0.07194496849596427,-0.652601031615253,0.3134241402074697,-0.14832977031382943,-0.19257258428003263,-0.13617163755830194,-0.6478160438927243,-0.3692850077659412,0.2665822130705964,-0.3748925425689317,-0.7383799313865765,-0.36950746423638964,-0.4743762276152341,-0.2066852989768797,-0.5605019271002984,-0.6463666430570472,-0.5882821815854048,-0.03827204675244073,-0.2154116776456349,0.5173094355405596,-0.14259907204644945,0.42466560725013325,0.25746033546227026,-0.13891252011611252,0.21351129684017872,0.27353822629662294,0.3667147918906968,0.39598883278429514,0.01752895746648477,-0.3770952358630407,0.6565051395189915,-0.18002715335932573,-0.566202570363463,-0.04785274609198852,0.8150962148989401,-0.6105389783447805,-0.8608251671657489,0.0775740548786015,0.1458385069914125,0.542427174081609,0.21782630222136287,0.4771489263469671,-0.3916950679001061,0.6611502521493287,-0.2976223040653678,-0.4174669086578095,0.2305404035979833,-0.6801943020291085,0.6240302599036001,0.5910150350302371,0.08063392775596116,0.3604681693430875,0.39071113394347046,-0.12368494810007948,-0.7018959347538742,0.4395972062371863,0.4007520153651236,0.28716962898750453,-0.1691758822076044,-0.2530662428613606,0.40035436627117016,0.6408241662653597,0.2722591795400244,0.22424045396302406,0.3465197093138839,-0.24654505369590368,0.07126890234837849,-0.38306785991960074,0.6464880310445974,0.23617918541184996,-0.36573072778286664,0.257365559772225,0.5346949533194791,0.8312115087559224,0.424679767668404,0.47920648220093903,0.1860757410190976,-0.11644025820195716,0.5966136775453098
feature_7,-0.1329050553424511,-0.024962482128019253,0.03640310527834817,0.5145472002310459,-0.10648873316060611,0.18037358454345076,0.3605976988062727,1.0,-0.5102374686364162,0.029544578566956983,0.08566781143889625,-0.00022704159945412518,0.5073564075098705,-0.04394674917180604,0.35120428188052627,-0.36564024915768006,-0.16177090937258592,-0.0853617159361814,0.013639700821097368,-0.17257436539577026,0.23496882808580177,-0.005207356235800115,-0.26395686589352313,0.12639822314703744,-0.5715230408174622,-0.13682334266098065,-0.1640927293891103,-0.02321305681252545,-0.19689591407018672,0.00107304363062974,-0.558412998416261,-0.1775476986538384,-0.506715065087517,-0.1449568616919065,-0.6034945360887644,-0.6040139892462165,-0.11638648375649853,-0.23865614635514615,-0.305104343695095,-0.25365815122147883,0.39170583185356544,0.2843900444805684,0.5953647552346871,-0.33000698511062515,0.016664572656381976,-0.30435241891901704,0.04792678850930727,0.541881725774364,0.3180514674669288,0.4388548670211766,0.11344440961963165,0.10254957871632678,0.20335910955733177,0.0532145478834123,-0.0338332374506524,0.14590598518535758,-0.5180924979933765,-0.33779624665804514,0.3140340132678136,0.15758694907919274,0.2799696006417218,-0.24758282314883415,-0.034639164781166264,-0.6162183254249595,0.3642851197214596,0.010132993592552778,0.1482879075231398,-0.09680002752067943,-0.4685324416463481,0.35748101557293765,0.007885262324390711,0.3953678508473089,0.2691954233690334,-0.19476278877216063,-0.5112886865396475,-0.25025563655166977,0.019917216338419808,-0.24184655917960962,0.20216933161304831,0.008274303131161979,-0.3422798713915666,0.4002216092587027,0.46696127741385307,0.4955335276841511,-0.09496476145691843,-0.12494269505188754,-0.13440206257974208,-0.17339878796757033,-0.5826175994440934,-0.2126385879363403,-0.4256798876451494,0.02494911840770968,-0.016613075499448866,0.21886263461184435,0.24779621432125148,0.30263866377661663,-0.16265225443502807,0.6676744819402572,-0.44180759316875,0.06337125367126104
feature_8,-0.3915346074467654,0.38971361597410253,0.383020519382446,-0.42262851204747565,-0.15568042879680943,0.0785978728360265,0.30209258708005304,-0.5102374686364162,1.0,-0.05457881968725905,-0.4552862601406489,0.13566354583631343,-0.2792259444160089,-0.264195092606984,-0.11225854696070439,-0.19998757077307522,-0.37964310904398413,0.036411993719154635,-0.3717362592232297,0.5108934770240912,-0.3925946125351201,-0.10062327993165802,-0.15177628593798495,-0.14836426713251552,0.39660523024124944,-0.0888846310246561,0.2119647585794503,-0.46066407177177165,-0.2831222073519688,0.21898506511534657,0.0734171014888271,-0.2666352561378972,0.258696677851276,-0.2791625235957268,0.6780090257276173,0.23878301968525942,-0.30125301414492867,-0.11634359406854107,-0.010883624251924372,0.16078199095720974,-0.0851199258939594,-0.5042691745342792,-0.30516651609572404,0.45490515007846977,0.12343618868697108,0.34356739668019565,0.2511210758979065,-0.4560200004077558,-0.2563358885523893,-0.5870269522829508,-0.36794273163200425,0.2865962996033198,-0.4780473168638055,-0.33703445374247637,0.0008199801967357957,0.3781190570937612,0.23645529567525567,-0.2373890723517572,-0.46781489112200075,0.09755167505587832,-0.016435418132069984,0.6107956005260091,0.574348353464989,0.35114033154929347,0.10658128128258741,-0.0435970762805836,-0.3874725525665513,0.14478821588188212,0.03723996402381267,-0.14357919153579077,0.5007825546977468,-0.4733153474470565,-0.1694662154443417,0.5104185060106706,0.4927026473832014,-0.12767321056755904,0.1922976517085344,0.5542805263039912,0.17582780200790102,-0.2374916318041735,-0.004965847372992199,-0.016866434617238735,0.025349111959629057,-0.520363248142441,0.26236666542024456,0.3442609534045005,0.1746819008915116,0.11454932637172568,0.41324316624074,0.568744131292992,0.49840415569606966,-0.40877932096465264,0.09021835191570571,-0.028018500729352545,0.25339824681239725,-0.07837365121460568,0.40068510719375455,-0.4824240532595182,0.5175543006466777,0.3976453692197056
feature_9,0.36238190611942506,-0.09531612900378557,0.05646521952931277,0.19775799357300264,-0.10610688793575444,0.08934449957330044,0.1483529396875522,0.029544578566956983,-0.05457881968725905,1.0,0.3557719936162251,-0.04733485933501505,0.3040534372308639,0.14219219117696344,0.06234662789720808,-0.1222918545159124,0.1404729394772249,-0.30863665519397543,0.21862827318758507,-0.5084237329345341,-0.1843119511352364,0.36426452826523237,0.14492355893550152,0.4261871514851721,0.17169143441025644,0.5915332751273836,0.0027351748862915006,-0.06773847901108548,0.11132855397146262,-0.16300419590469065,0.046838695624935735,0.03017722480262309,0.038207287793744674,-0.1308153577275708,-0.11062766027271585,-0.052861274901828834,0.10021910518936761,-0.1787008257416346,0.21976249059372774,-0.22353553033204873,-0.24964970037472306,0.2690355173527227,-0.042259239706030294,-0.0733089334612247,-0.29720083817845383,0.42478758992522747,-0.030287218130906103,0.2004200646603082,0.3425861026224354,0.16888662561224058,0.18428367149785807,0.12448486442919555,-0.09799222305513831,-0.08853278433698564,-0.1495626289571446,0.05941505586173151,-0.31676321199479684,-0.07232362219242063,0.08042011966376349,-0.1728209233699771,0.3196030959775115,0.0863028009339649,-0.3495374133746958,-0.16175692112255627,-0.057630493027250436,-0.22804081461898132,-0.0927665956029467,0.13863047091398262,-0.14845449843129896,0.31137284352035605,-0.035222052751141146,0.41064935843318456,0.1871569767463955,-0.0337201790827516,-0.2842975599984835,-0.018201236724431403,-0.10700854940119597,-0.10991444432081414,-0.1745345696089612,-0.06725534072482015,0.15284249478620363,-0.2311901329305282,-0.004827794668878724,0.12704798515241608,-0.24915421075984365,-0.16452713794728466,-0.34927436361391634,-0.004362079189655588,-0.44280164028975755,0.1692182888888113,0.033978559343259856,0.14747361401088854,-0.09233986857700686,0.3598583573920215,0.056828177136965086,-0.2100125119299786,-0.05785454411450482,0.3445018286169824,-0.12786930315382247,-0.2850900430915462
feature_10,0.5380675424489144,-0.5007129903720845,-0.6847594039925945,-0.0612138335483487,-0.0695218906987067,0.2045431111885943,-0.4214704143321662,0.08566781143889625,-0.4552862601406489,0.3557719936162251,1.0,0.24487825214980205,-0.004733689256269012,0.29694175729429956,-0.4085218585596127,0.41576697475728697,0.5254394438287122,-0.11595701702778197,0.17706525771643436,-0.7319957718392864,0.13535323257150492,0.07817147943197528,0.6112813292317804,-0.03483977455331622,-0.22822589150977834,0.5322470521193772,0.39239632660036694,0.6580846457422214,-0.05859724805511385,-0.4316374956494264,-0.09820008258047853,0.4879691407293535,-0.06233325463255923,0.36386639190329306,-0.08792743718180102,0.1667879703772286,0.6416973361638821,0.4998578582555088,-0.1463756000902154,-0.10484477387057298,-0.37824452520343876,0.2364527313394917,-0.3269462683505655,-0.36680847245987774,0.04040200687945173,-0.17670539723990278,-0.2863239270280043,-0.010742968960833942,-0.09245748100885653,0.40027163835065904,0.6246364676830736,-0.6293691510359005,0.006538822193811542,0.6384868305060099,-0.036663419658546706,-0.5414299065967574,0.2585967083262968,0.537072504668154,-0.11102334896479138,0.10951259396835347,-0.2612636039108744,-0.3123487989395464,-0.3656502341584378,-0.05839206283409181,-0.3484040249552631,0.33347114233993,0.48529434927133924,-0.4180675508099438,0.17491166425078666,-0.2001975055435729,-0.6341430318968675,0.4026893504355699,-0.2820985244243454,-0.4431537938519437,-0.25274551474431617,0.48507766512353817,-0.632449500845146,-0.4968167780230012,-0.13312722509561237,-0.17268479302657513,-0.1323093640247437,-0.11733862929504266,-0.08594101924694741,-0.07019590616094092,-0.5151911710214812,-0.4775388759146217,0.27326399284750214,-0.31294539389139153,-0.12868226560312976,-0.49032011718582497,-0.3742543285724384,0.6365428047586286,-0.42703594382799626,-0.3176612478878298,-0.5701810222176246,-0.5272090061993048,-0.5588734320171946,0.3910924666352407,-0.15271964411540223,-0.6981969270250943
feature_11,-0.12188066133072734,0.12322558009521133,-0.4556258426682002,-0.0019598645420061934,-0.5142966124945714,0.5462542237644208,0.08758979881245815,-0.00022704159945412518,0.13566354583631343,-0.04733485933501505,0.24487825214980205,1.0,-0.4201438265329869,0.10188352024710115,-0.3749988160730405,9.537768243512174e-05,-0.052790293469168206,0.2292957417321048,-0.44082346727161414,-0.01107288480592303,-0.2229571856169741,-0.2692751484371162,-0.05039892395461078,-0.4669124347016545,-0.36925577624901385,0.055058588659418,0.5215684908457118,0.4085993645249722,-0.6027640431331832,0.0009669096941076453,-0.12319253801874319,-0.22228911194997727,-0.36974950492789543,-0.04832402478018266,0.27552734283288743,0.04026735542702306,-0.11736875223517028,0.395045286521822,-0.2758485382492071,0.15061731097038208,-0.1116967084386106,-0.07522191892985862,-0.2349698476996177,0.14598741819484898,0.1477969360706639,-0.20876470603160702,-0.20754533051816232,-0.06267810099392705,-0.26920716777234055,0.4188976174604345,0.4102274350729943,-0.42588880585488254,-0.5233661061751269,0.34234357760941986,0.4487057203079564,-0.062169274220183535,0.37801984903369795,0.0036796163672671678,-0.3580451712503999,0.5782510471558839,-0.3368074059688783,-0.006148997713248283,0.47749425919879224,0.02367203270466451,0.18650073868853234,0.47217501796590866,0.4012484023612193,-0.6978174796799482,-0.04793228912169518,-0.10892229244710663,-0.2231087651853795,0.16321617664711807,-0.6210668472204415,-0.03613912559769647,0.18637158366241385,0.08915119841201175,-0.06637968224612875,0.15841517969739774,0.2062409683787434,-0.5742913691775757,-0.720884446425476,0.04777969440619174,0.28928310138883817,-0.37649828503764665,0.1789248166085645,-0.1386770480436227,0.5341120888931401,-0.5598301262822755,0.30804882775641285,0.07446244383362041,0.05155392707850498,0.5413535225290591,0.13147445751653758,-0.43054209231584206,-0.043745727563238475,-0.1947720865291086,0.19981395756675957,0.06381732903066654,0.3177872813964919,-0.023318311760945416
feature_12,-0.037174288697559385,0.134254855127019,0.4343786996729768,0.3591079171120262,0.2534538718488428,-0.20524651181223497,0.44000221826582203,0.5073564075098705,-0.2792259444160089,0.3040534372308639,-0.004733689256269012,-0.4201438265329869,1.0,-0.12056367185956395,0.5480520487940049,-0.4749794727838775,-0.19895358135208535,-0.35562162286684396,0.14273045491842076,-0.17081114348663032,0.028917011253518306,0.13269952722322625,-0.15794068816128726,0.7198656906927644,-0.12957748183969192,0.07289820172178597,-0.4037979611168428,-0.4468352948731028,0.17602640484837967,-0.11997074539498766,-0.3564926617870186,-0.13880888040111855,-0.16566669315200777,-0.1422527382538587,-0.5610014489614171,-0.5517173093490171,-0.018854970874214946,-0.5070081338465987,0.07781175771801792,-0.3103831338668709,0.3774202703620626,0.30132264300733447,0.4783542242359196,-0.21951651472420908,-0.13995920347741014,0.11185317523851054,0.16662630179410773,0.5090807192599696,0.5293858672007019,0.036692260395277065,-0.21302554333604096,0.4509007281993356,0.4023740928058301,-0.3740842521440434,-0.5462435458160784,0.3710758483828304,-0.7309316377063092,-0.379555721228408,0.43986244288504595,-0.17873366928933707,0.6400244225768131,-0.1615488367320642,-0.3168638375241175,-0.6062676024318879,0.23587235544675358,-0.46051032319544777,-0.30663606876853683,0.46237288381393077,-0.4201444794393544,0.5095326375962428,0.35401779870866446,0.18875038981241998,0.6983079836650045,-0.053513601306035476,-0.4867690306407942,-0.3159896725129025,0.0634216598026795,-0.23468982909468206,-0.14390220712086027,0.37907105483302045,0.15040213714564735,0.27925734423415915,0.2734954148086342,0.561840955778738,-0.2765679751218811,-0.005013314816472707,-0.46287676201430494,0.35298477728281835,-0.7738991731955803,-0.02507129470846167,-0.29080109560195716,-0.31259568163418766,-0.05835507891294209,0.532005527832775,0.4144342484296886,0.3262824758288764,-0.1429449805731531,0.5126025447212379,-0.5891941768107247,0.005484455966632401
feature_13,0.3415175836252049,-0.02790496859379359,-0.4111997469571189,0.11360296045996664,-0.22743154662708523,0.34617495979398216,-0.23170178445556402,-0.04394674917180604,-0.264195092606984,0.14219219117696344,0.29694175729429956,0.10188352024710115,-0.12056367185956395,1.0,-0.3246336712942336,0.1920566855167246,0.12148941671827646,0.10511285263016171,-0.010580004217991192,-0.1425318593664367,-0.20159012695397743,0.07229959048937401,0.2656453440469797,-0.11036250074851113,-0.29587382634626996,0.42442956864999704,0.15288357540046446,0.14888773961762788,0.29735911826653394,0.15421943588248166,0.21056359342778155,0.33944878902399184,-0.32368210929229707,-0.275718639915239,-0.16903764767129012,0.202990751513471,0.057825489223228325,0.1500369778696862,0.1863473785767359,0.335640065140969,-0.36787221530710473,0.36734666161934837,-0.0852551801446062,-0.3257896071613945,-0.5230360286347562,0.2522931456601425,0.16366538733890726,-0.025583975464447236,-0.19560566963998316,0.3358824467886389,0.11921784219869382,-0.35119606300036205,0.3012984010510714,0.2297879657511618,-0.052703091549963915,-0.4350045464908685,0.06827267418864227,0.2245950701309014,-0.2737900591693615,0.28636907295627256,0.05113807911630616,-0.2020038017049566,-0.08513387527174349,0.30592497922546413,-0.23375384388212797,0.18866653913689757,0.014236092116947168,-0.13401298308302584,-0.053564348560414726,-0.03235937319630709,-0.4060546232217967,0.36329764792034636,-0.30708643678191194,-0.3886014100207773,0.23346139800865753,0.5008942348916385,0.09108027498198372,-0.47091681853662615,0.03540959596710082,-0.2938351566013231,-0.11161500431775097,-0.01322777244383541,-0.020088351367072908,-0.22414073149385005,-0.3876856400452039,-0.5585466038464826,-0.08273386205135719,-0.11585802457678639,0.14451453105243584,-0.1782714810083899,0.046951000365430345,0.36315375803371064,-0.1433530734001924,-0.19203650227695457,-0.08285352563185641,-0.32625151658272805,0.11175751269104942,0.16220259628540845,0.1924620825452689,-0.5063985826047659
feature_14,-0.31844302713903816,0.3186862324541449,0.7322182863858463,0.5179218010440969,0.3426241514256545,-0.47180718525789855,0.46518743456508216,0.35120428188052627,-0.11225854696070439,0.06234662789720808,-0.4085218585596127,-0.3749988160730405,0.5480520487940049,-0.3246336712942336,1.0,-0.6409943660951364,-0.4260280113026628,-0.10711078586981282,0.004806891944707956,0.21767819848205822,0.0027560012143044784,-0.05282814074603259,-0.5887512397584317,0.5269044391658322,-0.012940947795063832,-0.39816992450555644,-0.7082924466880793,-0.4829079183043825,0.11217091189729357,0.03565918281813369,-0.17478673788313145,-0.51994725147439,-0.16118387926909986,-0.13341127088823668,-0.5185541121767885,-0.7122094165232478,-0.39902076202810893,-0.7148038119480007,0.20889999057609054,-0.31025006014742224,0.6693130508536682,0.1683856586793603,0.7073162972128783,0.05070079095716913,-0.11628863284589058,-0.04762285160247233,-0.07633776625402772,0.5502701154987195,0.6944532119178789,0.0787037718479545,-0.39260860736152065,0.7092481852527468,0.34463643899288465,-0.5643887059912818,-0.11773070965956232,0.6002267916357088,-0.7304346725385659,-0.6538056190483473,0.6540894747985119,-0.20070214616681076,0.5062643833434902,-0.11092639395210033,-0.0913045409412897,-0.5167440911533517,0.32632814491047624,-0.5876134595641604,-0.3956775140850526,0.4873096657479991,-0.4540872770386912,0.6256603171993028,0.5560633330834391,-0.10725880991477713,0.7904602553520436,0.22098830397097396,-0.40981616427419504,-0.6781971104440039,0.4842687623603429,0.27208224041961815,-0.10219678990877053,0.3893535481140726,0.2025597626075672,0.19672670872333461,0.2767871197288773,0.6392674847440409,0.3116116668652781,0.36379334405411407,-0.5621748939031788,0.32622127028461595,-0.5542076264191678,0.26765987012341314,-0.007617356897708633,-0.5304259194788817,0.39673526399054254,0.6315627755630374,0.643593546409028,0.7963014813650033,0.20786923822346753,0.18418302915409873,-0.5321823178077641,0.48707292053731494
feature_15,0.6008500244308731,-0.5963100306524269,-0.6809865002167271,-0.5423049858707923,0.062467733194198655,-0.08334549005949511,-0.8330450789992891,-0.36564024915768006,-0.19998757077307522,-0.1222918545159124,0.41576697475728697,9.537768243512174e-05,-0.4749794727838775,0.1920566855167246,-0.6409943660951364,1.0,0.572978140767644,0.075090376775247,0.34670272343693415,-0.2541427959810439,0.2585699520237498,0.19661719311479497,0.6939841505344495,-0.35899849471261025,0.22860563133419096,0.2136262142220814,0.3068698908104281,0.6137148940179226,0.2833765209315237,-0.1800804577001615,0.3639184304463855,0.7348621458790946,0.43774805315478915,0.4454441715129966,0.3261775194278371,0.7376682950958634,0.6394067421943728,0.6825003623547471,0.03893838656406615,0.29083389495477396,-0.6193139554566229,0.014007346250286632,-0.5811920363255323,-0.16966693408003575,0.05306438249873952,-0.07991217885731842,-0.25049322106844024,-0.48085314165180143,-0.49754149847211615,-0.08842063822196841,0.3867597002573591,-0.6414064545052037,-0.02927475821697151,0.5497702149995819,0.1225570065718232,-0.7731164275188848,0.7051023950736616,0.8722307692896739,-0.2515851906683507,-0.18038289250488979,-0.554716907929553,-0.1086967582010956,-0.3917183945315903,0.5017573292364412,-0.6047995909408922,0.39511067162086944,0.34164262344165547,-0.27785840208227475,0.7565839891589331,-0.6661839891782844,-0.6667934307730375,-0.05664846804105047,-0.46311383640637654,-0.3852950846475781,0.17716022398385362,0.6951673615478886,-0.4671375031616357,-0.4105944500143688,-0.19412903164088663,0.10593079937439442,0.2775826607072837,-0.446803663198258,-0.6660795710938173,-0.37073346833981374,-0.2086740268413893,-0.2647095759643427,0.28222068449437343,-0.07793889425141122,0.45574529125848934,-0.5603894918834652,-0.09506841448876019,0.4588865168350574,-0.4330437033915904,-0.48092434486670443,-0.824420484496935,-0.6099637378803008,-0.47691514030021376,-0.2937071011794697,0.25806534192193475,-0.5352609862793856
feature_16,0.4845143111148461,-0.6293348435077523,-0.5356236011797348,-0.12089373538271715,-0.05220605423398006,0.003472200015515536,-0.6100208574717013,-0.16177090937258592,-0.37964310904398413,0.1404729394772249,0.5254394438287122,-0.052790293469168206,-0.19895358135208535,0.12148941671827646,-0.4260280113026628,0.572978140767644,1.0,-0.07616262745658374,0.41033466970211985,-0.5896134461426944,0.23909137064771813,0.20791670625996464,0.5368872040137682,-0.07082475325194729,0.12758115879342627,0.42249091925666415,0.1454693858582776,0.6041030797955612,0.11206417054600455,-0.3910185811412374,0.2239013872988663,0.5317610446922706,0.25606284007066765,0.39096641425018097,0.09551152729026709,0.35299984569106796,0.5189347060390599,0.4013673976491272,-0.1447211227558471,-0.09034729575760145,-0.46407132961189956,0.14415378981265461,-0.34291749478974143,-0.23701381562396698,0.17807871188479363,-0.1818018033355191,-0.12677192389954323,-0.07212074614110854,-0.18211165324053483,0.12617233857213606,0.5321148215788913,-0.5115503456820992,-0.028656618736486925,0.5145346414424024,0.04153757049772245,-0.5758035878683806,0.31011215465737224,0.6101776962720514,0.007902132584474718,-0.16956535039294837,-0.4153232275692592,-0.09627376042278966,-0.43516612072163097,0.20370785170471997,-0.4465516373559663,0.259643036912912,0.5171214631602177,-0.24894984495099395,0.3682823343302406,-0.3304428388750894,-0.5656094177402029,0.27288203605639705,-0.25983960372042114,-0.17575384936199917,-0.11240175285277497,0.39388260174266,-0.5722673668240689,-0.23618640961893025,-0.10147640439770267,-0.0337872063791438,0.12512920837426053,-0.2760651884764198,-0.3385203702652848,-0.08240426969233051,-0.2934925833579156,-0.3444047404181608,0.1102500818930426,-0.2736337783166013,0.093929651106416,-0.3877834368346533,-0.27593853617938385,0.44582918269710503,-0.23886203526978633,-0.3291698862137336,-0.7306025921645847,-0.46368064650187324,-0.4724802865993227,0.10806208313871178,-0.05227296134365217,-0.5166846375759597
feature_17,-0.0414366692292449,0.29870841292096834,-0.08697850010887166,0.03199642038663489,0.04742474591413303,0.15866308071724375,0.04805655744638924,-0.0853617159361814,0.036411993719154635,-0.30863665519397543,-0.11595701702778197,0.2292957417321048,-0.35562162286684396,0.10511285263016171,-0.10711078586981282,0.075090376775247,-0.07616262745658374,1.0,-0.1297594495337095,0.2353764766920853,0.12707737873001845,0.006579532113750852,-0.12904428263925924,-0.3040379313318118,-0.056916821245320666,-0.3279348168566494,0.032373165221541676,0.05541694209210044,-0.1161536311857982,0.2989443848287351,0.013825408866393898,-0.1680565959591396,-0.12464360916287455,0.006407634259082974,-0.034614210532159885,0.1292664228244444,-0.24005107717421503,0.15863630467854709,0.0038629003793197478,0.15445447377642055,0.09628526461092553,-0.18807098082227147,-0.05507173074706267,0.051481571758813245,-0.1396711907703177,-0.08117286424508975,-0.05091913231092166,-0.10279320107728518,-0.12833746181830277,0.14752373842468602,-0.0011472795911333762,-0.001826583625906492,-0.14933383158391697,-0.08688154826841121,0.465695403570416,0.06247328033581097,0.1883640862861519,-0.1287126913442836,-0.06475375816739022,0.08462637937459327,-0.21630508885215,-0.07517335765487317,0.2902337409286403,0.25600944700326794,0.07139253410566702,0.22008810523772143,-0.13122633841769718,-0.14165490829269956,-0.04831395645868674,0.060909791069955574,-0.18693409598935792,-0.08141247012525031,-0.264764566365638,0.1271959896490646,0.11768915054953104,-0.1857762343067851,0.24070132266902883,0.21322533980107441,0.18650030855614833,-0.22445073936517307,-0.07575553770535509,0.14659236695628236,0.07687979191649956,-0.09904155847371379,0.29105338979356615,0.18614081563561666,0.043884803028656064,-0.0914141646469446,0.3896410130692765,0.22006135214706488,0.2806617863269624,0.21417806118018878,-0.07703259862942577,-0.0933796304960839,0.10863679564261432,0.04839385043610671,0.195005595056159,-0.38189685026365394,0.14409121981190423,0.299780448432173
feature_18,0.5421081733768957,-0.3132638597420108,-0.09141895391521707,-0.13099537794470711,0.24463946180766424,-0.31954665343692595,-0.3462032846248046,0.013639700821097368,-0.3717362592232297,0.21862827318758507,0.17706525771643436,-0.44082346727161414,0.14273045491842076,-0.010580004217991192,0.004806891944707956,0.34670272343693415,0.41033466970211985,-0.1297594495337095,1.0,-0.269836792063581,0.3067833503146531,0.5333023035675123,0.26870741824304256,0.23119441643303354,0.36364965390677606,0.17873109877499863,-0.08068896096303083,0.16540532426815668,0.3933091386504171,-0.0896503171458055,0.17356653067346645,0.3086078032688447,0.4207234708749916,0.1981394447851693,-0.18245529314189748,0.2640959137034955,0.32557070839380087,0.044616016436469536,0.1254849304841256,0.108139093287416,-0.21325586383090883,0.11969619905310443,-0.11924684253261014,-0.16279777657369404,-0.16851999022655065,0.1668451971768381,-0.17983915945169585,-0.018100750540259107,0.2583581432420553,-0.008055207498240489,0.06249571152448801,-0.018205396020378822,0.08921410674132735,0.10982094017815044,-0.06193517666571948,-0.2935982632967374,-0.0370608483392265,0.3595179943640169,0.17254976007403713,-0.5131054051669159,-0.007272677108707639,-0.0018852237171715794,-0.6125577383401569,0.062478248479493945,-0.2377466424938041,0.007350442093070435,0.014390898006128815,0.05633276035599967,0.34685465911696667,-0.1262021768163246,-0.3490356965632677,0.15598461347921713,0.12623141924261097,-0.2809888978664982,-0.3727134535984454,0.13763703164633934,-0.18664805444462312,-0.26329182266907414,-0.19318206888867032,0.38164922829311504,0.515300719197861,-0.373310637202722,-0.3867385373672584,0.2399622470730666,-0.14372251798174945,0.017037069863318155,-0.28737410548426245,-0.02744334141160587,-0.16737810796387181,-0.32394856689040613,-0.07945112095388487,0.09024844603980538,-0.2698895469197081,0.23167061469118064,-0.34628140986490064,-0.16915973751198465,-0.36866991158204876,0.0021948373207123437,-0.08579375135155633,-0.16726377570852474
