,feature_0,feature_1,feature_2,feature_3,feature_4,feature_5,feature_6,feature_7,feature_8,feature_9,feature_10,feature_11,feature_12,feature_13,feature_14,feature_15
feature_0,1.0,-0.15371980595442175,0.1643965237461427,-0.2543746386600415,0.044194489555085446,0.02785438857548833,-0.3506173359980479,-0.011011961586807397,-0.15661671725870138,-0.32741666440603107,0.05074913660056353,0.3919429322573344,0.11763198208036899,-0.32564775248251315,0.48768448755395905,-0.22432491422870887
feature_1,-0.15371980595442175,1.0,-0.2214079312493047,0.18087095658178481,-0.21271245384984483,0.06762430384441855,-0.1488967237327656,-0.365221593584507,0.16524131272313825,0.04549910865504882,0.11640642553077062,-0.37959504568552316,-0.16625431315949538,0.6287794598855346,-0.2643327299311034,-0.08457348682540693
feature_2,0.1643965237461427,-0.2214079312493047,1.0,-0.24172156298215072,0.2735405494043922,0.5091861429356773,0.3149756372382394,0.576317392414991,-0.2941195513704133,0.31992379246309166,-0.33819264184822073,0.07894156689586167,0.2340927327573052,-0.3034830412009345,-0.22460508789832165,-0.4254645785635366
feature_3,-0.2543746386600415,0.18087095658178481,-0.24172156298215072,1.0,-0.13389718409054674,0.0801100971929093,0.35619509784716025,-0.05218093366417795,-0.01638217342026362,-0.18776746092533445,-0.20573134193281722,0.19133326028907086,-0.031844996958770605,0.2185611027154843,-0.15126295945801213,-0.07236092913440587
feature_4,0.044194489555085446,-0.21271245384984483,0.2735405494043922,-0.13389718409054674,1.0,-0.07331936698246021,-0.053847966379887056,-0.05277878057059886,-0.023323234915243303,0.4820476676622259,-0.13037083723831738,0.286169315563158,-0.1588566650102261,-0.13528081492149874,0.1620675267749969,0.023600102665272238
feature_5,0.02785438857548833,0.06762430384441855,0.5091861429356773,0.0801100971929093,-0.07331936698246021,1.0,0.19879201242928798,0.23141587433234131,-0.6021250846832493,0.19364504569077368,-0.22419289817888954,0.2946113129365702,-0.14645764033765993,0.029291104104856677,-0.42350934102115717,-0.570519958039149
feature_6,-0.3506173359980479,-0.1488967237327656,0.3149756372382394,0.35619509784716025,-0.053847966379887056,0.19879201242928798,1.0,0.31609393602612235,0.061194452265548725,0.12765474335875035,-0.47513493298801257,-0.21584134971186222,0.4766103368099001,0.125920440580577,-0.34162923578912135,-0.09363344153311462
feature_7,-0.011011961586807397,-0.365221593584507,0.576317392414991,-0.05218093366417795,-0.05277878057059886,0.23141587433234131,0.31609393602612235,1.0,-0.11701140419501453,-0.13274568762470879,-0.2849197499574603,0.07374541601319494,0.13270001009691051,-0.6097120018257615,-0.08355447864118004,-0.07098571641460008
feature_8,-0.15661671725870138,0.16524131272313825,-0.2941195513704133,-0.01638217342026362,-0.023323234915243303,-0.6021250846832493,0.061194452265548725,-0.11701140419501453,1.0,-0.1493836120989439,0.28455170791947104,-0.3961834142413476,0.3249026309693991,0.10104800724412816,-0.10604475955152286,0.6705223053874292
feature_9,-0.32741666440603107,0.04549910865504882,0.31992379246309166,-0.18776746092533445,0.4820476676622259,0.19364504569077368,0.12765474335875035,-0.13274568762470879,-0.1493836120989439,1.0,-0.25369585015914425,-0.08537262044091855,-0.17014411099978702,0.2693505983154803,-0.3587732776573713,-0.042140663890469617
feature_10,0.05074913660056353,0.11640642553077062,-0.33819264184822073,-0.20573134193281722,-0.13037083723831738,-0.22419289817888954,-0.47513493298801257,-0.2849197499574603,0.28455170791947104,-0.25369585015914425,1.0,0.04224367034159259,-0.08622695848027889,0.09918971066615942,0.048656473282566906,0.24658635149869604
feature_11,0.3919429322573344,-0.37959504568552316,0.07894156689586167,0.19133326028907086,0.286169315563158,0.2946113129365702,-0.21584134971186222,0.07374541601319494,-0.3961834142413476,-0.08537262044091855,0.04224367034159259,1.0,-0.22555162486460195,-0.3298386652679829,0.10091048565701431,-0.2925764593229033
feature_12,0.11763198208036899,-0.16625431315949538,0.2340927327573052,-0.031844996958770605,-0.1588566650102261,-0.14645764033765993,0.4766103368099001,0.13270001009691051,0.3249026309693991,-0.17014411099978702,-0.08622695848027889,-0.22555162486460195,1.0,-0.13693455307329472,-0.2940523402258619,0.02417026482549802
feature_13,-0.32564775248251315,0.6287794598855346,-0.3034830412009345,0.2185611027154843,-0.13528081492149874,0.029291104104856677,0.125920440580577,-0.6097120018257615,0.10104800724412816,0.2693505983154803,0.09918971066615942,-0.3298386652679829,-0.13693455307329472,1.0,-0.2198269719305866,0.044928903539563185
feature_14,0.48768448755395905,-0.2643327299311034,-0.22460508789832165,-0.15126295945801213,0.1620675267749969,-0.42350934102115717,-0.34162923578912135,-0.08355447864118004,-0.10604475955152286,-0.3587732776573713,0.048656473282566906,0.10091048565701431,-0.2940523402258619,-0.2198269719305866,1.0,0.18467052900467784
feature_15,-0.22432491422870887,-0.08457348682540693,-0.4254645785635366,-0.07236092913440587,0.023600102665272238,-0.570519958039149,-0.09363344153311462,-0.07098571641460008,0.6705223053874292,-0.042140663890469617,0.24658635149869604,-0.2925764593229033,0.02417026482549802,0.044928903539563185,0.18467052900467784,1.0
