,feature_0,feature_1,feature_2,feature_3,feature_4,feature_5,feature_6,feature_7,feature_8,feature_9,feature_10,feature_11,feature_12,feature_13,feature_14,feature_15,feature_16,feature_17,feature_18,feature_19,feature_20,feature_21,feature_22,feature_23,feature_24,feature_25,feature_26,feature_27,feature_28,feature_29,feature_30,feature_31,feature_32,feature_33,feature_34,feature_35,feature_36,feature_37,feature_38,feature_39,feature_40,feature_41,feature_42,feature_43,feature_44,feature_45,feature_46,feature_47,feature_48,feature_49,feature_50,feature_51,feature_52,feature_53,feature_54,feature_55,feature_56,feature_57,feature_58,feature_59,feature_60,feature_61,feature_62,feature_63,feature_64,feature_65,feature_66,feature_67,feature_68,feature_69,feature_70,feature_71,feature_72,feature_73,feature_74,feature_75,feature_76,feature_77,feature_78,feature_79,feature_80,feature_81,feature_82,feature_83,feature_84,feature_85,feature_86,feature_87,feature_88,feature_89,feature_90,feature_91,feature_92,feature_93,feature_94,feature_95,feature_96,feature_97,feature_98,feature_99
feature_0,1.0,-0.23280418764651098,-0.13222583990318548,-0.22877297738279428,-0.18980215172826098,-0.08427449720619312,-0.004084882934089986,0.1996803212696898,0.08781011404165887,-0.0003969375224542996,-0.6164976115849837,-0.4824961767071805,-0.06726892926869023,-0.3405339660201813,-0.08382187299862963,-0.14422183160560448,-0.3366523148498939,0.5574224792460077,-0.40697865990545645,-0.16053393356323645,-0.5105266658954409,0.38780173795945405,0.37451467234355473,-0.33454087555274686,-0.15760439613713748,-0.07986344734149811,-0.3340652818362322,-0.4871349168543311,-0.2576332434166001,-0.07933152392003073,0.3635926778405809,0.5618495664134875,0.2931633290278452,-0.39697092880990864,-0.43700106403952443,0.1379052217360558,-0.19334236030980895,-0.07221600082076822,0.09506251606068801,-0.11324295260327936,0.4895019924032501,-0.03818010490216055,0.31938515652012284,-0.16701307354297412,0.3196831416986415,-0.4290942303084348,0.057757576380613074,-0.33804588676395697,-0.2560905875294866,-0.39585548475134247,0.04153832957983114,0.7313157380757777,0.3078362683656112,0.2127206647910801,-0.372057309849309,0.3762663866168068,-0.3820682946727737,0.002082498883654159,-0.04565611856350434,0.30316057231543014,-0.1763532601339287,-0.5821803266033317,-0.040127413154188205,-0.4800587723201859,-0.2644920840085406,-0.2978997615449717,0.006143916647652554,-0.2909577272761316,-0.4251444739695881,-0.33902987176225335,0.37149329522049374,0.15620257480883154,0.26817215099433384,-0.05013644375760854,0.12714370334452105,-0.13514889546911094,0.07453149117421835,0.111374549865389,-0.24327134572277154,-0.2488150340660572,-0.06803489313809287,0.1313252828432412,0.4369225475889699,0.13990898070473354,0.15645880833530962,-0.21463686454778103,0.37919578624871425,-0.41306340928382695,0.04225462340665359,-0.07072364735763452,0.261049877881136,0.20819379505126048,-0.6549940696763797,0.07851425459875351,-0.46822642353211086,0.18198713024469307,0.1559039234457789,-0.2900853255844011,-0.609193096181501,0.22033778252633518
feature_1,-0.23280418764651098,1.0,-0.4859224855709363,-0.17352271675586517,-0.46451236564694093,0.6359654218462054,-0.5204436191846997,-0.1017019565473392,-0.1906461367664374,0.4397144049550941,0.24535251148345855,0.662709541124514,0.0628802061082464,0.33937936892849657,0.41942156303745526,0.06295198369061052,0.14703545345209282,-0.35162558158983304,0.22366020844164877,0.19548032498090584,0.4807234288049401,-0.236471119978138,-0.314698898717737,0.5996031182007235,0.5690211846463878,-0.6405293862497604,0.2988287980930292,0.2219928684918795,-0.12483014833939282,0.6446676398720654,0.056530970974881814,-0.6038699889292871,-0.37047526821675975,-0.008592833200740467,0.4445068936785095,0.3818118557779441,0.508608645113273,-0.06923372351771206,-0.6152006466531015,0.6459983021713593,0.15193250922296467,-0.02356072068138508,-0.1160720303132521,0.2584904055686221,-0.5509685015243542,0.5281557370254872,-0.46000680855692183,0.09823055353530245,-0.31661914829483984,-0.15272423188312403,0.46976673676686787,-0.2909881218817012,-0.4237623289704783,-0.32288011635606384,0.08259619065359121,0.6162843125061686,0.04959430814528763,-0.4371966113610442,-0.4792673608342478,0.033778350061287585,0.2422799535040391,0.48521729650672774,-0.7194428311477526,0.41446699234951195,0.5883453926819223,0.2709358829978195,0.17978881239900923,0.5789449369426262,0.5187502787230311,-0.35831497122865524,0.4641276826366107,-0.41082161395315475,0.1618366066621655,-0.4578916741420227,0.40660758129855795,0.1448085778231337,-0.17390751785296013,0.2610754602472909,0.10721786164792127,-0.12927242215307527,0.5001192938169803,0.43214785288972246,-0.3882420056278219,0.27387462021889825,-0.4388396942000395,0.5027026437396321,-0.3709916875575905,0.13061199035543766,0.5392846177197035,0.3402688451788733,0.056270912034265444,-0.32449072241495636,0.4195327802700005,0.080967880782703,0.17876732883919344,-0.39866830410851156,-0.702421519872307,0.6082019711160823,0.36834883090461895,-0.1983828474860681
feature_2,-0.13222583990318548,-0.4859224855709363,1.0,0.3484005216402556,0.2876948851673307,-0.3303204688217501,0.46747081212659763,0.02868010628144369,0.7947889989164877,-0.5284929021457742,0.15505288562297675,-0.33558270828349496,-0.22424503587604977,-0.31162987570943107,-0.4797287282136168,0.14848245420747777,-0.0638520168845332,-0.05057261971194622,-0.3546280239115955,0.1371280380001944,-0.15649045511272253,0.11237075059034998,-0.26652903237630715,-0.4330363875420212,-0.3261789365616726,0.38215347523307047,-0.03537964417754658,-0.10081923115608839,0.5711118982697944,-0.46580421018378176,0.13396524613345454,0.2690327105219449,0.39071899789016973,0.2956314673618506,-0.3513434563750798,-0.2285905857750465,-0.5774132715244773,-0.09801388712477753,0.5207807637864789,-0.46832573287348916,-0.24982383761983987,0.0735418852367133,-0.07884724273774536,-0.40039811455666235,0.6563275871246478,-0.4869394241217396,0.37328184857167257,-0.2579604865575589,0.48102133527706425,0.29731916267583336,-0.42706502587200335,0.14068043127759736,0.4522667000191226,0.3990093105878057,0.2923410475751437,-0.4863957714754699,-0.039519545490182606,0.21081844143775771,0.31205603427306877,0.005911448630304382,-0.29524757438040433,-0.2792993166950845,0.2543148799941066,-0.35411821869583887,-0.3671995136047723,-0.2243036463504838,-0.13065062423833107,-0.23672088627326537,-0.09109739758484962,0.11409026966668366,-0.30489130662405867,0.25475073535014,-0.34321125356558074,0.2902376480276696,-0.1875675924467834,-0.10072056057916538,0.556059515472662,-0.25611026985147484,-0.043122597194403325,0.24961963564664677,-0.30398229329228627,-0.12136036390421508,0.32150516882626834,-0.3123660702978947,0.5448764828510281,-0.5580606987046558,-0.03665854646697335,0.12680558627628105,-0.4496719309515871,-0.6039532091079991,-0.045968376971329376,0.6195758380433392,-0.22601127443688573,0.1847018542324224,-0.10101616736537775,0.4716952184518361,0.4748016423721018,-0.49486877028734,-0.20909173075337867,0.018850157096787105
feature_3,-0.22877297738279428,-0.17352271675586517,0.3484005216402556,1.0,0.3452249869043526,-0.12147768118856046,0.1316752909560289,0.04437170518219885,0.24240105156320074,-0.44696344353680734,-0.03205071879864064,-0.267433925121142,-0.5961336348962544,0.030923512180877598,-0.4437716268229017,-0.34299403653873256,0.19719116719204288,-0.23271135334558918,-0.033253213162852804,-0.33153190539884453,-0.21041407608098642,0.07969756584875126,0.0065035565531071276,-0.2244902068326916,-0.34366873326721153,0.11116317670082394,-0.4140590888285289,-0.3543434153432597,0.3831679994116853,-0.4725502817301062,-0.030072407728106078,0.2986463491098185,0.32180156255060327,0.1636712409344117,-0.289165333845277,-0.18237933287595626,-0.5106045726737664,0.023447441573734542,0.1496423979563412,-0.461013461570109,-0.03080563039195175,0.11610542282582523,-0.026478574593418954,-0.1473801309820209,0.3325664608033285,-0.4266675456127496,0.2795016830874703,-0.24194834826273226,0.23935206918286323,0.38717247220475953,-0.3048265485718281,0.15897244594301868,0.4550625588736431,0.1642167842404121,-0.5220176512365032,-0.14426701493113517,-0.03770945572853105,0.23930547538359542,-0.3620414518450198,0.11510608957113903,-0.3523336546727201,-0.20842327476808428,0.3465695733245133,-0.32413715578877716,-0.5688810618666149,-0.3797958578977332,-0.13724902557273128,-0.44421568952791557,0.011278355119995203,-0.021118308851951387,-0.4935741919821758,-0.16002691706693928,-0.14456197015072053,0.2569963312391757,-0.2614421795352118,0.038174339892791447,0.03356124892205611,-0.5059269019901645,0.5263737631347718,0.28824402739939536,-0.47541077686539024,0.012998657349298696,0.49341158746991703,-0.38038198087105135,0.28519811146406604,-0.24065438149972532,0.22684770731545514,0.23592124367657805,-0.3186041924786375,-0.08403521790125043,0.49215727582400864,0.10952142540465866,-0.22905579241510754,0.1637413671723511,-0.13080647320352104,0.20260136458568095,0.5561191634853219,-0.5694786762406856,0.0540427516777051,-0.2315521975718932
feature_4,-0.18980215172826098,-0.46451236564694093,0.2876948851673307,0.3452249869043526,1.0,-0.5831804513789588,0.0467501440281302,0.3252604931699477,0.043570430695867135,0.0027256732313724113,0.3211092565132604,-0.0675805090249418,0.14805619230115957,-0.14454482971667623,-0.09209735064537278,-0.0941487515479902,0.36421186515643755,0.35979570439503195,0.26774430123342513,-0.549969926663117,-0.156774927818845,-0.002556480936808933,-0.291375094641571,-0.051193247428887985,0.014479049310638845,-0.01817137303652845,-0.3051706515677501,0.03341830653656808,0.6547913528129697,-0.04070263410421627,0.02125106219085651,0.2150487872636938,-0.24498496441334164,0.11762167497128419,-0.13724263086871621,-0.5849552830505186,-0.1318100203667232,0.085902131095262,-0.014946339790721123,-0.16321706043424544,-0.31060363399442065,0.4850770895968893,-0.1569465835215351,0.29717925861658856,0.015560757341482013,-0.003268176484910486,0.3387920504877049,0.2899657180544989,0.5033205822093227,0.5425452894111876,-0.2847007440389264,0.022092274136071444,0.3072460266606039,-0.036606029163295105,-0.2891766488454427,-0.41450752114154643,0.4111245805143292,0.7660722577799052,-0.06361203648068918,-0.5497877840875177,0.39530947366621993,0.20195111860506118,0.3647251646583349,-0.039404532926833644,-0.05855748300278686,0.07606628591911384,-0.24618622019425085,0.048052856045157424,-0.16550564425350442,0.36496783710201536,-0.47037502970651884,0.05664642688854746,-0.35612293489841657,0.22560794352210556,-0.7845399478823009,0.08569681327410385,-0.14381623573386668,-0.023013552437687546,0.012511998171491373,0.29609721309967524,0.0024501697987111804,0.03791806309173864,0.022418343110425794,0.09665218106503894,0.19856047389072704,0.13739467480015694,0.05949078967526035,0.14799475465107348,-0.20847226591833024,0.09903258178695097,-0.04094935856769176,0.012647867121542367,0.14608483899113373,0.1669204050962132,-0.22107355632061254,0.07652467090524255,0.31429142857340253,-0.3986317386759267,-0.14841036707120644,-0.14355012600361605
feature_5,-0.08427449720619312,0.6359654218462054,-0.3303204688217501,-0.12147768118856046,-0.5831804513789588,1.0,-0.24868530372396047,-0.4426274260927808,0.023819022488200645,0.2815463259933078,0.11771581093948114,0.42838323105147097,-0.2436020531940883,0.6414762854994891,0.24675298233083695,-0.18530938141769301,-0.06549859387021531,-0.507638839228772,-0.14225590474562166,0.2532585544339167,0.2956115555406104,-0.13128605594286982,-0.17039693112897766,0.3634651592882588,0.3724934129976854,-0.45490499610363727,0.26084945965546485,-0.0623027013961478,-0.4192078592168051,0.37032863387166437,-0.08482158716630622,-0.5205787208760758,0.020600047255225233,0.41098382694483276,0.25010789332056144,0.573296914985528,0.14557444700483888,-0.33880359126626625,-0.22625905700510687,0.3555804249177179,0.5079596216047848,-0.13432810224103267,-0.1633117205254829,-0.1270719068084977,-0.3176711915999645,0.23942197221857875,-0.5172226448966354,-0.1039640335312085,-0.3616271908234774,-0.5650123171815519,0.5546822938630798,-0.32425442000712684,-0.17319474025676299,-0.43714537962111133,0.11730539783882392,0.6514141827910976,-0.48306178127904303,-0.3979903696330966,-0.2695400581957591,0.31135227104775465,-0.06482096392773591,0.23271794908281204,-0.5410905661257238,-0.01910685533914033,0.2719673442433159,0.14141990422250775,0.30763884732872965,0.3474759028224348,0.6910202187479256,-0.13745025890478219,0.3676027566707239,-0.171293970017932,0.47309252096146337,-0.4659908047316564,0.7036735536248993,0.05089031825407572,0.08586987421062978,-0.124906555822128,0.4758021066827426,0.12427369410883674,0.3666109522387846,0.3891412052126795,-0.12992682439625913,-0.01571220032811811,-0.20410969901445453,0.1569717751458657,-0.4096713740410085,0.18937446680523656,0.3274808500756275,0.18124686822892028,0.24858711109118403,-0.49946261832600464,0.20492368238652692,0.14362465986141898,-0.07330200894641528,-0.4766288032496895,-0.4846029404118447,0.4334504206814943,0.5315243138042646,0.061651857678471506
feature_6,-0.004084882934089986,-0.5204436191846997,0.46747081212659763,0.1316752909560289,0.0467501440281302,-0.24868530372396047,1.0,-0.25414357161470713,0.32201425831160907,-0.5301541390124244,-0.2622854437218014,-0.6594186930354459,-0.3019247110011876,0.007870440840346535,-0.474168731220652,0.23821099021463188,-0.008243063767588195,-0.20331040572980646,-0.5898792211641951,0.14232674981394183,-0.18269431486793733,-0.2826496244451824,0.21460867136103476,-0.5744167525381038,-0.6370172716586184,0.46717083635540957,-0.0005978952354063076,-0.3061217662924613,-0.14841136119235376,-0.6976807617762784,0.28187805699360013,0.4739157071586221,0.491812734642072,0.392254277254456,-0.5948444446544392,0.19776385906036348,-0.6414330957095795,-0.009459576485035287,0.8157258156474344,-0.697938492332025,-0.12476166273669093,-0.2749268953107148,-0.24573319867356658,-0.6146857291485025,0.7658944306231348,-0.6425568054679874,0.1192814864683778,-0.46996845604041976,0.4101587303137767,-0.1747149739159374,-0.6984437939209055,-0.033659696135292745,0.5676989765199192,0.18599256717183177,0.11454757997034719,-0.48358594136634697,-0.245817422996895,0.0918698182415816,0.4518001900722089,0.2536979870383277,-0.45717840237594515,-0.5833704234787739,0.5740423210513026,-0.3355982403663345,-0.5237926337138777,-0.3351814185950357,0.1105090734414069,-0.5516028056121485,-0.19654779386705415,0.0834532748931593,-0.14976041906867849,0.7419817863474827,-0.12943575273298927,0.11384490335872285,0.10610719792652691,-0.1983392385232476,0.3258485798759131,-0.37695544106388174,-0.1037981323863714,0.5432493869105215,-0.5423246680287904,-0.5020021274477052,0.3837086860386313,-0.4451703271742992,0.5545114970452887,-0.717863879226256,0.1608254524685652,-0.11801429919075848,-0.20504944601296682,-0.1980958648819925,-0.2152780550403447,0.3429869468403295,-0.26897093109183456,-0.10272864945698755,-0.007233873893891153,0.18509293868470403,0.5694906293390207,-0.39921560677102874,-0.17191594657508313,0.5362461419654484
feature_7,0.1996803212696898,-0.1017019565473392,0.02868010628144369,0.04437170518219885,0.3252604931699477,-0.4426274260927808,-0.25414357161470713,1.0,0.06759771207191784,0.10817255223075864,0.0725499303044283,0.0875080454094088,0.10403450911319845,-0.63636069229021,-0.1390206892004725,-0.32292093827107365,-0.005877567654277975,0.44930783412333186,0.11984630913327869,-0.5397150936366991,-0.06382373709010547,0.6284122123444997,-0.005599492025352257,0.20700077582798923,0.2065546949603315,0.06692734183462186,-0.2993935895199685,-0.126454548788042,0.2984285602426842,-0.0009923719252338899,-0.11279483196744643,0.4036061640919418,-0.3925807105679214,-0.2675432461892807,0.013542667118136188,-0.4865863045600987,-0.05698370309138631,0.17758610433152222,-0.1592024579476556,0.25760777588544,-0.18912856902790712,0.5304603387606275,0.21806198864089543,0.27851732897342646,-0.009981278660188407,0.09200086918205543,0.21185014842476266,0.08744887165312697,0.2088007824108554,0.4942114175534657,-0.12463548070836919,0.43060234274226283,0.11345324427020397,0.22355806229825992,-0.21325510064843264,-0.11096913164175527,0.4557035533574908,0.26070749384210345,-0.3208787404362819,-0.37962061904670236,0.19532805512829146,0.06296033253008483,0.04067970541111898,-0.14348170927005008,-0.17274960613149112,-0.03877391604053312,-0.5953597782664264,-0.0013990504507039264,-0.4838040580851314,-0.14598793742227162,0.022921651980722445,0.06183082108487417,-0.14271760988610208,0.21555010039818123,-0.5219378995716085,-0.06297302140475296,0.02218950941391513,0.29202187387188006,-0.21535206672080456,-0.19816683490343115,0.13581154576917254,0.25362361995246707,0.21401482000632563,0.3762781339798477,-0.2077689142883831,0.06393368949281802,0.33309356144986463,-0.33297348732915905,-0.011037046451200521,0.20639926637060227,0.21553214655161118,0.17815518398095379,-0.15120028663082857,0.09154367975037467,-0.3943412612997822,0.14457961426558721,0.06155896182975631,-0.2987505358693778,-0.47940770498038054,-0.5636433674068033
feature_8,0.08781011404165887,-0.1906461367664374,0.7947889989164877,0.24240105156320074,0.043570430695867135,0.023819022488200645,0.32201425831160907,0.06759771207191784,1.0,-0.3240972020724183,0.10936941061375471,-0.24038002412680898,-0.40218185894949665,-0.22245222879853194,-0.29663985966440315,0.08053173246565015,-0.18893480005327468,-0.16898493338339984,-0.5704115397756184,0.11612577495109486,-0.26898514738915125,0.2529639766285456,-0.19896088632773157,-0.4120764456724089,-0.029210361263975363,0.06779527563084889,0.08933074588464632,-0.381538077738026,0.3640129499369053,-0.34654699114620346,0.11852293688428574,0.1894851498967356,0.2698285669389827,0.3840222170063821,-0.3912629416178161,0.02512340328068516,-0.5513394069165642,-0.44685091375004576,0.451059004545387,-0.26066470604548275,0.2381164508496124,0.0657633801255265,0.118759060218672,-0.6299411116681349,0.6138691716490076,-0.468745671669105,0.048940930676203614,-0.4985327637980132,0.34383922661944355,-0.06413297984491953,-0.11271365103184092,0.23684029630891137,0.4507665290719976,0.16812763326525537,0.2203597243231481,-0.06700224248725656,-0.40779173878113234,0.22230652624795907,0.10203970583399899,0.18265998901559322,-0.3852747069165845,-0.340692643171251,0.05815397997124141,-0.5780655810176019,-0.2813524821399667,-0.3355515505006194,0.058652628677793694,-0.12585773077553614,0.1234742096242299,-0.0019757990009039526,-0.011324910314877703,0.15918217322336897,0.09211854953968054,-0.12035747510931982,0.046458406918386964,-0.20960093000449373,0.7924306483529124,-0.27789462132961434,0.1332012653292337,0.3691749818373517,-0.004106457749120505,0.18973302507930187,0.4665492679089266,-0.33263030497417917,0.29819652723761075,-0.5667063225522553,-0.05306694001864177,0.07967420725957451,-0.21523911325518136,-0.5954836197097949,0.09884322775142051,0.42267862320713256,-0.24600716801776665,0.24562219947685163,-0.34300603908745897,0.32280235255931633,0.345441436708352,-0.3435638967690423,-0.12320730924815729,0.12223607000568366
feature_9,-0.0003969375224542996,0.4397144049550941,-0.5284929021457742,-0.44696344353680734,0.0027256732313724113,0.2815463259933078,-0.5301541390124244,0.10817255223075864,-0.3240972020724183,1.0,0.31422559950277956,0.5322753640143156,0.39808133501975435,0.16534424912947204,0.5311683326183667,-0.2769188987517085,0.05465225191439311,-0.0015930062264447253,0.5792535603071122,0.15680973381282456,0.44955759410777196,-0.20643922190924116,-0.08836078952338328,0.3856245835050983,0.7387762682622284,-0.41315530174418347,0.493263779683244,0.3331338253722427,0.007254353817453838,0.7003775057773176,-0.10022332108802218,-0.4352541689369349,-0.48409375173288177,-0.21422871128508914,0.16851614670199558,0.1383710544417584,0.6653994658933474,-0.22790119691316807,-0.39200472646155265,0.560729446840673,0.032166134312217674,-0.09476990319748169,0.04935737688760966,0.32409218688657265,-0.7217375408316098,0.7638074982007282,-0.29073388652321686,0.27030134638596726,-0.17398079718822118,-0.05653758581926549,0.47804679096423497,-0.0445666548847341,-0.5284536280040842,-0.3678624894124538,0.07985068141256903,0.2370799374169896,0.16213645079366457,-0.0093337872439916,-0.12310781987342241,-0.1011112828703144,0.31892106731085873,0.38230793592775586,-0.368599491566795,0.47135885287109947,0.6464544364203985,0.29891515917452643,0.194082973825927,0.7062901866542586,0.4790601040723519,-0.19240720288843802,0.44838169854748244,-0.24073583587096517,0.4314251086098466,-0.44911265757983665,-0.12830276643161218,0.38185269985027387,-0.05207165108841369,0.6611908638006249,-0.1345983796119275,-0.1740880039734361,0.6301473870018227,0.04914602356058045,-0.48448709007869173,0.29817410239764774,-0.5381838538102304,0.6051060798691195,-0.10531833890600716,0.3167525388984264,0.4785457153190298,0.24202661726443137,-0.22606256380605771,-0.5381314761652876,0.49616421717143094,-0.18596233258547212,-0.035213155871907,-0.2741097327814486,-0.5341181010965481,0.5962665523468754,0.29792741994115196,-0.06918477528827455
feature_10,-0.6164976115849837,0.24535251148345855,0.15505288562297675,-0.03205071879864064,0.3211092565132604,0.11771581093948114,-0.2622854437218014,0.0725499303044283,0.10936941061375471,0.31422559950277956,1.0,0.6917878932504246,0.2268238357612779,0.15468400928293427,0.24213552585458234,-0.03254245931026073,0.015429376790078312,-0.24248106010239434,0.4203932465294091,0.16985392257790047,0.34355886062468105,-0.2319780477137463,-0.7138022536878839,0.5987492369280502,0.5737324077225417,-0.27943397331105946,0.3874530003113999,0.42892488025632153,0.5004744537866549,0.4093956037177417,-0.1897661493538466,-0.5805557616593439,-0.3155702335654432,0.2914915165245847,0.4428628404065922,-0.18672036927599878,0.347774519410489,0.07054931189087287,-0.33910209444336703,0.4612450925156462,-0.347899181801422,0.26402106104169637,-0.31718365053387654,0.24235268393410894,-0.5029054740278935,0.5879997203947271,0.021611175918323084,0.5076467078416487,0.3480715680871036,0.3498768649530909,0.30578212563524027,-0.5307106965438148,-0.3248995129144686,-0.10947140666263583,0.4398806252400252,-0.06946901558496828,0.43956201555377666,0.08572742186572976,-0.03263591236813982,-0.6485619059236521,0.46160429354031357,0.7031074980400461,-0.3238301394970391,0.5014753880893389,0.44056634316688736,0.49420772378142025,-0.058552615973736774,0.6590164445706991,0.42294608711394743,0.2384903286965946,-0.04918898834585403,-0.19565332810315686,-0.23753831587460808,-0.08981134185487036,-0.1348467761805911,0.1448295385457004,0.21173293961317527,0.16706727350627165,0.10326274018512349,0.1266735463217213,0.48074187486392767,0.20234703602941378,-0.6168242921067797,0.09677967379972065,-0.21005202258985994,0.42852002793686034,-0.5975325381316274,0.2653628099869026,-0.10672577798365691,-0.00846125834326306,-0.13795348206592647,-0.242320761598088,0.5397059264530518,0.19274035846834825,0.24742830388969372,-0.1710169313891313,-0.344480083349542,0.31121615416625736,0.46180383487835514,-0.4094209266163286
feature_11,-0.4824961767071805,0.662709541124514,-0.33558270828349496,-0.267433925121142,-0.0675805090249418,0.42838323105147097,-0.6594186930354459,0.0875080454094088,-0.24038002412680898,0.5322753640143156,0.6917878932504246,1.0,0.44372313251549866,0.2285298018665652,0.5640497362195365,-0.07127796031261804,0.0029434154580903074,-0.15211775103741312,0.5475395346465118,0.06782845447642283,0.5701440344971731,-0.07037896802651125,-0.5437627639548495,0.836200747938102,0.6896093060533605,-0.5344126877070918,0.30376306294007094,0.584268578977525,0.13528599395794896,0.7085267486521291,-0.31971912326821234,-0.7699638479399247,-0.599600435499749,0.07788744127880823,0.6809663984495375,-0.020234609019288433,0.6227683646471154,0.06696291526140398,-0.6482487184399268,0.8448979172105169,-0.10260807363242987,0.25717514360836036,-0.22921135036777812,0.5321943179943452,-0.794123964331411,0.8503959380484498,-0.3746401500235855,0.6221837331451112,-0.004252193116266543,0.0951974891598143,0.6407572389243272,-0.4810747960995087,-0.5551499632363209,-0.28247808893568804,0.3267744899694038,0.2986982246521783,0.3893569112167693,-0.14412095272195796,-0.27250924838706314,-0.4781370777707299,0.6121306937659389,0.8510377899500493,-0.6412949546394174,0.5725868821370367,0.7281329351080645,0.6822791382802698,-0.16762251304716333,0.7605130928307535,0.4397399210800546,0.046481694524506297,0.19347586421537488,-0.45200639626202,-0.02756040421656297,-0.13046181995000078,0.1008213642828264,0.051324075877533744,-0.19425712957032157,0.3205193884539019,0.16274157079716806,-0.16080967930759665,0.7391266040850524,0.43476295137413756,-0.7246235634980209,0.47922636598427837,-0.557822892176774,0.7410171907537761,-0.5894800371414033,0.10404067427259132,0.19911009797481863,0.3012486920142811,-0.1477645032004843,-0.3578158860933825,0.6168097699682318,0.23518975148947774,0.20828365626337092,-0.4050907701320078,-0.7493498892846225,0.6867249305943521,0.551326659850901,-0.4323717815365299
feature_12,-0.06726892926869023,0.0628802061082464,-0.22424503587604977,-0.5961336348962544,0.14805619230115957,-0.2436020531940883,-0.3019247110011876,0.10403450911319845,-0.40218185894949665,0.39808133501975435,0.2268238357612779,0.44372313251549866,1.0,-0.26237427209003894,0.6326191230720287,0.1875288719110358,-0.17579383395165638,0.5168350590654212,0.5319051079785112,0.08290305290820987,0.40232609769993843,-0.04450790560763988,-0.25185142021774903,0.3969750569618372,0.14800607984883665,-0.15823690880742722,0.1798353727515384,0.7728341547527303,0.09227419723415449,0.4488227285218728,-0.1281440277916768,-0.3861482748935755,-0.4382073289282697,-0.2832785423653848,0.2662894893808582,-0.3473893715000053,0.624675094842889,0.3913357732988123,-0.24366918406292054,0.5442200192703651,-0.34243960862578654,0.015518926417207096,-0.267337216849254,0.6448395341575497,-0.4795129220045441,0.583123214654744,-0.1210220450602571,0.7718573281613517,0.17918119803069046,0.14145980189447066,0.296478934830594,-0.11598068009086013,-0.32942453936311356,0.07873955168969396,0.3870856403714434,-0.17851918675027942,0.49661072199834033,0.047942879469199645,0.36063757785816314,-0.5435941700827478,0.702686231353275,0.4726796052872827,-0.25268803266245426,0.533694767557782,0.6605728481477178,0.7315007542140533,-0.28104080085532723,0.3994670454525694,-0.11591909379911174,0.18414797151704917,0.21122320110956902,-0.13605528082659368,-0.28910700601001776,0.17525547004924627,-0.14675247003051078,-0.20318219519906652,-0.4026475562722193,0.6405372707311486,-0.46972402156647536,-0.2306271758619877,0.5183850018001227,0.0014741559595999152,-0.7415981284099118,0.7191777607550338,-0.3262453195069674,0.6303653189956564,-0.1757597497653983,-0.2793828920062626,-0.07274813364703783,0.23573932684699797,-0.6827098928722278,0.1663681623389329,0.42418142862342295,0.24182846979479236,0.1921017775675795,0.12112848606251721,-0.579640458829919,0.5800815725460526,-0.008219930079300086,0.022830785087198036
feature_13,-0.3405339660201813,0.33937936892849657,-0.31162987570943107,0.030923512180877598,-0.14454482971667623,0.6414762854994891,0.007870440840346535,-0.63636069229021,-0.22245222879853194,0.16534424912947204,0.15468400928293427,0.2285298018665652,-0.26237427209003894,1.0,0.1107167079924361,0.047495037188094655,0.36323035740551274,-0.6040263903883804,-0.03337509103917671,0.09879041407086529,0.16507733917600192,-0.5360174465009849,-0.12252946525828363,0.17243973650899325,0.26864646143863347,-0.34396176300810233,0.1967168423333516,-0.015072183053610138,-0.2841132057509807,0.2944860697369387,-0.005768349136122414,-0.45470755110851946,-0.06835089927534913,0.49225845859383416,0.292344965104892,0.5076538554392602,0.11758174229065621,-0.3957179567633256,-0.17826231113707672,-0.03192813925598815,0.24400453193187277,0.0027878117714885916,-0.14863969735457955,-0.08024356559057752,-0.2826399330467872,0.19837855500301096,-0.3412793386477176,-0.03712585705853389,-0.3044300685770561,-0.4636533607714336,0.1750983959068585,-0.651820984423244,-0.1970062751416082,-0.684513031295254,0.0022488209630141852,0.31761732008493865,-0.31119065132601603,-0.04164465724248874,-0.15843318408260254,0.24268872022751456,0.044301527568525054,0.29862844899146324,-0.15537436227772125,0.12514155690702145,0.25850735930144714,0.04069399217223389,0.5366418512412094,0.3116778030580631,0.6217402085413678,0.17931325062839495,0.061833578034724855,-0.08942493997265152,0.32395510373473085,-0.44639592114048515,0.379759497273216,0.33259928841995884,-0.14569068198726445,-0.3421504303266692,0.4725979696546094,0.24254431750389036,0.12126718499127102,0.059834614555304255,-0.16821193404363569,-0.2963140761846789,0.04799456458096674,0.18468053208845409,-0.47850273579288816,0.4989083284193167,0.4554028826209547,0.17601087510183594,0.1198800439025296,-0.700825486274545,0.40867306205278126,-0.19419827022278233,0.15166269862234127,-0.6974076236232946,-0.20828091125055678,0.2633553024900822,0.6115092200986326,0.16417999759281457
feature_14,-0.08382187299862963,0.41942156303745526,-0.4797287282136168,-0.4437716268229017,-0.09209735064537278,0.24675298233083695,-0.474168731220652,-0.1390206892004725,-0.29663985966440315,0.5311683326183667,0.24213552585458234,0.5640497362195365,0.6326191230720287,0.1107167079924361,1.0,0.042200665144180846,-0.24635826057590915,0.11126988553424778,0.42012545682722624,0.07927250955074276,0.1968020038574189,-0.04878194987600733,-0.09507482984797493,0.4041333638009307,0.44594942658503095,-0.47542793453618126,0.4531082051826327,0.41379837656237195,-0.1763731625685067,0.4487650011064986,-0.3477853695210653,-0.6957245913861617,-0.5083601579090474,-0.07193818388256557,0.32612724147529376,-0.08847459182796229,0.7683145334897767,-0.033573385674799706,-0.32512800335825337,0.6037681664468258,0.26045665335322227,-0.15817375112269225,-0.019330577724081068,0.33246895837680385,-0.6048249455234401,0.5989945404626018,-0.36009409906620155,0.5750289957318897,0.08420096241736712,-0.23647556434923056,0.7091228142508709,-0.2588350776008182,-0.3836270704853924,-0.28388274365076754,0.2309724127006477,0.21633998451842867,-0.04932007646321767,0.11226119658489479,0.13607128357569992,-0.3132491562631742,0.5199659878473832,0.5173194002613812,-0.26706817722804715,0.3308473616269607,0.735376543217818,0.45962213715934164,0.21555812826189255,0.4094875402309955,0.32074233183953305,0.3190226917929731,0.3831227021626409,-0.561405580915183,0.27660406503631907,-0.4047180723919217,0.11504786810327831,-0.2906449582737403,-0.19141356899156978,0.4411630087528028,-0.02325251488945681,0.03993073865489393,0.7892392966038094,0.23981116093769517,-0.6105377223206347,0.4110628975756321,-0.6759053347677996,0.7392868560952393,-0.13177918754586493,-0.17320346953392196,0.09888739172961582,0.18338053058593046,-0.5234868817762207,-0.2862169572373976,0.6242422636191717,0.23750101225041148,0.15396766869191206,-0.06006150245934803,-0.6500790678129365,0.8004752032005095,0.3568931710116037,0.1442209329542577
feature_15,-0.14422183160560448,0.06295198369061052,0.14848245420747777,-0.34299403653873256,-0.0941487515479902,-0.18530938141769301,0.23821099021463188,-0.32292093827107365,0.08053173246565015,-0.2769188987517085,-0.03254245931026073,-0.07127796031261804,0.1875288719110358,0.047495037188094655,0.042200665144180846,1.0,0.18126746607308578,-0.034605187109657036,-0.267474769046507,0.21788443930482582,-0.1237372637551303,-0.3500616024441224,-0.1488135288102166,-0.1828678129136972,-0.08600446390705098,-0.03692629930418167,0.11023983075460624,0.18022120216947307,-0.002140816730496673,0.07480835233223988,0.305482633201098,-0.14707500399349965,-0.16338575614651496,0.03506954173365493,0.2006226280425161,0.12103783248538522,0.02393554582511837,-0.06477420422354298,-0.03258227361339179,-0.00010209035319409422,-0.06930918464579709,0.010516579268741546,0.023961583776679535,-0.11280474337299923,0.16768879313978013,-0.09593351318416088,-0.18774257911276077,-0.047724105858585095,-0.0828469197107346,-0.18228454649875483,-0.15256787627413312,-0.3410252845610504,-0.1443739266106261,-0.1387610396750857,0.3361654273479259,-0.006212946217356734,0.014870029476484848,0.0042430488376643954,0.21989231651631944,-0.04041601613995669,0.1779543325502273,0.054969824037090595,-0.09021150809440442,0.15991236766214867,0.30188917141093846,0.10452805584738406,0.24559872767592653,0.12038909312963306,-0.11805739930598602,0.17870415563346334,-0.0991689994910306,0.11399280146202385,-0.27850501595977856,-0.10491615061241677,0.14532497958472002,-0.15306898413505346,-0.06293074460630217,-0.16177314485489439,-0.2687394478162004,0.036722133442509075,-0.005956222083081147,-0.02065813484144404,-0.18952748782574433,-0.034012414378189575,0.12379832335261903,-0.16671504361158676,-0.35792471126799874,-0.053661791159003394,0.1617398719174186,-0.19135456560336048,-0.4128678062697809,0.2645555266906482,0.08562668660266634,-0.12893367489410906,0.39219447074431335,-0.11953275774311388,-0.0752884798367922,0.1638180117268059,-0.03744062165433223,0.39139607780622826
feature_16,-0.3366523148498939,0.14703545345209282,-0.0638520168845332,0.19719116719204288,0.36421186515643755,-0.06549859387021531,-0.008243063767588195,-0.005877567654277975,-0.18893480005327468,0.05465225191439311,0.015429376790078312,0.0029434154580903074,-0.17579383395165638,0.36323035740551274,-0.24635826057590915,0.18126746607308578,1.0,-0.10073034064393901,0.119245913826219,-0.3170827988964091,0.1889953808677073,-0.34079761284645643,-0.17414230587147966,-0.0013724471737559594,0.18125994158702868,-0.09938052948640767,-0.11975650746374535,-0.0893635156727466,0.25569781180571005,0.2579340025773775,0.27878743458942756,0.03738310886962217,-0.30248341725814576,0.15499026181594455,0.15893113662104077,0.05683734611143697,-0.012448879081199344,-0.1419017061267833,-0.2867988789223535,-0.17722411567298385,-0.2544961482435116,0.3829424258363785,-0.06898952681183626,0.24558493056540134,-0.06947879560444692,0.04290453189812196,0.16208354785613802,-0.1310048893458412,-0.12044353673830759,0.29973472020202124,-0.4456166633337747,-0.22273406599451165,0.022355150765621397,-0.3432670790170464,-0.31008041315188634,-0.07589846406934436,0.2627073130945453,0.18318373542140542,-0.3412243060670476,0.009968502515947568,0.18595091105443598,0.2332967175911171,0.05254605744503466,0.1042020870333996,0.12215567302632872,-0.20569679095316612,0.15734138017879878,0.24648815876150518,0.09907886481993379,-0.031377757537517294,-0.22421025840107375,0.0942276933436166,-0.19353684970063484,-0.15690452740951338,-0.42816616091994936,0.5386761849620125,-0.38568478972177594,-0.03149473798410399,-0.06559257826936779,0.09187042451714038,-0.15257252565008358,0.044096550520319196,0.100550812074819,-0.07508531986761362,0.27810885259004603,0.051016938373888605,0.004920944903307267,0.4700006870630469,0.5817882692522562,0.28259758467835794,0.11778364728530004,-0.2974515348417282,0.26648695569944963,-0.33512388391502174,-0.0688654898287466,-0.4001155375647432,0.07279233291133155,-0.2401856160384657,-0.07239233134748436,-0.14733288093752334
feature_17,0.5574224792460077,-0.35162558158983304,-0.05057261971194622,-0.23271135334558918,0.35979570439503195,-0.507638839228772,-0.20331040572980646,0.44930783412333186,-0.16898493338339984,-0.0015930062264447253,-0.24248106010239434,-0.15211775103741312,0.5168350590654212,-0.6040263903883804,0.11126988553424778,-0.034605187109657036,-0.10073034064393901,1.0,0.08823110559770787,-0.43291031624731463,-0.22891675509927836,0.4299153769633238,-0.06141443043408016,0.03195796473934993,-0.16697238941165965,-0.04911567159820742,-0.4896780303706872,0.04147338496076272,0.18007699946357666,0.11488052422594651,0.21892309005485294,0.3717234749896504,-0.0780082395474175,-0.42222697135935994,-0.12111730847815362,-0.4786763927188727,0.06757966591076625,0.44462369358080656,-0.1721147507789094,0.15023565675015585,-0.06259253941628581,0.33187089022913235,-0.060287871533938706,0.5047936489205189,0.02624472163140383,-0.10504334396783521,0.29959497770903487,0.3542699154101035,0.10367324324039032,0.22614391755730412,-0.022585261389002652,0.541858107487178,0.2583293985929339,0.3615478927733361,-0.26855887418674157,-0.007299501135522711,0.2903711966708868,0.2398597682047469,0.059856352154269994,-0.41449116657304047,0.4747969611869663,-0.029138058043485834,-0.042156755155543735,-0.125589862959377,0.022282296308962172,0.20958615350479504,-0.46378689761457786,-0.07596813973731448,-0.6390487017173213,0.0010593111180215622,0.0378126676563843,0.07240115577615668,-0.374693556369534,0.35544571781840667,-0.37404791048887465,-0.23445116464847446,-0.3879169941774857,0.37618552886005385,-0.46949143851510805,-0.27044385632119977,0.08835686060313395,0.22530331444039145,-0.008029215117079026,0.6540228992532567,0.11707250324134665,0.19284614541582823,0.29183649763699104,-0.5445872233228586,-0.21423743808673856,0.21223049221464169,-0.06251118198948631,0.3882875640377211,-0.32544762948283995,0.35998539117453177,-0.35689132676048496,0.32669515702294105,-0.033365333349699225,-0.23129291680158617,-0.6858752460336747,-0.0819184148735121
feature_18,-0.40697865990545645,0.22366020844164877,-0.3546280239115955,-0.033253213162852804,0.26774430123342513,-0.14225590474562166,-0.5898792211641951,0.11984630913327869,-0.5704115397756184,0.5792535603071122,0.4203932465294091,0.5475395346465118,0.5319051079785112,-0.03337509103917671,0.42012545682722624,-0.267474769046507,0.119245913826219,0.08823110559770787,1.0,0.08763225074631716,0.5139866857143793,-0.19032798908315238,-0.14025201695166423,0.4578886202239953,0.35031130567608765,-0.08249636890255166,0.24436135965934322,0.667464061758074,0.3064177607246519,0.4623806841050361,-0.32448211057740145,-0.4570235036332176,-0.36679586371146566,-0.4156699864532578,0.35869829348596804,-0.30859038241790865,0.7031718589211716,0.3106288080879447,-0.4638716803927061,0.39595581562760057,-0.4848058000366711,-0.07129693870980096,-0.08254737849146936,0.6774230983949995,-0.7609262371211031,0.7635427093471616,0.10698999509762336,0.6607611222089961,0.011679365883478569,0.5344303078734691,0.2821404220221056,-0.1477897119624834,-0.5852531041143252,0.032616933273264315,0.041143931601199515,-0.19992460479838478,0.628867280689792,-0.046374017531318125,-0.03859011840815955,-0.38989789526027957,0.4088114466835517,0.5498733178058882,-0.12889564889787078,0.7484627238374737,0.48550761820222343,0.4343610143246279,-0.14621683054748177,0.43800451402913804,0.19509187261510805,0.0039879665312434,-0.06820976491369724,-0.5068312619364708,-0.1291600822936514,0.14804480394655317,-0.4277517417318599,0.3569161359782109,-0.40848656821694124,0.5559440484966941,-0.11753599387475192,-0.37443340212095017,0.26588494898591264,-0.1841694998066033,-0.653559483595232,0.2962331442458867,-0.43803474687571486,0.7394555556040869,-0.01957851991312381,0.30076475290859145,-0.007584804921909149,0.1922262972793551,-0.2609555876637106,-0.2710368100232062,0.5155174740191432,-0.13030094189316396,0.3696599755829544,0.03566249820941724,-0.36917982244109404,0.4409443234939228,0.3245911383333114,-0.396855423052114
