,feature_0,feature_1,feature_2,feature_3,feature_4,feature_5,feature_6,feature_7,feature_8,feature_9,feature_10,feature_11,feature_12,feature_13,feature_14,feature_15
feature_0,1.0,-0.579379822556343,0.1452472257873194,0.2872674216820712,-0.20583015241679073,-0.3126974984191721,-0.3801224751391262,0.3876277283325708,0.15216781380155733,-0.2940513495082784,0.35020091161218464,0.07031134474258172,-0.033808146364567006,0.14548299080086427,-0.28195711341213864,0.40372743324242694
feature_1,-0.579379822556343,1.0,-0.22018873839980194,-0.3710859294492311,0.6083954849769856,0.12639345598228843,0.03965269054680782,-0.4934463430734096,0.38367138077215346,0.45311359275306684,-0.22842029161274482,-0.29334307955440536,-0.13475089666016124,0.19040335414860263,0.06353319014814947,-0.7152296100951723
feature_2,0.1452472257873194,-0.22018873839980194,1.0,-0.12417613488506428,-0.24118029799292703,0.059260057586789774,-0.3289801271968807,0.2906408776589473,0.03344964876543598,0.2320544613657672,0.6003070803876314,0.49556452831825637,-0.0019034998058631576,0.03568857841067241,-0.14604222991845311,0.23743006805464306
feature_3,0.2872674216820712,-0.3710859294492311,-0.12417613488506428,1.0,-0.4661093376389916,-0.24556557905962317,0.41636790643855154,0.11254632804042286,0.012930699575017872,-0.04270017664988863,0.18281103956453632,0.11940782119998655,0.3418621859884325,0.23153486565699072,-0.13763618125869717,0.336953932772493
feature_4,-0.20583015241679073,0.6083954849769856,-0.24118029799292703,-0.4661093376389916,1.0,0.04039681062365569,-0.19030337063092798,-0.44333579347797514,0.6486673553282729,0.224721485012015,-0.024557970355622745,-0.34003331411132653,-0.568064241890555,0.4512022422815191,-0.07641214121894774,-0.5420793596748112
feature_5,-0.3126974984191721,0.12639345598228843,0.059260057586789774,-0.24556557905962317,0.04039681062365569,1.0,-0.09239931971603635,-0.09016355585454207,-0.28662722011665626,0.09585134396567888,-0.08108522786470569,0.26790562530092693,-0.2432910220905983,-0.1253626391732981,0.07775894785271938,-0.2544658442426286
feature_6,-0.3801224751391262,0.03965269054680782,-0.3289801271968807,0.41636790643855154,-0.19030337063092798,-0.09239931971603635,1.0,-0.274142041116656,0.002785842764624905,-0.011911569027360775,-0.531003579947458,-0.3623039541804163,0.38722078294514234,0.10951401680821037,0.205024642920904,0.16099667833410125
feature_7,0.3876277283325708,-0.4934463430734096,0.2906408776589473,0.11254632804042286,-0.44333579347797514,-0.09016355585454207,-0.274142041116656,1.0,-0.5851613869393463,-0.4234141626237582,0.3099255660352354,0.3979399486346933,0.15068334977127695,-0.36243811529289305,0.4563631662118076,0.5965162018200026
feature_8,0.15216781380155733,0.38367138077215346,0.03344964876543598,0.012930699575017872,0.6486673553282729,-0.28662722011665626,0.002785842764624905,-0.5851613869393463,1.0,0.3988540104339289,0.20807371303641808,-0.2863127504355667,-0.3612490995370378,0.7518409321482149,-0.45634963146773055,-0.35085695352510565
feature_9,-0.2940513495082784,0.45311359275306684,0.2320544613657672,-0.04270017664988863,0.224721485012015,0.09585134396567888,-0.011911569027360775,-0.4234141626237582,0.3988540104339289,1.0,0.30710608956951646,0.04419404373930924,0.1321142413327909,0.5055781109737099,-0.38903465498866724,-0.6781736922480464
feature_10,0.35020091161218464,-0.22842029161274482,0.6003070803876314,0.18281103956453632,-0.024557970355622745,-0.08108522786470569,-0.531003579947458,0.3099255660352354,0.20807371303641808,0.30710608956951646,1.0,0.5756020206917224,-0.20097043851362564,0.25458926080024313,-0.4153033262378533,0.05868478195685599
feature_11,0.07031134474258172,-0.29334307955440536,0.49556452831825637,0.11940782119998655,-0.34003331411132653,0.26790562530092693,-0.3623039541804163,0.3979399486346933,-0.2863127504355667,0.04419404373930924,0.5756020206917224,1.0,-0.28508026531068925,-0.05693974692128005,0.13591802972089645,0.26541773368190447
feature_12,-0.033808146364567006,-0.13475089666016124,-0.0019034998058631576,0.3418621859884325,-0.568064241890555,-0.2432910220905983,0.38722078294514234,0.15068334977127695,-0.3612490995370378,0.1321142413327909,-0.20097043851362564,-0.28508026531068925,1.0,-0.15095929088070578,-0.028706304063464996,0.06949662110998849
feature_13,0.14548299080086427,0.19040335414860263,0.03568857841067241,0.23153486565699072,0.4512022422815191,-0.1253626391732981,0.10951401680821037,-0.36243811529289305,0.7518409321482149,0.5055781109737099,0.25458926080024313,-0.05693974692128005,-0.15095929088070578,1.0,-0.3561312945433883,-0.23947392808554177
feature_14,-0.28195711341213864,0.06353319014814947,-0.14604222991845311,-0.13763618125869717,-0.07641214121894774,0.07775894785271938,0.205024642920904,0.4563631662118076,-0.45634963146773055,-0.38903465498866724,-0.4153033262378533,0.13591802972089645,-0.028706304063464996,-0.3561312945433883,1.0,0.2714165306257767
feature_15,0.40372743324242694,-0.7152296100951723,0.23743006805464306,0.336953932772493,-0.5420793596748112,-0.2544658442426286,0.16099667833410125,0.5965162018200026,-0.35085695352510565,-0.6781736922480464,0.05868478195685599,0.26541773368190447,0.06949662110998849,-0.23947392808554177,0.2714165306257767,1.0
