,feature_0,feature_1,feature_2,feature_3,feature_4,feature_5,feature_6,feature_7,feature_8,feature_9,feature_10,feature_11,feature_12,feature_13,feature_14,feature_15,feature_16,feature_17,feature_18,feature_19,feature_20,feature_21,feature_22,feature_23,feature_24,feature_25,feature_26,feature_27,feature_28,feature_29,feature_30,feature_31,feature_32,feature_33,feature_34,feature_35,feature_36,feature_37,feature_38,feature_39,feature_40,feature_41,feature_42,feature_43,feature_44,feature_45,feature_46,feature_47,feature_48,feature_49,feature_50,feature_51,feature_52,feature_53,feature_54,feature_55,feature_56,feature_57,feature_58,feature_59,feature_60,feature_61,feature_62,feature_63,feature_64,feature_65,feature_66,feature_67,feature_68,feature_69,feature_70,feature_71,feature_72,feature_73,feature_74,feature_75,feature_76,feature_77,feature_78,feature_79,feature_80,feature_81,feature_82,feature_83,feature_84,feature_85,feature_86,feature_87,feature_88,feature_89,feature_90,feature_91,feature_92,feature_93,feature_94,feature_95,feature_96,feature_97,feature_98,feature_99
feature_0,1.0,-0.06297663197009164,-0.19509689678235068,0.1489229748638171,-0.03549694508018205,-0.1758388867799976,0.32119541120953476,-0.2862645215582173,0.3374896101222489,0.023592546709290754,-0.09150505534253725,-0.5780018083421361,0.11203449012412688,-0.60196371553783,0.18817154522864898,-0.24162103785062025,-0.14405998175424575,0.788264351366072,-0.3532495455424604,-0.0998188766278036,0.01730241034013273,0.33304706772439563,0.4529901245284374,0.3324413140818241,-0.01421759550020426,0.10714123044013346,-0.24585913397638562,0.18336376509508978,-0.01966826605428914,-0.43156474081760143,0.07209325678234509,0.6859664587838823,0.3490585835370682,-0.3764342920116769,-0.3027007200722998,0.3729156830059029,-0.3687063821900822,0.2044638126343867,0.19811866905528439,0.029640546952493,0.44738849467941416,-0.1663363130528611,0.08131243898109862,0.48446450274180797,0.5398609249566378,-0.38916912283551447,0.5501039643089876,0.121689983304897,0.11112597006927975,-0.3020841801074786,-0.04222533706582954,0.15308669490824917,0.27682046837350527,-0.040226497108880016,0.15722408540507588,0.3831882001169319,0.012530341223137271,0.07372625134399459,-0.14101119908426638,-0.035689421287972305,-0.03336049607504994,-0.25120866699647193,0.016960399959937436,-0.4966113923734516,-0.28811202588758994,0.04616502761296099,-0.06858110642617302,-0.4490188299802482,-0.3956310388909806,0.010484949674834595,0.09114517146591863,0.16448065646402174,0.2455400502202115,0.22075096032225397,0.32458515599138066,-0.38923070667037607,-0.2329372078576954,0.38068597239936414,-0.039325164792774446,-0.04593569104406998,-0.4391193629762692,-0.06870816049326325,0.3802099151113281,-0.24393126197169795,-0.19851613322356282,0.06699441787854124,0.5179471487982574,0.012499591930262484,-0.1615265229748561,0.10463966516039214,0.005898088326165397,0.11760071086878937,-0.5863536093928358,0.3300210180021009,-0.5686822154410676,-0.14071178666495687,-0.006339566472834194,0.07303202634053828,-0.8137255129548644,0.2758317036328861
feature_1,-0.06297663197009164,1.0,-0.49322192856755004,0.3170609010205489,-0.45342370517009367,0.34507791618521144,-0.03212153320111672,-0.10729669430853493,0.2861711534856065,0.4426609984140636,0.20500922341849298,0.45780579339604655,-0.11464845763044001,0.3336390371927318,0.08220777475254848,0.12164476540245549,0.5462551172352658,-0.2761355604885084,0.480779105987286,0.2711050996343481,0.23393988719589348,-0.6047608860488758,-0.4432178823217225,0.316487809726381,0.17028086569996673,-0.345185755809954,0.2800962685629549,-0.45068331876464307,0.03165059726033861,0.19037737749233255,-0.22119420115153077,-0.4218533462458576,-0.27149896922327177,0.008874369135094214,0.17813667008941847,0.2989530327967238,0.302900141910302,-0.2775439569722179,-0.4690156489044173,0.09332389585401307,-0.30802949380087086,0.32743367281220986,0.20095517111175226,-0.29274308244683633,-0.32998940243084557,0.5048565538155866,-0.2894148924462339,-0.6220648181732721,-0.4067218741864055,0.30489675605442274,-0.2987935813202595,0.37582125943781025,-0.5167924163342751,-0.16532425735188155,-0.1498288289128845,-0.05075294463664906,-0.3260495941371094,-0.1737086649476794,0.10559781397425706,0.46945562780442446,-0.4283330872103227,-0.2826676004086983,-0.5122197267646007,0.4590685506013449,0.6080824167745191,-0.4140012881121079,0.7036741868445638,0.6994643486691398,0.5925625442524931,-0.44276018501265607,0.4567782260568163,-0.47847752304399804,0.48545169587766557,-0.6116651114496198,-0.19050484642802187,0.39385593991021395,0.3154751365733584,0.2582200504997713,-0.15427291894789638,-0.15020016344396506,0.19374628712847025,0.5069521687750457,0.1609436589956054,-0.25507510502360153,-0.07257087090612799,0.1545160980509705,0.2558004052656216,0.5993866276839365,0.48024507409234407,0.23895315107127513,0.2826796334639896,-0.23497622345748684,0.24027924480713117,-0.5852306431169322,-0.36556158210700584,0.30118396109058654,-0.019634950207409924,0.3699605825482008,0.1741573979660682,-0.3076399174383573
feature_2,-0.19509689678235068,-0.49322192856755004,1.0,0.33234948318097474,0.08574125312673136,-0.39870263322963045,0.45141388508944463,0.20449018104896743,0.31396532748199013,-0.1858269990330705,0.2155630383389299,-0.46404071582829104,0.13352523826441862,-0.0028146146982877636,-0.48874368620737463,0.01891291554878045,-0.3907384421491306,0.0860699660656917,-0.011613227224930736,-0.18180451456824478,0.11965930577397865,0.1761369603862973,-0.044373654305726866,-0.3179276195214735,-0.22317112909601197,0.30222077860201896,-0.06415941030143006,0.6644318359534841,0.3694331080908263,-0.3068592381962555,0.4252382162043008,-0.00046820817201735074,0.27041643304540514,0.3422291218579091,-0.34025766455828965,-0.06150882798287833,-0.5591142441776341,0.2738851627685348,0.5815678385939168,0.06438291191710048,-0.1737493522447298,-0.29147283170459665,-0.5076267125735329,0.17938694187903,0.4807352791496623,-0.06647824280991889,0.30205748059618215,0.38420282915402176,0.7145800445659931,0.08779565612602003,-0.04971553242455338,-0.6831515558042928,0.3062150952606966,0.397433375418009,-0.19249776378081818,-0.33345938188686647,0.5058062147962636,-0.008741522281074563,-0.0069184603870448514,-0.5321865929478177,0.3377783378543316,-0.08776448276820922,0.21218382364936034,-0.09467424238671016,-0.40643443443528854,0.3380352329149644,-0.5928002087160854,-0.45443644270977,-0.050869814612407235,0.43073845650218207,-0.2529984520172411,0.5771765531406817,-0.6166740432695512,0.4308463523153922,-0.3344381530544256,-0.5210957469629727,0.10768048957047227,-0.27553893890000947,0.3241707638310562,0.30374590545500896,-0.20490437209631998,-0.6180636254764016,-0.23541069471975096,0.2915379872012731,0.026895186062960975,-0.4650224951027622,0.07889058914476,-0.214670730081746,-0.4946185924850769,-0.556245687583666,-0.33625521851832846,0.4446459915667717,-0.23837839232998823,0.418931262679511,0.47547253643459403,0.06283720114799486,0.0852156745464718,-0.1435161342980727,0.16236561292933,0.2172285811194856
feature_3,0.1489229748638171,0.3170609010205489,0.33234948318097474,1.0,-0.3011762371335845,-0.16842982706150875,0.4222474962824113,0.15183948174233722,0.6321949304854785,0.21491160938262496,0.5077702208596483,-0.3107373482402277,-0.1327928823433065,0.06211461825344092,-0.5304975091099953,-0.058796614294183515,-0.08400434242612775,0.24299570428104503,0.3686252409545937,-0.08864046784345503,0.12299842491275839,-0.13570514836409106,-0.21915151963612772,0.22626694852180704,-0.20396572075851402,-0.12707243240784552,-0.2989624421168965,0.008569356891290784,0.3309393168405694,-0.3838915444222693,0.08425137432594829,-0.07687071298253927,-0.008207604308081512,-0.023933623729527304,-0.14250871980083227,0.17925522725967843,-0.3490933358526352,0.2940452453642693,0.0010107844487036862,0.32052291000645744,-0.22009602239033893,-0.0059701194455772325,-0.3174576889990967,0.21889956740008687,0.2963276413184598,0.31771118379091773,0.3289763662282358,-0.07697543224230491,0.15020243263358346,0.408436655197135,-0.35189428214126744,-0.05323277693462658,-0.0714927369527014,0.24647320962569821,-0.6044654096082087,0.011054949690137452,0.16236560800432692,-0.14644409634851083,-0.011142461252083543,-0.06604776330693127,-0.01529863519013351,-0.3487066571925837,-0.3554820725572896,0.07300094173958241,-0.18367923477436868,0.1318919923227011,0.09846702929944585,-0.1603500883350358,0.34157933520117933,-0.1546078240391014,-0.007869371388510982,0.056848948950154896,-0.32852020280977384,0.25948696427614387,-0.47314875919361704,-0.336019347917649,0.10954606069149608,-0.20897942060731192,0.39175355311545856,-0.13626728065636587,-0.37562320652728365,0.12458340085324505,0.20406604623867153,-0.018908063981527008,-0.3633366092401224,-0.291884330361031,0.6198446757271089,0.2250061142040276,-0.4400095942488817,-0.10162490324528993,0.22695241841715283,0.2632049473222091,-0.401876212115489,0.04486295785905305,-0.18992087305369196,0.579832748312643,0.13566003255543901,-0.13279805767849362,-0.07139613549421843,-0.06250514402602449
feature_4,-0.03549694508018205,-0.45342370517009367,0.08574125312673136,-0.3011762371335845,1.0,-0.29330473094643933,-0.08901010470225537,-0.10583907114474013,0.01869525880266813,-0.027346730353385244,0.005197732040704718,-0.09394190257577056,-0.42319397699873273,-0.485494122972089,0.07075596789697791,-0.3986605820400803,0.043653657750169945,0.1473347479877132,-0.4612257343389415,-0.14930647559404978,0.1060797961589453,0.7666499938648705,0.5345729164190223,-0.3784138595093992,0.6297212576285235,-0.38777272276887875,-0.22153452893548436,-0.033250358865408815,0.049488163748472945,0.35681005859270576,-0.13523807600244117,0.5403619865661702,0.04342021011989683,0.2568502679895955,-0.44313294919249097,-0.2033021140463149,-0.2491867998869616,-0.2758485167991179,0.14416081864898128,-0.18773684735415797,0.7125465527976017,-0.005942869287383076,-0.38701866722114386,0.54064141185993,0.12768431070983086,-0.4382166441461636,0.2799607436656687,-0.011937731068373689,-0.07627575434539653,-0.44665652941588757,0.284038101210212,0.10661276953372824,0.6176585167914531,-0.5192410629167326,0.21700808645337855,0.3830870638584105,-0.08821155426881604,0.5465912986540145,-0.6651551231961007,-0.06569295551233366,0.4028374879469091,0.7241831123203895,0.646397811199271,-0.5237155609379047,-0.3718203101949039,0.6545115019929004,-0.532247114077808,-0.3410631225256401,-0.19090716378347652,0.3629561617061361,-0.7492859433371245,0.4519804148662268,-0.13041387959139708,0.27078788465445147,0.12143457694934644,0.194104636518396,0.07470241611963449,-0.49912253857702094,0.4942003862478642,0.3123760927952893,-0.13690062395412497,-0.278054707354503,0.5393096152101828,-0.020703602323982044,0.0004419346582853403,0.03811436575767721,-0.33206821595249497,-0.04040575884537312,0.014374335334815792,-0.1239408306949997,0.036293624251809,-0.049243851529027625,-0.1694692293642462,0.3824527677157239,-0.1968970500955258,-0.32581137177299446,0.15725162485069816,-0.5491086723025561,-0.2417460082016012,0.6384671941284158
feature_5,-0.1758388867799976,0.34507791618521144,-0.39870263322963045,-0.16842982706150875,-0.29330473094643933,1.0,-0.18280015647085146,-0.033558002430015645,-0.1584922336775481,0.20897857446164683,0.15809735041452128,0.3491340120884629,-0.3435299665095484,0.33529372543203717,-0.17696194642992463,-0.1818836965755235,-0.07922806458161306,-0.2116227956689736,-0.14223373291229205,0.4086794075528507,0.3154282939172578,-0.31649806993737106,-0.3801419918609074,0.5332599618033469,0.036139571449851256,-0.023710979086483047,0.1740446682260297,-0.27982245918681736,-0.39750294888165644,0.4456629599939295,0.06772645143298041,-0.2766087831556563,0.2432884186104288,-0.03853456317568164,0.31555306006093636,0.31379716993870926,0.22927538401239123,0.18982968322541274,-0.19231552392869894,0.06026066665472155,-0.12707856502549958,0.05901660759907249,0.04173873802518083,-0.26408813732218445,-0.32211150033615504,0.022365745162756738,-0.3096545509077604,-0.14041189550943617,-0.4765492492958723,-0.12731483259239396,0.16936595620391656,-0.03523158608619873,-0.20921062158686704,-0.15880443416471182,0.2113909704160611,0.3396261269607027,-0.24159582924153095,-0.5502940995821262,0.10346205419689368,0.4445548106424564,-0.30526251446094704,0.02074906241514504,-0.47420271164986594,0.25534547378019157,0.20939715270880696,-0.2226396572836696,0.29192286420821106,0.47006177019504575,0.20892794058204056,-0.4309690622081333,0.38564502207846246,-0.135015900213106,0.12026654376389045,-0.33904996825484846,0.42753677483459834,0.3304706825845085,0.07608909624187256,0.19091755079234227,-0.19461969406520388,-0.262136221100547,0.002862284409404741,0.3869961242448084,-0.3237594107787283,-0.038766158487878476,0.405900572929375,-0.025030518352253023,-0.24086190739485397,0.17472676877632706,0.20932032802060377,0.45590539592070933,0.23705374210657135,-0.06995699617296613,0.11652470487270311,-0.20029857734721546,0.029044368964578644,0.06241482991744044,-0.19516386194284502,0.15057654057083228,0.09307107064291949,-0.2846990235025391
feature_6,0.32119541120953476,-0.03212153320111672,0.45141388508944463,0.4222474962824113,-0.08901010470225537,-0.18280015647085146,1.0,-0.30166988266856587,0.504264492690642,0.028388473552816606,0.3510139966372156,-0.5487174736045903,-0.06295362939185437,-0.20827307152968783,-0.3725508530490372,-0.30624561334985806,-0.2032966113408119,0.2922612638810702,-0.20633328726127478,0.02168640544247279,0.575981441587907,0.11365593719096488,0.11305112213006487,0.2829869317766306,-0.10979488710325082,0.2937284027058078,-0.021681214945897982,0.5243407013576731,0.05784413544256426,-0.34219954750610987,0.35569630885236747,0.18094391892222414,0.5787031169774309,0.17431318190192957,-0.37948101265390155,0.49531896416319443,-0.645382245753437,0.4226153501327121,0.5303947210170151,-0.15943594252231824,0.021207736400900668,-0.24899676700344375,-0.6394934827258579,0.46455930672015633,0.7856019800490373,-0.15710013549570337,0.6076893056944689,-0.03229394602150883,0.4762488661213687,-0.35266729891070364,-0.35632415271363144,-0.5409904361085754,0.2795398673624033,-0.13212390478278155,0.01987554656677289,0.02839866996978942,0.27914309140075305,-0.18443451054467955,-0.14119962795438032,-0.023954936659051688,0.15759368367759102,-0.3875305816003326,0.23152271282237458,0.026905114769428154,-0.3300213824744224,0.29779284847819165,-0.2679096532743261,-0.434971084499039,0.09003890034378591,0.39570759241053377,-0.12540887143185112,0.609056124524651,-0.2197394787454824,0.027746395494038154,-0.03044076797997823,-0.5195786600397079,0.081798731043639,-0.023400663332252877,0.18318645108280868,0.594276399126088,-0.7048737280982714,-0.6182483889212472,0.09067227972173988,-0.34984640110054216,-0.24395925908817562,-0.29412126500903407,0.6310632566231238,0.1517658448116217,-0.19676971814788932,-0.16476780919661693,-0.555492813380429,0.08728405669515875,-0.5762909833616618,0.22475087234770652,-0.2483601951746509,-0.1633161665601334,0.34128014825947617,0.2667211192141039,-0.3299216541730704,0.5113479794609419
feature_7,-0.2862645215582173,-0.10729669430853493,0.20449018104896743,0.15183948174233722,-0.10583907114474013,-0.033558002430015645,-0.30166988266856587,1.0,-0.084558119342032,-0.05757397756362724,0.018238661612973998,0.22563646291323802,0.11975982249804003,0.3283481826660371,-0.48795137271684386,0.3665075737247832,-0.05984474582558252,0.07581894536021903,0.15569911606799344,-0.6123542301461444,-0.4057392824007442,-0.012598239064230465,-0.5497188671486293,0.038097545747155605,-0.2358404594638341,0.19941923828693664,-0.3244489342573232,-0.10470543611195424,0.29846781000939515,-0.13392220430104163,0.29079501186183854,-0.11271467479816225,-0.4166153406364439,0.06315472699180652,0.474318830864705,-0.5414777627892686,-0.12162771029084149,0.2923565106250168,0.004162547244039462,0.45169575633240716,-0.5095804863207084,0.4957299856474055,0.1138433177858352,-0.16360335978545193,-0.23622748385378006,0.41453108478714434,-0.2883938372848962,0.3660264064660822,0.10946068363437984,0.6630800934064002,-0.1666727293038448,-0.03805359159830383,0.2030586638628092,0.4097284845804735,-0.6545348630280364,-0.03207473609627501,0.54157137015263,0.22190965830954154,-0.09984766483578855,-0.5101556530636946,0.2844164222666789,0.18073059409752593,-0.4056380214692257,-0.213487559380577,-0.27860674646630595,-0.27964313953891823,-0.23294914838474604,0.057669498881084726,-0.13832687831493864,-0.12356819814916767,0.12598821351161524,-0.020364121222261816,-0.40929260151494046,0.3600880715086289,-0.4093390395889776,-0.16935531596683148,0.01896964679561836,-0.000298458820913351,0.16985937284634053,-0.3980340008422915,0.2876198008654999,0.3454891291685325,-0.14356747417732812,0.684611085814167,0.051800448786771466,-0.3808202856616497,-0.05683789172108748,-0.5070794529431311,-0.11061712066257959,0.15893355462738112,0.3018482191040315,0.23639165383298155,0.3391934510625639,0.18806769062411283,0.5434765778578154,0.04326301710509636,-0.4698299493990955,-0.576533246144096,0.3047099030083844,-0.5731292169764192
feature_8,0.3374896101222489,0.2861711534856065,0.31396532748199013,0.6321949304854785,0.01869525880266813,-0.1584922336775481,0.504264492690642,-0.084558119342032,1.0,0.36284049095391047,0.5675005197983555,-0.2991133674889128,-0.2517671439314207,-0.34822597140385225,-0.30992743192177896,-0.2754741849746023,-0.020195997968127617,0.33621646500504676,0.03251465357925085,0.13963298874927682,0.5141574553695192,0.1587556941027423,-0.008719214193581825,0.1549264143940035,0.3709518288228873,-0.17571321851748542,0.11530501979719097,0.2130099024277708,0.47595170606406795,-0.19755571971518415,0.24349870615262068,0.22431942457089796,0.30620720815083824,0.16246180884444772,-0.5864668575977583,0.533900574534745,-0.5493206403487315,0.02880950240242515,0.3095742300879881,0.16607911486686425,0.14054901575758585,-0.08924035813558273,-0.426240967541917,0.33581453951758,0.4695486716968665,-0.01052663791758546,0.49498671450342474,-0.235647908920969,0.2535017162314274,-0.03234297686665069,-0.06446504910890273,-0.12330721001652108,0.23734324114629732,0.002995998291824219,-0.07343020196775306,0.15102841673286582,0.09397466463052934,-0.031313225110723396,-0.3572775025597553,-0.08110957787940762,-0.06046840907165945,-0.13708748803071114,-0.13571387022944173,-0.18567225039435,-0.14444155622423155,0.20231840425883726,-0.1566826073008006,-0.09654083822929853,0.23329850177119218,-0.0037343848657475824,0.0794664405307912,0.39542301379781647,0.009676593190966837,0.029411554228092118,-0.16963803139195824,-0.14305154092389807,0.5101046989559886,0.10319943730148887,0.2762894425600901,0.14686753866306507,-0.3255035533327362,-0.20865607491889288,0.3753045921074983,-0.16734295057153187,-0.14329141619459723,-0.25919320838992765,0.4581066788201393,0.46305393758693586,-0.029386133253984818,-0.23504012809960947,0.037627042567275455,0.26198048258814227,-0.45628832048138385,0.200386400646666,-0.3796563326763777,0.23091911763274084,0.10239491942965243,0.021764180886917735,-0.2970777012163035,0.3225849058535794
feature_9,0.023592546709290754,0.4426609984140636,-0.1858269990330705,0.21491160938262496,-0.027346730353385244,0.20897857446164683,0.028388473552816606,-0.05757397756362724,0.36284049095391047,1.0,0.4410057912837578,0.15178536637100887,-0.4304043762486551,0.03871557037173901,-0.2275164421094639,-0.42428685477129396,0.29418871735271096,-0.2188248782930786,0.1515647090252116,0.24727870823311707,0.2972987154045198,-0.1666663119741463,-0.05360211168555068,0.19670918252934844,0.37944487519621917,-0.06562336914694789,0.2981244496789452,-0.07811148539704726,0.0028667076412539623,0.029251547436623913,-0.46543493400890507,-0.21364220499323666,0.18526624138237485,0.10445245259969187,-0.3024718598433562,0.1856688973405957,0.09946760247438531,-0.33959283186480693,0.13949260794788665,0.4500303033841367,-0.007109075149025222,-0.18161120952604798,0.055530130797345464,-0.10161471798256887,-0.3209520684693472,0.27484093648052893,-0.1274276452707234,-0.3292294398344758,-0.40657491660403045,0.16010936635216577,0.3162052786043319,0.1122084809394552,-0.13217052149259148,-0.4325968099420399,-0.08479450936050097,0.19192099697364023,-0.29998812093803523,0.13728747743516578,-0.06350893790236864,0.3265102903210894,-0.5214497670420031,0.156032365328542,-0.13401819364854947,0.19584265973823728,0.3753790577411011,0.1276280603638631,0.12590724776254478,0.38799729217929974,0.6440926868145752,0.04926951972915405,0.1054967175651067,-0.034961950134480536,0.4784380975469798,-0.21406444220638315,-0.20118200631830493,0.3803101589987433,0.2625933352980609,0.27305288577662146,0.33019380765132356,-0.08245614526179657,-0.03720216380503467,0.29720185572559127,0.2031063895549534,-0.42732363355143127,-0.029261564076044435,0.19879594401311676,0.21074756879334353,0.641522755589312,0.07837348480615246,-0.12544527293730362,0.4563402349484614,-0.4023432543852856,-0.05325614858291186,-0.4634669646990417,-0.37031420107940094,0.29220627733805743,0.36117743993334733,0.12177536398951917,0.16451689443886458,0.05738063047309492
feature_10,-0.09150505534253725,0.20500922341849298,0.2155630383389299,0.5077702208596483,0.005197732040704718,0.15809735041452128,0.3510139966372156,0.018238661612973998,0.5675005197983555,0.4410057912837578,1.0,0.056117105878554376,-0.5352195275456776,-0.09847528355761127,-0.5631369738505273,-0.40805366843065893,-0.27205987197211323,-0.1318447424838622,0.10798263425372938,0.4041935474931692,0.4273164068388171,0.04850214524317887,-0.14385362674686758,0.3925238190305925,0.2480597517757502,0.029475326443819214,0.19720970412981867,-0.12387910415030419,0.40575047925023866,-0.12209894672263666,0.11213501429725277,-0.14139880677691408,0.3047326954282835,-0.03441250321680142,-0.2217464475625824,0.3981084106998949,-0.20890987927241195,0.15997088637997464,0.14825642631144698,0.2156110059997553,-0.052776955692992095,-0.1012691714094062,-0.3928238784334627,-0.026680653309891757,0.0812873902260004,0.23483522473772672,0.2945506810727859,-0.3997291427271152,-0.22033242473999348,-0.031334684344642726,0.15751653484377065,-0.06777495578930423,-0.03998044101177083,-0.11899995009027213,-0.19857228356284,0.33350688973891546,-0.0067175064674267594,-0.28952066329456316,-0.2200394164870452,0.11179699880201839,-0.2793582614468394,-0.038651238644108306,-0.2358156324708045,0.25959803406114834,-0.10354568236250215,0.18023518864149657,0.06652045542564795,0.04093714092784065,0.46281908987375797,-0.17103301761863754,0.045142908485730694,0.19008876654345339,-0.09339370422214187,-0.033205464681210245,-0.14022619453650498,0.17579691877214004,0.5989066137709655,-0.13440939800201746,0.23423017881168037,0.12116665571148265,-0.4449871152828691,-0.02178024081059724,0.03299331773730071,-0.4497940587621099,-0.3579533149576702,-0.11072907722552867,0.34545631754772327,0.5045197106468475,-0.059897867997518395,0.04833017246550419,0.03460367162989006,-0.08485791457449565,-0.42521845431351224,-0.06050318514088667,-0.28877927367882306,0.3241449145567698,0.44889334729198754,-0.0963210898088715,0.007009162685216459,0.13429397955706032
feature_11,-0.5780018083421361,0.45780579339604655,-0.46404071582829104,-0.3107373482402277,-0.09394190257577056,0.3491340120884629,-0.5487174736045903,0.22563646291323802,-0.2991133674889128,0.15178536637100887,0.056117105878554376,1.0,-0.0561006231657663,0.4640568461642459,0.1752235015882174,0.2902280698715802,0.3923526100417309,-0.6621424176029638,0.396007567638529,0.17009263943405464,-0.08936929871035845,-0.37209179426713684,-0.4609549082489916,-0.01457450318181015,0.22202423945238986,-0.18535992165381643,0.4099132495288177,-0.6197091064780867,0.039314248354376836,0.4126004181462543,-0.23933918770995735,-0.5767902866730208,-0.5309548321815786,0.08944392439629803,0.5040970898785347,-0.2521925907155871,0.6390316801830171,-0.39840102771582003,-0.4546324502510694,-0.10522718271604874,-0.3794309939500888,0.4938709703802143,0.37159874837104456,-0.6270538419944508,-0.7607733066367541,0.48110350891610315,-0.5383276138712011,-0.41806134517976007,-0.4990981219152924,0.27538195756581113,0.06069635725827888,0.37986523142873746,-0.402487750119737,-0.09621132336279196,-0.06056034578482828,-0.15622965080153348,-0.2856853118899107,-0.0011633762033545511,0.10209049949305583,0.2544464681989007,-0.19653646367066024,0.2319377624862841,-0.2735844270418943,0.42072184612727737,0.5282267737600738,-0.43725938842213957,0.5078599752207118,0.7539774195045758,0.38082975526935625,-0.33171105278305024,0.34815327896290615,-0.5783937474604443,0.3330132424072673,-0.5755762510912149,-0.13890902420612683,0.7622896346201407,0.3498762728006381,0.11652668341431009,-0.3669786110189942,-0.18177362523934998,0.6088104902732209,0.46787024048623727,-0.16196362791435914,0.0011483589942692816,0.10466568017032642,0.3178068763824658,-0.3510948348522013,0.1966952903733209,0.6554537437696799,0.2970227188129905,0.10162950125849653,-0.46506504022123024,0.7294744724760858,-0.5715589423244353,0.09308313821157656,0.03296150235209063,-0.0848045118590148,0.036616305482896676,0.5636037735076903,-0.485542076785411
feature_12,0.11203449012412688,-0.11464845763044001,0.13352523826441862,-0.1327928823433065,-0.42319397699873273,-0.3435299665095484,-0.06295362939185437,0.11975982249804003,-0.2517671439314207,-0.4304043762486551,-0.5352195275456776,-0.0561006231657663,1.0,0.27773496700453376,0.30424073326892087,0.7769763256196859,0.08887264969347357,0.09156566116022187,0.32879743784372994,-0.36271317386205654,-0.5192902886719089,-0.3662593279790689,-0.21404360784563695,-0.3165985805007847,-0.6206479713689533,0.38559834142766175,0.029111492367985766,0.3350898042989005,0.24208745990502165,-0.421575180271968,0.14086527605325888,-0.12989673762633108,-0.30718459958839167,-0.11924984793807435,0.3332638128156228,-0.28252802911409647,0.05543751028055307,-0.12842977646074344,-0.02462276286548752,-0.1528131493595933,-0.45985358678107274,0.19777264093879207,0.5487990214424139,-0.3599201706541718,0.012999293288536402,0.2735743321806499,-0.22645598838026734,0.17452526298409077,0.43609523647073545,0.3700715067994031,-0.3794181511301513,-0.025548685299071502,-0.31898375677923435,0.5990085372147421,-0.17739439501977125,-0.659979968782449,0.35098955358107764,0.1512539577973746,0.6074686481468697,-0.35944216732424,0.0734747207065664,-0.569719725119517,-0.1277014346112429,0.0843144943249833,0.24461639656053585,-0.5662650204731853,0.17581839841501823,-0.013953552588417495,-0.22295745960826988,0.061105983984178484,0.37030366991916425,-0.29873410636442504,0.1519757987085589,-0.07699072998692782,-0.3300020133002431,-0.33841499342833053,-0.14007568992592226,0.3336544618915564,-0.43943868779380113,0.05727767012346421,0.3359089575350904,-0.09684851315748517,-0.3821975502387431,0.2655803110698596,-0.008380608630135985,-0.027120181190785773,0.16016683399943174,-0.2579699202107195,0.08544847024432664,-0.23206060176261678,-0.34260660162739237,0.12749574606411648,0.2854529954505378,0.00357132572775821,0.3908467951383664,-0.18782950863260447,-0.13221849092183813,0.26356370363128573,0.19462404774457293,-0.44797105697554623
feature_13,-0.60196371553783,0.3336390371927318,-0.0028146146982877636,0.06211461825344092,-0.485494122972089,0.33529372543203717,-0.20827307152968783,0.3283481826660371,-0.34822597140385225,0.03871557037173901,-0.09847528355761127,0.4640568461642459,0.27773496700453376,1.0,-0.24893114869724337,0.546384659517525,0.3459312798183332,-0.48034790974456654,0.5472174450912322,-0.11304807156986912,-0.2076813964084855,-0.7526160224927794,-0.8138689999663383,-0.10155614313192202,-0.45402591685572435,0.06096964572344207,0.05122630605575271,-0.11918390637380706,-0.0681668211232935,0.2686964557248996,-0.04037066962006175,-0.7858370446274148,-0.32557991832418204,0.3573514593767751,0.6229028386262695,-0.3808811062583501,0.32750981666579276,-0.08580574939134142,-0.3084469125617768,-0.055117607452661026,-0.7868421459329761,0.4079092676872208,0.2699104393461928,-0.5759126267673452,-0.5381344994879932,0.5901639082111223,-0.5913269690133074,-0.07679638483744708,-0.04606591327085241,0.5931628332862953,-0.28547993810753053,-0.1706853572732896,-0.5014711381062613,0.27459192249385234,-0.4393964439123342,-0.4916745414270781,0.09489744020549876,-0.07518247959841258,0.5808109267887457,0.027091021422278254,0.038569480024352946,-0.22021178867301866,-0.40435429266513695,0.5676247238117313,0.44546154471323257,-0.4023511185314719,0.4024847440530166,0.6027942957478858,0.4914878719129658,-0.061180166772749796,0.2528114952766701,-0.39969715949703477,-0.048783251897466934,-0.3808697209807293,-0.46933057757211016,0.14541893564760197,0.00904112996276757,-0.06636725055508615,-0.08815933844807398,-0.170928660150503,0.4247976223435365,0.40570666738331906,-0.5590793649439108,0.28331264792755034,0.3439214146190029,-0.11214500454196062,-0.1455215790227747,0.04100013259118172,0.07501466668790044,-0.08299974201431973,0.08755611250721733,-0.16912821425944422,0.5909311466200896,-0.4713560745225554,0.5446137091213141,0.182608915000144,-0.13690715754414998,0.09452700410259939,0.7836898308810593,-0.6654409124727855
feature_14,0.18817154522864898,0.08220777475254848,-0.48874368620737463,-0.5304975091099953,0.07075596789697791,-0.17696194642992463,-0.3725508530490372,-0.48795137271684386,-0.30992743192177896,-0.2275164421094639,-0.5631369738505273,0.1752235015882174,0.30424073326892087,-0.24893114869724337,1.0,0.1904214125185078,0.3522306936561957,-0.10945442905117245,0.07862818312077446,0.2470951034469484,-0.27556668201422296,-0.04103661016673148,0.41376137044379263,-0.3562745905196462,0.2090131518802561,-0.17571780301992723,0.3469015034025694,-0.21445137625980112,-0.2158107112970768,0.12690301320131842,-0.3257623627048887,0.0976048787984045,-0.23829220100225956,-0.17847921244202858,-0.020023069070103896,-0.033687956473951904,0.5184807971940572,-0.5250629931050304,-0.3508266761945716,-0.4102910957037691,0.31338573392682273,-0.0564607098120057,0.5086492545863063,-0.1768634623461073,-0.19604624574845436,-0.2799491140387084,-0.1001225842035432,-0.13724454321821436,-0.09174367943466807,-0.23615583353353473,0.18779256305285985,0.4196957757873192,-0.24194220099156616,-0.08011387741649695,0.5564914577915291,-0.2507047746227444,-0.402804859739308,0.14776943216537503,0.1281284880102959,0.11626235440234646,-0.14359860595993656,0.0241132257884825,0.3066973708342045,0.014772845869535223,0.39251825828109643,-0.23157924848368247,0.3236586040555431,0.18579852560942509,-0.27905041364730765,0.0006636239327732329,0.08949089018641392,-0.4509236057858454,0.5473588805983628,-0.3483726826049173,0.3286215367499538,0.2965407397287628,-0.1873683233283792,0.25739732138498905,-0.5401825985864969,-0.03971887086563703,0.45600426168038377,-0.009606730489522198,0.10660124373362037,-0.17795534684688957,0.019963598013566078,0.5737889584748963,-0.30311784840641237,0.02989896183238852,0.41035402703407664,-0.01837083680580961,-0.13755723631525205,-0.27354458092730666,0.308524625653731,-0.28365565118547903,-0.24668284594588888,-0.21961657673652113,-0.09029274720547004,0.4161169973672173,-0.11501250294463475,0.09039152273936321
feature_15,-0.24162103785062025,0.12164476540245549,0.01891291554878045,-0.058796614294183515,-0.3986605820400803,-0.1818836965755235,-0.30624561334985806,0.3665075737247832,-0.2754741849746023,-0.42428685477129396,-0.40805366843065893,0.2902280698715802,0.7769763256196859,0.546384659517525,0.1904214125185078,1.0,0.2819100798980835,-0.10135133436016427,0.536400414419034,-0.3531139659511314,-0.5628079291601477,-0.5338329743446361,-0.5654963244563974,-0.369550000216168,-0.4885036050629126,0.08250664686036056,-0.01021220321624924,-0.02735173253403062,0.35153503658673346,-0.07470681681578346,0.20195360514258903,-0.3593126838615362,-0.5889709344407128,0.045366481500555056,0.5599912445775186,-0.3993712159014806,0.18891556819528726,-0.18225136149976526,-0.3969547011736782,-0.13093440493512118,-0.6088999848886187,0.5247059021357304,0.5209057188886185,-0.5256788593533676,-0.27807353672980784,0.4958468302600429,-0.45474219588776094,-0.014995653619829009,0.2580299244801294,0.6012588318819159,-0.4597121181116255,0.09150000472856482,-0.42569791097266646,0.6217662313988054,-0.386042516876898,-0.6205214453945818,0.33156491508813246,0.163995738241964,0.5063405705300749,-0.34589816841093207,0.17837798895683685,-0.4026060234072723,-0.3411701364532804,0.2379765138205358,0.336674130669671,-0.6706186513628583,0.3339822898707902,0.31316370746635247,-0.05119702300239885,-0.15681635818619438,0.3179545496602035,-0.4443403700120741,0.03331977264888173,-0.20342124197236688,-0.4811588189405386,-0.12191007413032844,0.09096536075560041,0.08037790154464747,-0.33637579133321566,-0.08618199808565902,0.5416121289358586,0.20964532838617564,-0.39331552917503115,0.44387380457829617,0.07360767197062709,-0.20079335337352383,-0.07647614972061352,-0.2036886111482273,0.23134677629176245,-0.12848151859609097,-0.12159484933870508,0.14324571697313976,0.5157419231575786,-0.11203571239320138,0.5300202808228844,-0.04384901945244444,-0.3292166506764152,0.0333576160990109,0.4413362899731664,-0.6482567625120105
feature_16,-0.14405998175424575,0.5462551172352658,-0.3907384421491306,-0.08400434242612775,0.043653657750169945,-0.07922806458161306,-0.2032966113408119,-0.05984474582558252,-0.020195997968127617,0.29418871735271096,-0.27205987197211323,0.3923526100417309,0.08887264969347357,0.3459312798183332,0.3522306936561957,0.2819100798980835,1.0,-0.2059504262147502,0.4013345337993669,-0.12099287464557666,-0.10860325550207345,-0.33926781572874937,-0.244984640062092,-0.3451858525211566,0.2913732574712767,-0.3659508449615678,0.1623651375413448,-0.30664575833476454,-0.08869874066434533,0.40800751603392416,-0.3753148170393866,-0.2636094305112931,-0.39445743462862615,0.45396558630420825,0.14370405667128924,-0.2591380202198477,0.29844667350109266,-0.6280690309553766,-0.4097181195958937,-0.24881969267566237,-0.1277323439080627,0.4733143759358394,0.2928630178870402,-0.12837233510723128,-0.41313946194322965,0.24919141141640613,-0.3040969763954526,-0.3876150483843186,-0.12010037432257462,0.2752016105931109,-0.18173206320247848,0.2923188661033539,-0.1787736087768007,-0.2895204187929588,-0.08529644960111836,-0.30323860253279983,-0.19049750214069577,0.5239337914309592,0.01643792625509939,0.09456489924952195,0.0772967118622762,0.12518959782578606,0.08407074097450454,0.15066350431248834,0.511152534778673,-0.18920630978859526,0.33237667116275443,0.592753321828659,0.36309048025102075,0.21520180761363594,-0.04598928601817706,-0.34040286967871297,0.47863369091262725,-0.5351393667772308,-0.33624130338457087,0.35939819027540326,0.05701766176200347,0.05489916576337827,0.03863807487806768,-0.004708213030691866,0.4949903693527951,0.33446348151986205,0.27340872554645707,-0.03516372901103356,0.1723413729235392,0.243227335059676,-0.0875547508900608,0.3240004631866359,0.4578471172619426,-0.17427005585960248,0.18890800839810046,-0.4520661811528635,0.5252750994762873,-0.5489421430529955,-0.1835126118715242,-0.11246729375030627,-0.08788177641821572,0.14825863814821355,0.3308500331659127,-0.09428181784884399
feature_17,0.788264351366072,-0.2761355604885084,0.0860699660656917,0.24299570428104503,0.1473347479877132,-0.2116227956689736,0.2922612638810702,0.07581894536021903,0.33621646500504676,-0.2188248782930786,-0.1318447424838622,-0.6621424176029638,0.09156566116022187,-0.48034790974456654,-0.10945442905117245,-0.10135133436016427,-0.2059504262147502,1.0,-0.4274596876439508,-0.42033979699649177,-0.05569699856237711,0.48296363980906787,0.2427271574733863,0.1947248511080538,-0.07769309998689879,0.030742740973163273,-0.5938732080773944,0.24430568602119285,0.0845010921262265,-0.28777225435901554,0.39658258707574473,0.8002121844194192,0.26930942687867215,-0.14661467572510972,-0.18867911506371055,0.1483388545039348,-0.6735493062846232,0.4083837616185964,0.18997678501884668,0.06096410160089789,0.40347462030220266,0.0567064394089719,-0.16466603411735567,0.6818587690368952,0.6514101110158822,-0.4152388010783459,0.5555967835517257,0.3610078799467234,0.3272648914284732,-0.16619111725801206,-0.20116178867747228,-0.04125341274914396,0.5703778980655242,0.13542321622448994,-0.09056690303940938,0.42694722216887004,0.34249473013076986,0.1970705780284094,-0.3498874265722725,-0.35408599724474915,0.40473591427963207,-0.08911869361005238,-0.020582806863664573,-0.7507624019532892,-0.6303661502803286,0.14155352537586066,-0.3799093668245918,-0.5918345327671658,-0.5553956194591526,0.07470365685296075,-0.16240000552791328,0.4296692590591816,-0.22083163554182222,0.5175286720999138,0.17728875887971915,-0.624511928501338,-0.23503076941639256,0.049457282132079686,0.2694825523240461,-0.08464503250006719,-0.45357484402185244,-0.09236148274399468,0.37080746445116647,0.21546307545583845,-0.05584738342631491,-0.35619328713471765,0.3699811317395755,-0.2905769754063306,-0.33818346657960074,0.07901036662419965,0.07793434875597219,0.4593460891115364,-0.5747695433064656,0.688765968877708,-0.22887867597905545,-0.22805315986506683,-0.29802770599938694,-0.34709259497400585,-0.7566476450634146,0.2328235313123665
feature_18,-0.3532495455424604,0.480779105987286,-0.011613227224930736,0.3686252409545937,-0.4612257343389415,-0.14223373291229205,-0.20633328726127478,0.15569911606799344,0.03251465357925085,0.1515647090252116,0.10798263425372938,0.396007567638529,0.32879743784372994,0.5472174450912322,0.07862818312077446,0.536400414419034,0.4013345337993669,-0.4274596876439508,1.0,0.08431256499272617,-0.35664522359829776,-0.6371681113320418,-0.47569905804989737,-0.27142366978504406,-0.241577834891851,-0.05531567428750653,0.25405997722862983,-0.28436911514018787,0.3017653814991271,-0.1171744616234118,-0.25220198186630954,-0.6791897491986971,-0.5257952357169304,0.06841452438460585,0.3389308888399142,-0.2727027502750204,0.4442242048297402,-0.371814363438678,-0.44321678461574165,0.004314269818637054,-0.6108950175570795,0.2503978806564339,0.4081311966840718,-0.5928908226830693,-0.4802565285689068,0.6682472030306191,-0.31230276695822434,-0.30252580227323916,-0.03934705796331726,0.7003048048160488,-0.1708508964438213,0.21575242298912437,-0.6570910664629639,0.3919211829028713,-0.4661723677727461,-0.6082407359152323,-0.07017154343723818,0.05410580368524306,0.48930217244314567,-0.07409636130366448,-0.19541200281354376,-0.3169569574523637,-0.32908567682236395,0.5640479498718847,0.528103395748997,-0.4225142790341589,0.5898554769160457,0.513870402077053,0.5210373080877567,-0.14144265332152642,0.28236992323177584,-0.6419529732891366,0.1771089570418208,-0.33687367525946116,-0.6482641669656855,0.23802114022305398,0.19513797647054024,0.0016701227751750177,-0.17441550335633546,-0.23653944726646597,0.4637253848418859,0.36526856720886286,-0.23085517852581788,-0.011720055431379939,-0.199390599321544,0.19314796439046944,0.1318730222771274,0.2949923168242746,0.10151272468787682,-0.23230393908666677,0.10487269936618142,-0.26932192452854914,0.42813942511247643,-0.6276829258939148,0.12755406593198787,0.43835789677983766,0.10887995045652808,0.19247179875336454,0.6264994885525828,-0.5247214561526069
