,feature_0,feature_1,feature_2,feature_3,feature_4,feature_5,feature_6,feature_7,feature_8,feature_9,feature_10,feature_11,feature_12,feature_13,feature_14,feature_15
feature_0,1.0,-0.47398104788962525,-0.3992819884371973,-0.24778976765542457,0.7231871354950451,-0.3646062001528493,-0.14349122885087073,-0.0831512074375549,0.27870504621230796,-0.06514815655664859,0.07165653245966623,-0.45040938512531964,-0.07246157355002054,-0.6871271117291163,0.11461842786419532,-0.008192524941290982
feature_1,-0.47398104788962525,1.0,0.10560168118448572,0.5265399503419559,-0.4445192364528563,-0.04810550103555093,0.14078304795617194,0.19586715604767727,0.03372172041958028,0.1017690543826295,-0.30458077840952835,0.13972859379904615,0.23365404665940034,0.5201400216341168,0.22664874346255323,0.4703627082687061
feature_2,-0.3992819884371973,0.10560168118448572,1.0,-0.44347162445119287,0.10769241479014699,0.2213780119920313,-0.5208348395520961,-0.22953559154524492,0.21334034052221065,-0.0737907831837645,-0.4540515552491474,0.3221544885836233,-0.24393581359450706,0.2969764900755707,-0.20817863548150126,-0.3663668692474537
feature_3,-0.24778976765542457,0.5265399503419559,-0.44347162445119287,1.0,-0.5470517577222006,0.019059787827239882,0.5388273487075181,0.22016027833933824,-0.2567143219916312,0.3533632793839139,0.14717478374074924,0.0007240837630493958,0.3960515438564633,0.29162879918568146,0.07537194712380194,0.48393632595839137
feature_4,0.7231871354950451,-0.4445192364528563,0.10769241479014699,-0.5470517577222006,1.0,-0.3988293362496099,-0.4610045193409906,-0.11620644641059706,0.500770900617609,-0.34298003422239104,-0.25203702533891975,-0.2605534233229823,-0.3977979228508339,-0.6881366041538663,0.048255680325440316,-0.22344441997283412
feature_5,-0.3646062001528493,-0.04810550103555093,0.2213780119920313,0.019059787827239882,-0.3988293362496099,1.0,-0.1099316370572715,-0.2529954766709135,-0.417357985469838,0.16491083124979733,0.030546873753749815,0.400107601508584,0.2825192260376752,0.48322980699831225,0.13862657986719337,-0.3047572128772525
feature_6,-0.14349122885087073,0.14078304795617194,-0.5208348395520961,0.5388273487075181,-0.4610045193409906,-0.1099316370572715,1.0,0.4904442568337073,-0.11591198200464765,0.18867369227333328,0.5569557620368992,-0.18795610567442056,0.3952036942968133,-0.07565012615973035,0.003734527414578531,0.5192859357296029
feature_7,-0.0831512074375549,0.19586715604767727,-0.22953559154524492,0.22016027833933824,-0.11620644641059706,-0.2529954766709135,0.4904442568337073,1.0,0.4791897219535651,-0.02500799867474073,0.4127619559219771,-0.46854109796539306,0.14094774187663417,-0.23299054786627446,0.26637987615241654,0.5387935698222207
feature_8,0.27870504621230796,0.03372172041958028,0.21334034052221065,-0.2567143219916312,0.500770900617609,-0.417357985469838,-0.11591198200464765,0.4791897219535651,1.0,0.02144428372558748,-0.09213524807838623,-0.6029456636983342,0.0736287343396472,-0.482373432296751,0.015852257830277442,0.27205548609759267
feature_9,-0.06514815655664859,0.1017690543826295,-0.0737907831837645,0.3533632793839139,-0.34298003422239104,0.16491083124979733,0.18867369227333328,-0.02500799867474073,0.02144428372558748,1.0,0.2929403153519332,-0.5326138465198927,0.8279843259928623,0.17885917504917764,-0.0343847684936517,0.39572787812537413
feature_10,0.07165653245966623,-0.30458077840952835,-0.4540515552491474,0.14717478374074924,-0.25203702533891975,0.030546873753749815,0.5569557620368992,0.4127619559219771,-0.09213524807838623,0.2929403153519332,1.0,-0.41154038494973405,0.41018398082097696,-0.21072506800294094,0.26665001171914837,0.34229916135714344
feature_11,-0.45040938512531964,0.13972859379904615,0.3221544885836233,0.0007240837630493958,-0.2605534233229823,0.400107601508584,-0.18795610567442056,-0.46854109796539306,-0.6029456636983342,-0.5326138465198927,-0.41154038494973405,1.0,-0.5226160009061642,0.535718561788825,-0.05006307870103665,-0.539555033834452
feature_12,-0.07246157355002054,0.23365404665940034,-0.24393581359450706,0.3960515438564633,-0.3977979228508339,0.2825192260376752,0.3952036942968133,0.14094774187663417,0.0736287343396472,0.8279843259928623,0.41018398082097696,-0.5226160009061642,1.0,0.03587802780254318,0.24071368582328023,0.6428482476107399
feature_13,-0.6871271117291163,0.5201400216341168,0.2969764900755707,0.29162879918568146,-0.6881366041538663,0.48322980699831225,-0.07565012615973035,-0.23299054786627446,-0.482373432296751,0.17885917504917764,-0.21072506800294094,0.535718561788825,0.03587802780254318,1.0,-0.0844837091754353,-0.17721239084774784
feature_14,0.11461842786419532,0.22664874346255323,-0.20817863548150126,0.07537194712380194,0.048255680325440316,0.13862657986719337,0.003734527414578531,0.26637987615241654,0.015852257830277442,-0.0343847684936517,0.26665001171914837,-0.05006307870103665,0.24071368582328023,-0.0844837091754353,1.0,0.3070078450379564
feature_15,-0.008192524941290982,0.4703627082687061,-0.3663668692474537,0.48393632595839137,-0.22344441997283412,-0.3047572128772525,0.5192859357296029,0.5387935698222207,0.27205548609759267,0.39572787812537413,0.34229916135714344,-0.539555033834452,0.6428482476107399,-0.17721239084774784,0.3070078450379564,1.0
