,feature_0,feature_1,feature_2,feature_3,feature_4,feature_5,feature_6,feature_7,feature_8,feature_9,feature_10,feature_11,feature_12,feature_13,feature_14,feature_15,feature_16,feature_17,feature_18,feature_19,feature_20,feature_21,feature_22,feature_23,feature_24,feature_25,feature_26,feature_27,feature_28,feature_29,feature_30,feature_31,feature_32,feature_33,feature_34,feature_35,feature_36,feature_37,feature_38,feature_39,feature_40,feature_41,feature_42,feature_43,feature_44,feature_45,feature_46,feature_47,feature_48,feature_49,feature_50,feature_51,feature_52,feature_53,feature_54,feature_55,feature_56,feature_57,feature_58,feature_59,feature_60,feature_61,feature_62,feature_63,feature_64,feature_65,feature_66,feature_67,feature_68,feature_69,feature_70,feature_71,feature_72,feature_73,feature_74,feature_75,feature_76,feature_77,feature_78,feature_79,feature_80,feature_81,feature_82,feature_83,feature_84,feature_85,feature_86,feature_87,feature_88,feature_89,feature_90,feature_91,feature_92,feature_93,feature_94,feature_95,feature_96,feature_97,feature_98,feature_99
feature_0,1.0,0.03606944320433404,0.0517000550927857,-0.1414614855623187,0.01855981624615535,0.024013881375113396,0.03680353438868181,0.07631320419603431,0.07785768951222233,0.1366063478273657,-0.02226611008887025,-0.03963584178056582,-0.00947972656762037,-0.045197865421338704,0.0012506526759697195,-0.03748593662683808,-0.04158583927751356,0.11256770122778544,-0.05797923222499772,0.01536745483414464,-0.060897993634098445,-0.06576040014367494,-0.08665921952680386,-0.0911345927552753,0.07807401124401973,-0.05595878708135974,0.1530458968419028,-0.017821026282658862,0.0275602439276638,-0.08283610246322232,0.04952897923536552,-0.0023662446108662144,0.034812624362679255,-0.006301419542136505,0.031161980953121397,0.0868129631874169,-0.07655043519585421,0.12182123100623153,0.08296797685815752,0.053920178373263586,-0.025197200060826295,0.029126138925368666,0.013045907851089191,0.10536801110736736,-0.0010227712477954402,0.1020174479199206,-0.10482950921023859,-0.04359289933992104,0.05848404328290218,-0.001958036324032785,-0.06199741538815739,-0.02204544799763042,0.0025657078995144464,0.06663669786254292,-0.02278086769561011,-0.10646710716555602,-0.02078288634313485,-0.052510546005788014,0.09064036665466599,-0.18201842450009562,-0.05980016337377151,-0.12220990201442156,-0.024008704251317826,-0.20747684197386335,-0.07227687490431264,-0.0596670354319009,-0.07854826431213156,-0.11583449406283657,0.06611422680160889,0.013994122409526804,0.033399314504664,0.010862837106687678,0.0394345432875728,0.0398776907960326,0.03435270191698278,-0.04656274673722892,-0.07235043874782407,-0.09486953587172875,0.17635770547256074,0.013892511556415577,0.0024998344373410495,-0.0632431059678604,-0.11437251288045863,-0.03226456106932779,0.028651414460206727,0.01465734693890028,0.13513861475746203,-0.0020555705218908388,-0.08329692330528173,0.025899490383654997,0.03543402323526156,0.09389290601383739,0.0015219393735975918,-0.09909096834920786,0.08556343454894119,-0.09918976615729122,0.017696140889703962,-0.04446327585428971,0.05832100615655253,-0.11397129671072953
feature_1,0.03606944320433404,1.0,0.3842242913542874,-0.14251581113091777,-0.5598404770117977,-0.06684556060339529,-0.4394073497898636,0.16628432223005835,-0.38153184900924264,0.17247808694109729,0.3810203561681813,0.5809515494362024,-0.11127732859260757,-0.5487576737361398,0.304923363473615,0.30470285325481655,-0.5248347680726008,0.49802616097321933,0.1674542175348521,0.20893260534916214,-0.43263712149601047,-0.4579031214507663,0.06309796353285899,0.36919770642777944,-0.06451424951880964,-0.6440726750183399,0.11717965592256714,-0.42548744602687344,0.09125744865065728,-0.5800200264004305,0.3718671279331241,0.09648381148541832,-0.5096252655589282,0.48825207682964006,0.26735619205612476,0.2986559512220485,0.04614627459156486,-0.029111264588901935,-0.02191017910861141,0.4635523644825141,0.21541672852135257,0.5465143307142987,-0.03130389700350699,-0.261318034700168,0.6112669440958047,-0.3294019577580414,0.2590450800552871,-0.4895605365847065,0.7093228637718023,-0.6298053273833234,-0.5242727804127802,-0.3265760102867768,0.22594564583261545,0.2507117277030213,0.10745444473694438,-0.21090675816341373,0.44765371592769587,0.11816037968670934,0.05328540383643673,-0.23539886747136177,-0.4100639788483087,0.10843637400938395,-0.10184070491189798,-0.2995353831688783,-0.430214627581671,0.6265857834705731,-0.29165598795970465,-0.23498843627396143,-0.2597289607406718,0.13092463497088733,-0.006194452332484115,0.3246265058253228,-0.552727612988319,-0.6286068207523645,-0.552224172802181,0.453718725929506,0.22545317043569904,-0.16875772720365984,0.07752923084108865,0.389363334829727,0.39461366511240725,-0.3641742126619961,-0.17161734639356555,-0.6455827514999994,-0.1490422972475279,-0.330500511105189,0.3813940112340948,0.2886928144181912,0.3532079418849142,0.40128828204646577,0.4932845861781374,0.17935027435187487,-0.48836315403019026,0.22423679000092114,0.011131867825814636,0.42728816420012283,-0.1602221483684218,0.5149737122282307,0.11490309527543824,0.515727082467696
feature_2,0.0517000550927857,0.3842242913542874,1.0,-0.33256317693484844,-0.31688731097797695,0.07366664523313401,-0.12506680068496173,0.3901285410587079,-0.146667471375908,0.24822880442518844,0.21297043644201072,0.27024598503743985,0.0548321361082586,-0.22855440780276876,0.018448977056356508,0.0032622417271060086,-0.36125396297804924,0.38737263601910504,-0.004613104252055694,-0.01711299667998734,-0.13537995620332346,-0.32521131970969,0.16315542235063754,-0.11748130024588752,0.09065027505237076,-0.36874606173493313,0.31377943024660987,-0.340453286393373,0.210471825568628,-0.25778670597500786,0.2026163692427918,-0.04739608764132149,-0.20614588471622322,0.226967692797513,0.23600334261316785,0.34104009092487675,-0.06107396550495598,0.3036839304340826,-0.04524911264489241,0.3860388944780534,0.1434699331688132,0.2863340421581532,-0.1333687649666262,0.042488818140105813,0.3114422318595565,-0.07475943858644624,-0.106985320223891,-0.3932501428624939,0.3416359510929023,-0.2331933425085715,-0.34880024391048625,-0.2711973342972253,0.2887312599745245,0.09328481114401624,0.10725963324068637,-0.12932185781981181,0.19888721158993927,-0.06655042917683422,0.1081585100963706,-0.30917418639396754,-0.14845794278096666,-0.062303168521905324,-0.0763262835137359,-0.1915857226341262,-0.08767430431224457,0.36390728497066577,-0.23203182903236386,-0.1528603952429066,-0.10904736333730933,0.04248256501800386,-0.13765021004601205,0.18398848072710453,-0.13351085921847117,-0.23811674919350856,-0.2178203847464121,0.40168357486035694,0.2005393956071401,-0.28983622740949183,0.10380747400827114,0.20785227734554712,0.08869690122965225,-0.1160913710061157,-0.29492128261052,-0.29220058444608615,-0.17810182529144422,0.015795003053321415,0.38186328269150366,0.16314939279978408,0.10512087276847433,0.4128772120553041,0.3156782787425656,0.11467613878015372,-0.07948469761900072,-0.09105222781044532,-0.09039900222206654,0.08024365068100864,-0.006194878529220737,0.2065281706664471,-0.004000812784990355,0.28357703838510884
feature_3,-0.1414614855623187,-0.14251581113091777,-0.33256317693484844,1.0,0.04369854973296498,-0.2797988522251654,-0.1193679773408699,-0.4106580426945666,-0.107541918324447,-0.3965900276329054,0.1736573342374956,-0.2886188510705479,-0.22188730921359162,0.139116727906838,0.0456176890963886,-0.1084651060997954,0.3497720443497689,-0.3079938369893463,0.2351030589440362,0.2790644395696647,0.158607126772697,0.3841973469473538,0.06464148654362731,0.2635659556809373,-0.12441763678140311,0.38537333788456385,-0.2628623698223348,0.0887667664348892,-0.05000796209621723,0.11016225598907006,0.0037227117647188035,-0.06357327227344971,0.07833030743946182,0.15654653723179787,-0.10629384673166291,-0.3038853802560192,0.05995339714726028,-0.27949502375864554,-0.23252418484322276,-0.3319199118069811,0.15883021184471646,-0.09173381116382222,0.06783846374758346,0.003683516394652477,-0.1966963873765716,-0.2233190585688886,0.12433925806609378,0.28886281782674655,-0.23011022036188591,0.12685165638739718,0.25087820403191713,0.2240701909834761,-0.13927842870684704,-0.09384144221820799,0.14891466267981873,0.04101576901200681,-0.04501890579649874,0.3821135806696818,-0.30253672722244496,0.3492351736112176,0.07662528369744907,0.2631262505617847,0.17009005684912268,0.38156856747634166,0.019387028953657723,-0.062177902386535186,0.24292390241059045,0.21759125288569234,0.0031052483606947103,0.0910437224770752,-0.03837925397141277,-0.027835964356741814,0.006988126352403763,-0.06649565522300882,0.2119403692217495,-0.2566657136675233,0.10131725182836608,0.25004446970215677,-0.24348968307985833,-0.40298682052817375,-0.04850185631277275,0.19282752883831203,0.4262078274135042,0.08299701756978366,0.22569395743417858,-0.10325161583224442,-0.3202392687435028,-0.15449052635355268,0.17129765146876408,-0.5195292878131244,-0.10477930622356983,-0.161024918002364,-0.070493022309367,0.43482801566260487,-0.0946108754903854,0.24597062973459685,-0.1353868964259722,-0.015856071284705786,-0.07328429917141421,-0.068995075241904
feature_4,0.01855981624615535,-0.5598404770117977,-0.31688731097797695,0.04369854973296498,1.0,0.08865458796075147,0.34137107462428745,-0.16778473431801658,0.3432415683167477,-0.06685356034173949,-0.33243753846510926,-0.3921379529034571,0.05768638362573155,0.40437124108494815,-0.23191673531522833,-0.21292462118972505,0.3762532752444395,-0.33257488860977547,-0.10895541629470865,-0.22329567439578646,0.2163161727546221,0.2949253978904869,-0.07678946519567642,-0.1955610048856097,0.10844645439165529,0.4679157959762984,-0.13821852973394885,0.35854024837305704,-0.16342706171925056,0.41352373288369304,-0.3738718141173148,-0.020469332620967992,0.3762897448240327,-0.4134665704411358,-0.20674251764505633,-0.18895600924740213,-0.015593833973852179,0.020771303838395275,0.086500431203453,-0.32157207176366726,-0.1988578631352513,-0.4566299727720229,0.07905924292938199,0.10108685086791983,-0.4802447876795014,0.2896530340618593,-0.13157748855028428,0.4262270775196956,-0.49919576188162684,0.4502324761625484,0.2894378887108545,0.1994556226985704,-0.17238359905849296,-0.11612153240606794,-0.11230079600800452,0.1646178627460689,-0.4009739876324569,-0.13141484499900533,0.0307177203821772,0.12764085781509854,0.25662246086825924,-0.1380693048378013,0.04143060961803189,0.1056845392461245,0.24980241888978347,-0.5245253794051193,0.19365419284834987,0.15710030180869433,0.20655853918887948,-0.14970443896602026,0.0870012964211129,-0.20730001830173989,0.3624498690097859,0.5061762008272791,0.37115228255112115,-0.3911059390191578,-0.21681876737074568,0.14606609290676237,0.04610983177577263,-0.2138738539679154,-0.2934656215681236,0.21702925276338997,0.09552947921132161,0.516848580799309,0.1461181736054925,0.16381681879711543,-0.23111609012310377,-0.21786575048683546,-0.31575337776610674,-0.2887998664840556,-0.4425052277136334,-0.16246590475033557,0.33835750767212847,-0.14026670187783521,0.07351800949662338,-0.33215093571981263,0.16010500756320073,-0.4061001748523969,-0.09839165399550602,-0.44486634967598154
feature_5,0.024013881375113396,-0.06684556060339529,0.07366664523313401,-0.2797988522251654,0.08865458796075147,1.0,0.23897996814485237,0.21090282452029596,0.07500307591635981,0.17782645439843642,-0.2599730760575888,0.009577981514670956,0.26342606226640214,0.14620580500339977,-0.18301437768450662,-0.019780364570239725,0.034442693324757356,0.03032757261811818,-0.17535234059002078,-0.298765729530608,0.06225498205457514,-0.04005296473657776,-0.08793875820230478,-0.3448416619761417,0.09782453289076748,-0.032343643406610785,0.21525290929005883,0.09735684522193212,-0.00512265282293873,0.0795081115119241,-0.0750985119306224,0.0009454466036955389,0.00842613750417868,-0.24510270982796306,0.0010309724844831298,0.058697263936004086,-0.10750999445687515,0.20998406260680239,0.04884946180469799,0.06079015988359419,-0.13556975667056703,-0.11414592754058975,-0.11441179008110013,0.1304557765564198,-0.10620770648150785,0.19810460428996737,-0.1490938316198471,-0.14692428153637704,-0.05650912175625556,0.07195635424952844,0.023021939471033,0.004318425797305054,0.07283127863668781,-0.1212421454708539,-0.10572608511372723,-0.07175596766347092,-0.15710125967233318,-0.2847580527550862,0.12055628269364176,-0.1928772981212617,0.03214530188203982,-0.27237685535107065,-0.005015784808821343,-0.11585982722632131,0.16306928566345522,-0.04800863245916373,-0.02622737143693788,0.017225923449495015,-0.030993329257370365,-0.08038782231670048,0.0199120759835463,-0.0867454271190008,0.17620798723876735,0.17513905637240135,0.061748758426003095,0.15138177321663723,-0.13912091352124387,-0.12887049048443378,0.09118424063085931,0.1645642961149865,-0.12411507392193542,-0.08482063711424027,-0.21056991438162473,0.21895086990364096,-0.059285790926954296,0.1879840247691812,0.13262944558671158,0.03900595275537943,-0.20596794157562592,0.2529916058221707,-0.030749473708867377,0.07414292275138573,0.2190562265710487,-0.32525681164766274,0.06020216931814302,-0.2968542098291703,0.09302397754040477,-0.09237513056654584,0.16420129051554533,-0.08410942984287016
feature_6,0.03680353438868181,-0.4394073497898636,-0.12506680068496173,-0.1193679773408699,0.34137107462428745,0.23897996814485237,1.0,0.19599799263543224,0.2988965288514279,-0.00352752055958873,-0.30870205160675124,-0.2987125907700053,0.19055754711112705,0.4543993916260441,-0.1566767923739568,-0.19433903406419445,0.3175051766999085,-0.2410715761924463,-0.39517617851773745,-0.14851508637243283,0.3396977070262642,0.17381811026048202,-0.026377223070016175,-0.4992766636947552,-0.09136936252546694,0.329431290298078,0.1733624457595347,0.08009868109097763,0.09526171556513809,0.35793554678740935,-0.2313523576727874,-0.20286667775569842,0.3159822733126666,-0.316949883784322,-0.1086238415016721,-0.010709574569799176,-0.15854362487539814,0.13660538499251906,0.0501959623125995,-0.24444921721363075,-0.02294843139269155,-0.2687278917237538,-0.14872789016487215,0.33731085423331014,-0.30214325791643953,0.17087074930149185,-0.35958838781563923,0.1502450973780629,-0.37666319327912506,0.3797414983602699,0.2677978435869162,0.16068356054680594,0.02648755734182848,-0.2578500120314082,-0.0809935215788567,0.07215503219658084,-0.3273217221854246,-0.17534986822051052,0.15765507230754566,0.10589738117805975,0.35647899647247056,-0.257028760939444,0.1188840489518147,0.13143973097786704,0.36375446776799897,-0.3783251545294263,0.012240820161492949,0.05460178700135622,0.08267037951293729,-0.26573944194041993,0.0045037442265233145,-0.09589499789125042,0.48765854347071325,0.386544623312638,0.3390209052803496,-0.07801018827247055,-0.04421299721127879,-0.08453859597894127,-0.05316477889067861,-0.07720982524211148,-0.24073542252395136,0.19213976970968794,-0.05031740610694909,0.48142130540032013,-0.04539241619785222,0.46770294489756503,-0.07727978968137499,-0.019255408264856964,-0.2729790093893633,-0.04258830392943432,-0.22035867354452138,-0.06311072853488593,0.48008831676349273,-0.3553717390484264,0.05361866605622654,-0.3664493727054064,0.06764639499204558,-0.4222197772453809,-0.1091549878745188,-0.28849205196403743
feature_7,0.07631320419603431,0.16628432223005835,0.3901285410587079,-0.4106580426945666,-0.16778473431801658,0.21090282452029596,0.19599799263543224,1.0,-0.05837702456573016,0.1431506287672539,0.12576509987693954,0.064139489600336,0.1826304287888589,0.07960803039917773,0.023567270091568268,-0.08913642852968694,-0.1642344658668377,0.19234026838038734,-0.20517924773024324,-0.047236190426340294,0.08140266218482191,-0.1285020912341677,0.23263683836522006,-0.5028389949132107,-0.028148508770247164,-0.22611009336250826,0.5711206919419148,-0.3133421832741539,0.4570219499059413,0.034534331621651995,0.1479616958964888,-0.17773540282916409,-0.13612384567344013,0.03890242003289824,0.32542465058282805,0.2084663215932323,-0.1950004101797729,0.24786409036422602,-0.11155129680985612,0.25916988549002257,0.17084736468061176,0.21881093613987138,-0.38659756433440906,0.3154308924160357,0.17872677566757975,-0.06633202473886539,-0.417555719352169,-0.3890196848054599,0.15264584117496638,0.06116188550257187,-0.22288667190836928,-0.12446290254410915,0.24396128780158924,-0.1304282169290788,0.10782337517211617,-0.15990015584436992,0.10388515706664878,-0.19538150968491239,0.2656766288211515,-0.33069249425103703,0.1813605644828211,-0.4378877488982518,0.04745985001601104,-0.14848967729435764,0.30340258965393985,0.1887961551685216,-0.2147699657618666,-0.03204047519929879,-0.03165976839661645,-0.06355369072142153,-0.1552344658254194,0.0023256233728247834,0.26477298847357544,-0.06497345780945074,0.06521683399311044,0.4512139245001213,0.2875434413854368,-0.39635674878071864,0.02276919460698653,0.09997012033238104,0.01476492094020987,0.08336307207869371,-0.39661264910647653,-0.02989431607826209,-0.21336629452042635,0.40406298371836163,0.40980689113907737,0.07927278043049103,0.05646201527774847,0.3832813040450086,0.34791879663820297,0.07503697994313044,0.15136973748243535,-0.36923120062731546,-0.03341652630601106,-0.06885221234090082,0.16759000078196473,0.006164704745317794,-0.08003172853457965,0.06015779787595985
feature_8,0.07785768951222233,-0.38153184900924264,-0.146667471375908,-0.107541918324447,0.3432415683167477,0.07500307591635981,0.2988965288514279,-0.05837702456573016,1.0,0.10078603622001098,-0.3328071016077851,-0.24972298634464093,0.01015605470688282,0.23978855345315056,-0.11403776111089466,-0.12352581508206664,0.21211454040400887,-0.11746194576938854,-0.17936725142072804,-0.18910491127397705,0.08910484580172268,0.051106180635019,-0.160838513722627,-0.18274119330040298,0.079132871139644,0.2956045328402798,-0.012379809352931793,0.2904474037229838,-0.10322753895600721,0.25379506148186737,-0.1936744628500401,0.04863343102300792,0.2979716815538637,-0.2649754831120434,-0.26810958123321066,-0.017267235188329098,-0.1437090257100699,0.11948206047265296,0.09052208489542515,-0.30145587885750147,-0.17337289423870475,-0.3197164859863962,0.14276798445780647,0.03311889829943991,-0.31367446329372434,0.2955909253666328,-0.12431985186561341,0.26779176730020815,-0.3472344155755028,0.26079618624305595,0.2360623570168151,0.09794071520042502,-0.1217076232926381,-0.008153834666351239,-0.12849114790104008,0.2297673920634435,-0.352137830853141,-0.09867414461921899,0.08246047307471673,0.0006789976903768889,0.15304212980003362,-0.022997019669616047,0.0107953908344028,-0.09721618660820623,0.15557212414303143,-0.4271206086534528,0.09902518735564214,-0.08822906357895614,0.193511072831722,-0.2633160629114894,0.025747538770028774,0.0045739779190440465,0.19156773215066572,0.3912434505689568,0.16646112621980477,-0.2782459592785368,-0.2517801340700168,0.07173371764502452,0.14703459583999337,-0.06961370767894944,-0.1333184936922077,0.11280628702375206,-0.032952271074242444,0.3445369230075157,0.13718899196880052,0.05403561252910873,-0.17712824940376967,-0.05422727643156504,-0.3960941887267004,-0.14381092689286587,-0.26417991299110616,-0.08517652529072105,0.18946059995061143,-0.23768446617519376,0.06878916118163779,-0.321956349979051,0.07497851496731159,-0.38767979221117665,0.011253020261370775,-0.2546145359183051
feature_9,0.1366063478273657,0.17247808694109729,0.24822880442518844,-0.3965900276329054,-0.06685356034173949,0.17782645439843642,-0.00352752055958873,0.1431506287672539,0.10078603622001098,1.0,-0.1980521744757698,0.2847162394988578,-0.042358936473383416,-0.3390973465948769,-0.01645704034810663,0.208329744347102,-0.3397347457135005,0.2892823214788609,-0.06776903658445715,-0.1457044829978618,-0.3456028979690352,-0.3990301501453534,-0.03435442002970024,-0.01188741778593705,0.18931348546500604,-0.24755730324873884,0.07415832485624971,-0.01919719903160104,-0.1563812783330312,-0.29429183182884683,-0.05431519471614352,0.2437326766537509,0.019919362647206586,-0.07656135243625065,-0.13861531850427358,0.07960759091549206,-0.07234665555155657,0.10533925576935671,0.195623815591894,0.2377043051469022,-0.31028295140288525,0.02631207574431065,0.22593520408747833,-0.19976511302418717,0.1239607527205505,0.26512404725242067,0.07386999699554342,-0.21559815545433814,0.20811823005203386,-0.2769251328928552,-0.15277068662213528,-0.19869052270747073,-0.020390542869320086,0.20641450742348535,-0.09000960369661767,-0.03724822639017326,-0.1220008244454883,-0.20055833880872093,0.13887900469731757,-0.36285723249302,-0.3325097837901757,0.04629900403088758,-0.21028661616536687,-0.46306637555253266,-0.2106248713763718,0.08708964813391569,-0.13463300109798956,-0.22817539524068103,0.09795214538761253,-0.013778931889825654,0.10752831267723666,0.13321823675412187,-0.2759342391333984,0.05722844219656583,-0.2948701127359741,-0.0009115483611555049,-0.17884925445821448,-0.05132366114971551,0.35103690686119954,0.3675126164059018,0.05684420650989423,-0.33186551661758146,-0.3208931197177866,-0.18902865538418032,-0.007250070657097038,-0.17164628964689754,0.19073533280595753,0.2309399583978037,-0.24552987810234636,0.24332749940366413,0.06294646390932816,0.25483279303372725,-0.05868600933014724,-0.2103934565811092,0.18882453580556713,-0.1124227488994923,0.02966704096940896,0.044485890186610914,0.20661858530312563,0.041177578437907064
feature_10,-0.02226611008887025,0.3810203561681813,0.21297043644201072,0.1736573342374956,-0.33243753846510926,-0.2599730760575888,-0.30870205160675124,0.12576509987693954,-0.3328071016077851,-0.1980521744757698,1.0,0.09433557192355929,-0.0863837454493175,-0.20304359334509864,0.26410525811549745,-0.012466928493054679,-0.19451092147153454,0.21528524265727136,0.17907026913996146,0.36228788103605625,-0.06738700672104861,-0.04720124901976237,0.2952188619199386,0.17013650406931805,-0.151679381973143,-0.284106739622728,0.12905893402923801,-0.48292195170872537,0.3065827470199837,-0.2677370239846874,0.3924869520647609,-0.10547679253580586,-0.3062782296992988,0.43918026587237036,0.3633978969714082,0.08015859551617206,0.001473611027956335,-0.16103453320639913,-0.2894586445887528,0.1534625746530889,0.33403151350220633,0.5054575152139698,-0.1676641691003964,0.09056127155307715,0.3168160091605433,-0.44337015286573134,0.025413464757632117,-0.29326998361750434,0.36522763372201306,-0.16747010121799452,-0.3281576943551498,-0.19269938728382519,0.11589034947322568,0.13631787501010467,0.2497467187040732,-0.19847637748045963,0.42452367178988043,0.3886046613771888,-0.05134832226880696,-0.11039607372200305,-0.09022951144552863,0.012222761824890592,0.005102590541528766,0.08499768852799573,-0.14467434840045582,0.4134748407852039,-0.05581969600438609,-0.07371569164548068,-0.11403166533545116,0.1565921910554794,-0.13983221890662612,0.1698621859192993,-0.20916733094331594,-0.4432517837187071,-0.16488370307642297,0.30190985856654456,0.4103828878510623,-0.19671558773037653,-0.1223782090928934,-0.038312436185191256,0.1342768203802677,0.11421209895031843,0.02568979642736514,-0.4767984186365878,0.02090209895112619,-0.03626948552719461,0.144878577706885,0.07882709124285585,0.4677193902803108,0.03351343183074678,0.45121809538022634,-0.048583119730283106,-0.3547136924083008,0.2715168365740433,-0.1795876495179606,0.4689745780784489,-0.0350193572478891,0.29991004368676744,-0.003781867643590181,0.2601251186056221
feature_11,-0.03963584178056582,0.5809515494362024,0.27024598503743985,-0.2886188510705479,-0.3921379529034571,0.009577981514670956,-0.2987125907700053,0.064139489600336,-0.24972298634464093,0.2847162394988578,0.09433557192355929,1.0,0.06194054242032553,-0.49920134361719287,0.2591707184011784,0.36699967705576947,-0.5129111039042271,0.5082652052759666,0.14216954308107066,-0.03134956485411351,-0.4467478879025971,-0.5028464806869702,-0.09283091811512012,0.3304783752550794,-0.0015761122926529964,-0.6365674103307588,-0.06698895179669902,-0.1619082215755085,-0.1230025267549699,-0.5758057203244762,0.22463248713292544,0.24628341866841158,-0.3843512038173647,0.2755346744093602,0.08177084566635764,0.35689208203703315,0.1257887862245168,0.019781965755365012,0.2276245515909278,0.4805787893355285,-0.05629421760536344,0.3076969582050089,0.177232550373963,-0.43786001901632066,0.5178261598296466,-0.05797883442159383,0.35577416306863757,-0.34341254623944634,0.6405910623090333,-0.5498425895587623,-0.41399054126698115,-0.32568192763793796,0.13452332826276206,0.2771693673450584,-0.06215542133982499,-0.1424259413459466,0.38787064737466903,-0.04196749789042659,0.049835017640036214,-0.1615971013266656,-0.5254715872386003,0.09839879779985258,-0.23301749284264697,-0.37724932219913765,-0.4822303546316367,0.49229730503420194,-0.2706506473917053,-0.21553045787600705,-0.1814405630985885,0.15466873107927723,0.13266889209464564,0.24143004798079457,-0.55385896082607,-0.37297602575995253,-0.6158211499425267,0.37182867773821776,-0.048809532438315005,-0.05411452552838445,0.205289875464274,0.5360648301708035,0.26573669884361895,-0.4189317471464142,-0.21806876939180028,-0.5181638155491513,-0.27406950455288376,-0.3661102959566808,0.31897475870814257,0.25899518542514116,0.08251122997029578,0.4701358630098377,0.21135805511154276,0.18096052407965643,-0.3682878840470154,0.06485154397235549,0.06819239432828783,0.1941688329545412,-0.13482180860248155,0.41780638310760215,0.10212210248491589,0.459301232460001
feature_12,-0.00947972656762037,-0.11127732859260757,0.0548321361082586,-0.22188730921359162,0.05768638362573155,0.26342606226640214,0.19055754711112705,0.1826304287888589,0.01015605470688282,-0.042358936473383416,-0.0863837454493175,0.06194054242032553,1.0,0.13994107048848167,-0.105665789152487,-0.1223923272377342,-0.002229978581788103,0.004513495499336457,-0.06485277729754117,-0.19508964354799238,0.21652274079762363,0.08071118361973219,-0.0782160251814605,-0.3312152309440719,0.0775263957040343,-0.09562287762301451,0.14931274002537057,0.07931184628517401,0.1030609484190966,0.10118037123638042,-0.016292640076597913,-0.0549094235069092,-0.036810381769654864,-0.17260276621850754,0.19829913053197223,0.12115379644663424,-0.032176574059571535,0.2396994436887252,0.028080110577325006,0.14571873848807582,-0.007795300104229501,-0.088771081334671,-0.19483701441011614,0.15903255424619162,-0.005895353749641042,0.0997808820779089,-0.11219453645864037,-0.07795388562874336,-0.025197836318014852,0.14386266490601915,-0.07962635436389334,-0.07343244288004125,0.04199704302940365,-0.24745577245383713,0.009798475193578661,-0.04064109458464949,0.06860044428798605,-0.29843175882543693,0.050819321745956055,-0.02253166535500899,0.0883333334609886,-0.2715778158510824,0.002422283325596659,0.08975286835131745,0.1816191042206628,-0.05418096146212143,-0.034621146504489025,0.14978843226644822,0.0008357021137412446,0.10998718950218989,0.023101565611361938,-0.2048946310281917,0.2534740228708867,0.124282784018559,0.06809591890967388,0.23286090221151642,-0.095243929637141,-0.18456508326825855,-0.043494776472019415,0.009745086765401907,-0.19776691494253723,0.12080630424986864,-0.12932368628779986,0.13614647613328326,-0.1451194067980212,0.24223882128901972,0.136189582193331,-0.11356322918766489,-0.0279844179631965,0.19485566194938808,-0.08870593787831699,-0.04709689479987127,0.1951003978540998,-0.2359562840949694,-0.1239771326660821,-0.21850985999407554,0.1353333571089476,-0.10084497357827003,-0.11659829892263583,-0.03925675764735747
feature_13,-0.045197865421338704,-0.5487576737361398,-0.22855440780276876,0.139116727906838,0.40437124108494815,0.14620580500339977,0.4543993916260441,0.07960803039917773,0.23978855345315056,-0.3390973465948769,-0.20304359334509864,-0.49920134361719287,0.13994107048848167,1.0,-0.22293133844776142,-0.24577810357060764,0.5070324573256465,-0.4478374202252744,-0.22447878962490161,-0.09744730964332196,0.5106403610456665,0.4804626362869506,0.035349274482575285,-0.3935453923743315,-0.09743786153957806,0.5314569561223637,0.1093725486887444,0.2164924469948325,0.15661000206063302,0.5302962567071551,-0.16659736119801005,-0.21898818154538705,0.294536659980573,-0.29283777719414866,-0.01716218659269839,-0.14838262108434977,-0.014915792364373397,0.07841391094826144,-0.14504842254162376,-0.34805714482758765,0.04767108919220473,-0.3359205633370251,-0.2824387008898568,0.3106898719236211,-0.43300620739566054,0.05266226846579205,-0.3402844016227843,0.3088833075706938,-0.5064843224446974,0.5695891405972762,0.35502154474132547,0.3306088190015245,0.03179992779797023,-0.44556441351863396,-0.018759971249365247,0.03345568280234442,-0.3095016536330685,-0.19057588460391853,0.09524611282809475,0.28299705009097037,0.519053437863322,-0.26757504299739765,0.2860498849706007,0.34003562759590533,0.5306700212443403,-0.4095051679448989,0.22365185300374404,0.2382864245780719,-0.01782110243917882,-0.17567595582849266,-0.0019348512812091213,-0.22014821405751703,0.584009949765447,0.31119541098746467,0.5473681502187587,-0.09187283225040045,0.09600879540591026,0.0567408549669576,-0.236991591690942,-0.3137157974843237,-0.27034979286838007,0.3918647719773369,0.09552258301669753,0.5976041045407249,0.047415618468233015,0.446279118419858,-0.14008735704091427,-0.24840304116552023,-0.14626581013917245,-0.18665166118685017,-0.3227480724895487,-0.16154963771352487,0.4522291253528205,-0.14082419131617654,-0.08929733828943164,-0.2795965602389397,0.10180662604316727,-0.4273808671193444,-0.14778459597182927,-0.31243730674222725
feature_14,0.0012506526759697195,0.304923363473615,0.018448977056356508,0.0456176890963886,-0.23191673531522833,-0.18301437768450662,-0.1566767923739568,0.023567270091568268,-0.11403776111089466,-0.01645704034810663,0.26410525811549745,0.2591707184011784,-0.105665789152487,-0.22293133844776142,1.0,0.18970791069673398,-0.12044018334309818,0.22584744350040745,0.017211162411006835,0.19324587079297922,-0.25272713134695673,-0.16120938267224366,0.13275681841140102,0.20945643473193415,-0.17699558149902705,-0.2513096391984197,0.04723545096484892,-0.22778317061891615,0.09814481486274929,-0.278368183130046,0.18130105703335123,0.016130272197109708,-0.21557259870585901,0.26636434252821267,0.19458918649003615,0.10845748692835708,0.01810028645199115,-0.10177162892433506,-0.10035620892573344,0.08712871326903338,0.15513136637879157,0.34072661490602174,0.04922150819532311,-0.06212625250631268,0.3086724062555518,-0.29113658114229796,0.16051313562303202,-0.14639707499603996,0.3119547537416232,-0.27063081932799715,-0.2599638507088043,-0.07013121686864845,0.09698246216121204,0.11638510430513625,0.1099531603441241,-0.07160776694251474,0.2377040195374234,0.2282378557069816,0.05179242093617218,-0.014077349494708949,-0.16601339680113736,0.059001941553969164,-0.00835499332522725,-0.08404387522662392,-0.15359089335468218,0.3316619939538233,-0.1823244605574868,-0.20376637752539584,-0.09616257095402028,0.11445881257419191,0.025204777963579415,0.19263648217888427,-0.2931077008887272,-0.3199965804853433,-0.21063794693261986,0.1936690431270504,0.23648379311246406,-0.10043480270827343,-0.10083380270223326,0.13263592165794583,0.19271036665885596,0.015954255903477245,-0.009449370791025317,-0.3479889566841682,-7.357655830302405e-05,-0.11711113296567631,0.11020059872081944,0.14284702152981207,0.265385796450406,0.05801722258764687,0.21666617321178883,0.04080068958174294,-0.26738849426011563,0.11750308854727835,-0.1131327555409344,0.30262246035695733,-0.13706778815832885,0.23573021307754416,-0.03915653526263432,0.21817839773206874
feature_15,-0.03748593662683808,0.30470285325481655,0.0032622417271060086,-0.1084651060997954,-0.21292462118972505,-0.019780364570239725,-0.19433903406419445,-0.08913642852968694,-0.12352581508206664,0.208329744347102,-0.012466928493054679,0.36699967705576947,-0.1223923272377342,-0.24577810357060764,0.18970791069673398,1.0,-0.22380549138957806,0.22319872374881547,-0.03288642253670626,0.08559221633941266,-0.25414098398796425,-0.30495741278640875,-0.1456206325172502,0.23728689310963655,-0.10083370762151372,-0.23732545544608546,-0.04722092171362352,-0.03695988647207263,-0.09888582747454525,-0.31441639224470763,0.04047187896977845,0.16718170960080034,-0.1473304497142083,0.1525685205513156,-0.06698868219167015,0.0775501690845077,0.0747392642149264,-0.04262417848112567,0.19492330970532482,0.17183580296930367,-0.07322661344899985,0.21363031959965634,0.15776768285414366,-0.27228081739512894,0.31377372423439154,-0.11836492223050252,0.2790685972068417,-0.13063160987539296,0.3716345558542775,-0.35980818903353934,-0.15974047431070604,-0.04391038497998663,0.03665359913675899,0.15324391101899132,-0.13472821626691506,-0.05713248662028544,0.13541948248072433,0.02249949361940497,0.015674157590266195,-0.055832411015174624,-0.3106588160490582,0.08570723936993005,-0.16149360620997552,-0.2471279448064796,-0.29678505428519447,0.2127296438639601,-0.04811017929217261,-0.21516050882876625,-0.20772993970267895,0.008555383338714567,0.1690514559603529,0.21665354186390196,-0.33689172282924573,-0.2539479807090464,-0.34553057969927015,0.15520463874381404,0.02768030159385374,-0.002771969165880007,0.07461801564074978,0.32123078885916484,0.2181118750365938,-0.3195571679631861,-0.10311398655620622,-0.27635883806429723,-0.04285762911902349,-0.24030211508877686,0.10537753908290626,0.24207875370900497,0.03455161185982131,0.1916438529664997,0.06899359222660197,0.14093683363628992,-0.21037750228901167,0.08612484998627783,0.16032026624249007,0.1320896896217635,-0.1735678112991459,0.23949667855259701,0.18731723857468235,0.21429719736783215
feature_16,-0.04158583927751356,-0.5248347680726008,-0.36125396297804924,0.3497720443497689,0.3762532752444395,0.034442693324757356,0.3175051766999085,-0.1642344658668377,0.21211454040400887,-0.3397347457135005,-0.19451092147153454,-0.5129111039042271,-0.002229978581788103,0.5070324573256465,-0.12044018334309818,-0.22380549138957806,1.0,-0.515087973371199,-0.15787195663206752,-0.056822893665407305,0.4473757663557208,0.47895572473934706,-0.01898579678307451,-0.2090621335466278,-0.13153659027367068,0.6312765177508921,-0.029465241431083644,0.320094259206121,0.020872731547714317,0.4787481910939193,-0.16983007686984963,-0.17131709388178895,0.22235288534170108,-0.18526561172750217,-0.15032714562029745,-0.259066295948295,-0.043975466509362925,-0.09001966926489109,-0.11805673169409084,-0.5010421867535753,0.0259336897074084,-0.3351400508495149,-0.09488221906256368,0.20147768089298798,-0.5167019425930438,0.05260218698666878,-0.20770029238588994,0.3124832193312037,-0.5364564926148953,0.4867335767852023,0.36995611603391915,0.3241393743389232,-0.12823530371063474,-0.3241176452794552,-0.04605899982308943,0.087054592541243,-0.2555394641381537,-0.001846812473797646,-0.03683472022646221,0.2758172395634978,0.40629784079883857,-0.1294862958571844,0.2735275490608256,0.3375475535974243,0.36048986759443513,-0.423506227635183,0.2183151904169102,0.19340570939836232,0.03517448653974562,-0.15677705941959852,-0.02032718133896257,-0.19237660297802983,0.45468910734479256,0.3058910218178515,0.5054956642217475,-0.3370752758714817,-0.032961369984111935,0.11916796027730998,-0.20399457954706882,-0.38649728744641165,-0.1592053607954779,0.3340072349752714,0.24580885047437337,0.5509390323552913,0.19034236058136828,0.2622207278627053,-0.30692343170483016,-0.19185118911585083,-0.09295674070699618,-0.3505686815015053,-0.30474853233315247,-0.07934490878092222,0.26461964668390797,-0.004845512156692381,-0.03905281794270409,-0.24041445109138052,0.012180099685894142,-0.41686176235663763,-0.08418969285883612,-0.40767673221135803
feature_17,0.11256770122778544,0.49802616097321933,0.38737263601910504,-0.3079938369893463,-0.33257488860977547,0.03032757261811818,-0.2410715761924463,0.19234026838038734,-0.11746194576938854,0.2892823214788609,0.21528524265727136,0.5082652052759666,0.004513495499336457,-0.4478374202252744,0.22584744350040745,0.22319872374881547,-0.515087973371199,1.0,-0.022733897526748748,0.0055493614620442805,-0.44897198104376124,-0.5907537742808856,0.020374775395925946,0.171613466946271,-0.00040295840170805714,-0.5864384510310877,0.14726313862973853,-0.33082922199073256,-0.02706576811459025,-0.572679583103664,0.20684895078748516,0.21376814261481414,-0.30136758549435216,0.2993006952785454,0.10886832464172391,0.4315103949920341,-0.0171895261838885,0.11078581287314074,0.12153059983064719,0.4378832629580015,0.007219228413567692,0.4348229760280573,0.11558871574405674,-0.23810336412728833,0.5040808330711191,-0.13047017785125195,0.14503000276817096,-0.44326947530701094,0.5690160878673963,-0.4861591948001526,-0.39556397040613867,-0.33021801774765885,0.2063431223761836,0.37900256596381865,0.048685259085551096,-0.16625962600941444,0.31205761423306155,0.02828220443263614,0.07225087680182948,-0.2770414326677148,-0.445841766178084,0.033108012137472,-0.2290406671697015,-0.439750224625456,-0.41040478476273334,0.41603111993791697,-0.2601106554600067,-0.3636619927308464,-0.18524016793902856,-0.010157601378765922,0.06245876431510734,0.29763432410924695,-0.49762434754359286,-0.36491245864069355,-0.5372734819744435,0.37689114706510873,0.11680579897646554,-0.17592561128965833,0.22526870099771376,0.4555082121271917,0.1663807309858661,-0.3989564670456265,-0.2453921465588823,-0.5419706459230068,-0.20765841035400293,-0.2960927819521727,0.28335972896613854,0.3405830005544005,0.0278469496220185,0.38866473449192596,0.3617811779655862,0.14357029356704235,-0.2776193559916016,-0.05642346079198344,0.003653249132705379,0.20624229163954674,-0.06929868808625086,0.3100392700278465,0.1811712151124821,0.3911655261375668
feature_18,-0.05797923222499772,0.1674542175348521,-0.004613104252055694,0.2351030589440362,-0.10895541629470865,-0.17535234059002078,-0.39517617851773745,-0.20517924773024324,-0.17936725142072804,-0.06776903658445715,0.17907026913996146,0.14216954308107066,-0.06485277729754117,-0.22447878962490161,0.017211162411006835,-0.03288642253670626,-0.15787195663206752,-0.022733897526748748,1.0,0.06890979286254043,-0.03988219816852096,0.13406233618274296,0.0006409637188509817,0.30329975380896906,0.2647666974625854,-0.10255594880859292,-0.30869350938637086,0.024310572211462548,-0.08917917524431278,-0.1343884268080444,0.010146332077441228,0.04556156090456143,-0.19465307852793745,0.08627764848761016,0.11020061536605108,-0.0969185377892358,0.13027237660784552,-0.14740141922235975,-0.024344789714221774,0.0988147955034085,-0.020163808321866778,-0.04132045969373136,0.045550799696752214,-0.14692655577073152,0.026876773048201512,-0.04178794044888786,0.25315415168955174,0.0696953300044922,0.03348226007097603,-0.05090433608892815,-0.10924331617499602,-0.15938108906501766,-0.18690406370972543,0.14860024881245382,0.04749557180367381,0.060141108281409596,0.11810172926898352,0.21424953358568535,-0.288580565545388,0.13671075546437186,-0.09443128381933928,0.2460998430517579,-0.09019796764731805,0.2052629199328325,-0.1775127797308625,0.19922418710043188,0.09725659794650583,0.22369358046126772,0.14706328808835126,0.352847065732181,-0.05696599889195894,-0.18152159038831384,-0.18736723698013014,-0.1067709112542525,-0.0305420597004337,-0.04534849689432086,-0.08735648250928815,0.17699125757652046,0.0014239422666353521,-0.24053871371789265,-0.027518285849345053,0.027948465122468003,0.1493418563374816,-0.19464309868092222,0.05655254087945852,-0.27264561821278926,-0.09625862848807662,-0.20398028297719242,0.1758043167241002,-0.15482129688770438,-0.00578282600725204,-0.08341234137991925,-0.24749616272763802,0.2597817769920364,-0.04426462659703862,0.24455532578930397,0.08587045476776438,0.15767769740839188,-0.07660038401639528,0.11061516466417182
