,embedded_0,embedded_1,embedded_2,embedded_3,embedded_4,embedded_5,embedded_6,embedded_7,embedded_8,embedded_9,embedded_10,embedded_11,embedded_12,embedded_13,embedded_14,embedded_15
embedded_0,1.0,-0.7055125468339158,,-0.9439589704261415,0.967737285343542,-0.19824666341698013,-0.5228973508016787,0.9999949032298074,,0.999988132242119,-0.9163671691076033,-0.8678153057613636,-0.779120538122959,0.999513509086164,,0.9999048952589227
embedded_1,-0.7055125468339158,1.0,,0.898745985899723,-0.8483558085213029,0.739665839679733,0.9482679932358636,-0.7055110824541138,,-0.7055078089053755,0.9128965089739871,0.9636549718958088,0.9810728303411953,-0.7051459108536413,,-0.705455875178445
embedded_2,,,,,,,,,,,,,,,,
embedded_3,-0.9439589704261415,0.898745985899723,,1.0,-0.9928883421413968,0.46760150290427677,0.7694700481757117,-0.943964175111643,,-0.9439639225332623,0.9927631751763235,0.9830547157277619,0.9398201253765396,-0.9433960632876932,,-0.9439151945825304
embedded_4,0.967737285343542,-0.8483558085213029,,-0.9928883421413968,1.0,-0.405244298978146,-0.7168292475260586,0.9677242565648407,,0.9677122393392866,-0.9868538106878103,-0.9585843785753753,-0.9102009163241178,0.9673536475315964,,0.9676064040151966
embedded_5,-0.19824666341698013,0.739665839679733,,0.46760150290427677,-0.405244298978146,1.0,0.8502943233533266,-0.1982462519311728,,-0.19824533207494305,0.5254496770764012,0.5966737937157973,0.6972035280858723,-0.19814363993413406,,-0.19823073887155548
embedded_6,-0.5228973508016787,0.9482679932358636,,0.7694700481757117,-0.7168292475260586,0.8502943233533266,1.0,-0.5228908767164749,,-0.5228910816280531,0.8191243676431939,0.8666190631927353,0.9386034611702742,-0.5226412369839238,,-0.5228499819728759
embedded_7,0.9999949032298074,-0.7055110824541138,,-0.943964175111643,0.9677242565648407,-0.1982462519311728,-0.5228908767164749,1.0,,0.9999983889398925,-0.9163553725825969,-0.8678135045018085,-0.7791189209605778,0.9994102601684145,,0.9999430629752609
embedded_8,,,,,,,,,,,,,,,,
embedded_9,0.999988132242119,-0.7055078089053755,,-0.9439639225332623,0.9677122393392866,-0.19824533207494305,-0.5228910816280531,0.9999983889398925,,1.0,-0.9163470771482622,-0.8678094778750742,-0.7791153058738008,0.9993497065241564,,0.9999601946942662
embedded_10,-0.9163671691076033,0.9128965089739871,,0.9927631751763235,-0.9868538106878103,0.5254496770764012,0.8191243676431939,-0.9163553725825969,,-0.9163470771482622,1.0,0.9860375937328895,0.9629472426891865,-0.9159796992222448,,-0.9162547158816778
embedded_11,-0.8678153057613636,0.9636549718958088,,0.9830547157277619,-0.9585843785753753,0.5966737937157973,0.8666190631927353,-0.8678135045018085,,-0.8678094778750742,0.9860375937328895,1.0,0.982710990062797,-0.867364325383033,,-0.867745596823871
embedded_12,-0.779120538122959,0.9810728303411953,,0.9398201253765396,-0.9102009163241178,0.6972035280858723,0.9386034611702742,-0.7791189209605778,,-0.7791153058738008,0.9629472426891865,0.982710990062797,1.0,-0.7787156500405233,,-0.7790579537636586
embedded_13,0.999513509086164,-0.7051459108536413,,-0.9433960632876932,0.9673536475315964,-0.19814363993413406,-0.5226412369839238,0.9994102601684145,,0.9993497065241564,-0.9159796992222448,-0.867364325383033,-0.7787156500405233,1.0,,0.9989884062515866
embedded_14,,,,,,,,,,,,,,,,
embedded_15,0.9999048952589227,-0.705455875178445,,-0.9439151945825304,0.9676064040151966,-0.19823073887155548,-0.5228499819728759,0.9999430629752609,,0.9999601946942662,-0.9162547158816778,-0.867745596823871,-0.7790579537636586,0.9989884062515866,,1.0
