,feature_0,feature_1,feature_2,feature_3,feature_4,feature_5,feature_6,feature_7,feature_8,feature_9,feature_10,feature_11,feature_12,feature_13,feature_14,feature_15,feature_16,feature_17,feature_18,feature_19,feature_20,feature_21,feature_22,feature_23,feature_24,feature_25,feature_26,feature_27,feature_28,feature_29,feature_30,feature_31,feature_32,feature_33,feature_34,feature_35,feature_36,feature_37,feature_38,feature_39,feature_40,feature_41,feature_42,feature_43,feature_44,feature_45,feature_46,feature_47,feature_48,feature_49,feature_50,feature_51,feature_52,feature_53,feature_54,feature_55,feature_56,feature_57,feature_58,feature_59,feature_60,feature_61,feature_62,feature_63,feature_64,feature_65,feature_66,feature_67,feature_68,feature_69,feature_70,feature_71,feature_72,feature_73,feature_74,feature_75,feature_76,feature_77,feature_78,feature_79,feature_80,feature_81,feature_82,feature_83,feature_84,feature_85,feature_86,feature_87,feature_88,feature_89,feature_90,feature_91,feature_92,feature_93,feature_94,feature_95,feature_96,feature_97,feature_98,feature_99
feature_0,1.0,0.08941743424515129,0.12585877062588413,0.07505575174503827,0.15469832770326408,0.19124016532905136,0.3030458453803865,-0.4610157407865453,0.06388761184900603,-0.20215681799859697,-0.14012238318369338,-0.06776797970953961,-0.12894174977870515,0.13643438266947264,-0.09596323161548051,-0.3052153184816639,-0.11917327035542742,-0.05963835081927099,-0.08742718328359173,-0.20205498082446732,-0.06720968787963608,0.22778026037867846,0.32673535914907553,0.06695240210143324,0.18885637053242796,-0.02632209550212506,-0.017632455832515496,-0.13910877807209052,0.21893098929029803,0.3894483969581157,0.01293855190569377,-0.04629615186735558,-0.23262835454752995,0.10226031107262357,0.17562123567229845,0.003986008030134272,-0.13655582209942246,-0.32030813264716906,-0.20465925638475052,0.08449324785495535,0.08840555357745372,-0.07579980825776673,0.11540583202323139,-0.1807191533788933,-0.002875514685839268,-0.1904794497778229,-0.05986024826848728,0.20497218349893678,0.5935981774684093,-0.18821738908401017,-0.2612656964799767,-0.43949559907211616,0.32112167320707224,0.07946597420186331,0.505411065662302,-0.13528320288260598,0.07140807163771172,0.22364482190417326,-0.06523518395532923,0.0249207229985634,0.1003677592985161,0.4040661302144946,-0.3344369592023277,0.03414034434641161,-0.02573274107495784,-0.07238174515867338,-0.06176186307019805,0.2564378772819971,-0.09370474254502323,-0.25363931539277146,-0.17433978662157892,0.1576278976665845,0.09210091092747584,-0.1380654259323274,-0.14417191926628187,-0.0572126782308406,0.15036790409512316,0.43658936989969255,0.18104578584205994,0.24211549809677152,0.49474517609635527,0.18283001978581326,-0.00875338876572453,-0.37714037092383884,0.2211727961358401,0.22799437883337487,-0.24832443765329845,0.09043407887370539,-0.31991981532589964,-0.2855535582842593,0.1370365493463736,-0.1258283476798411,0.5174633305557934,0.17583807129268356,0.20403943702852556,0.29307501626337845,0.3646316075745743,0.012628960058598489,-0.02114327816372736,0.16466215534992132
feature_1,0.08941743424515129,1.0,-0.5110304830199763,0.32949389724653294,-0.024868227575259454,0.34417773418125863,0.1606743092061077,-0.04477004003941054,-0.12074194379203596,0.4228724378349489,0.17277653530388146,-0.02284604105728323,-0.15053751621917422,0.1110133607237741,0.12080538698226177,0.3679439668598651,-0.44303211168252576,0.23995074549517884,-0.036160659845693714,-0.07249934876662109,0.0924228798104646,-0.07709763349463468,-0.11342238777984431,-0.5346593271572975,-0.14340140730507095,0.06501717658906905,-0.2703736522175099,-0.7080286144276794,0.33494318135665563,-0.2858385648613891,0.24148705940205017,0.22733700594767148,0.1261649350874529,-0.20012605106036718,0.07228474084054805,-0.2103523083786487,-0.6725933484734906,0.41090165292248565,0.552152890584594,-0.280486655418305,-0.3194210366945145,-0.058982717612370554,-0.06651307453767759,-0.1956984015875418,-0.43455198603123874,-0.2540392946645179,0.0268672213059967,-0.4718416010847989,0.16521990797614955,0.40442430448943995,-0.05168236627430466,0.22094074708031886,0.2389744968804841,0.05469521466587239,-0.4687060193923314,-0.012975812947382565,0.3263857944656289,-0.42957577723655194,0.27702250944393564,-0.0772525008354926,-0.4100335827735157,0.2807247931306074,0.36298435336212365,0.4917913111893439,-0.365852494394706,0.26928333453621534,0.4215677993695347,0.029823510625980036,0.1727288480034735,0.07236246993956812,0.37994483460106826,-0.28402758752242263,-0.39181595044718176,0.017824750119066177,-0.40445890084154673,0.017289245849205666,0.1640182452067737,0.32565309010291993,-0.05632220700603808,0.20939410190042496,0.16357711135199604,-0.3481607898870865,0.3419823264494153,0.14399598109411424,0.015085057415068309,0.1929408602330753,-0.1099878617105193,0.1908486480452565,0.35012435554890753,0.35955941915320194,-0.3672248689427177,0.37629001299231635,0.017141684397071432,0.09801929001999655,0.31364018737651667,-0.07055624525283455,-0.1805992097264337,-0.37198891919323057,-0.5710511417012458,0.3076140817259092
feature_2,0.12585877062588413,-0.5110304830199763,1.0,0.19746410400650885,0.3627275344327048,-0.1989615348555552,-0.21601081169548983,-0.14065391469295127,0.375723425145605,-0.5809041940029629,-0.6580716493463096,-0.10357918854944023,-0.37176060685261647,0.43504093132252125,-0.5185982185337842,-0.4827834832421043,0.2622640216494009,0.010746355430364271,-0.2539077429510618,-0.22852669848318105,-0.21227103606478692,0.21857323983696836,0.49309079528324146,0.16937517145676084,-0.02642466772604328,-0.2576259468628037,-0.022338475528974087,0.5625384926843789,-0.04491233144072482,0.5160091275007019,0.1372355760882971,0.09726916504368874,0.0424218716767957,-0.19100913460379995,0.02069606967391781,0.06945832329962479,0.617561055911742,-0.6921562609012843,-0.706117395594992,0.513289803087169,0.07063001842113907,0.019346641181797398,0.5563283023376651,0.022445010291834884,0.4037286152643708,-0.18295026817548443,0.28651198510088655,0.49821252777148256,0.17619187239950487,-0.39594054949250745,-0.45794262631222327,-0.20213255723674226,-0.023891601422656103,0.010375424817494058,0.5434237058749984,0.06410951069301815,-0.3531221938406807,0.5468183869382794,-0.3047235941220822,0.1660794140260671,0.7524219294109801,0.12661709069628324,-0.42985910798880556,-0.27026224509119773,0.6687440234347822,-0.51786082704183,0.001611118233053881,0.459117567844243,-0.34668119736161884,-0.4895017828422425,-0.17402028281723556,0.2966839583574105,0.30894576284787717,-0.32060003424442396,0.22812825750814766,-0.005710004861394948,0.08475735563809444,0.13092158644823834,0.15973418577434953,-0.007730172514985194,0.1690216267515049,0.6389362996475142,-0.30015169499231803,-0.4159492719504827,-0.016013003284576555,-0.16839215914250258,0.24354957116527726,-0.10494763509245958,-0.04142686760951859,-0.673549453342179,0.06587805169614165,-0.18739244509808145,0.48376786258937204,-0.2527395551984176,0.05831327070213668,0.3094693448275534,0.3880245208388729,0.19000939619029036,0.5630023253340686,-0.14913608692207958
feature_3,0.07505575174503827,0.32949389724653294,0.19746410400650885,1.0,0.2719146789666796,-0.22372317081517795,-0.10516426945440294,0.01756816346176396,0.4574021671890403,0.05790284853642514,-0.47384444411339705,-0.4054231038243738,-0.21132189668022422,0.42266528531173125,-0.26491934767881,0.02709188475005279,0.026234867021314025,0.21613190624015272,-0.19199118219624955,-0.30618017307301304,-0.06237225115241929,0.3358230144589542,0.31517351112434877,-0.4863701695708232,-0.5384061805328912,-0.43062405932856807,0.2515104977534592,-0.216127545523571,-0.036734592554917,0.39531141355694244,0.5625424036800941,0.12068487400810302,0.032105055540567015,-0.3380982370127124,-0.3212505022110456,-0.16681183401683974,-0.15241121772787666,-0.20706527540999137,-0.15793396226847858,0.37351788401041536,0.03295183532276811,-0.05703504132414736,0.1814661671062383,-0.014530592634497505,-0.19369128375779476,-0.5527229456289058,0.3767754634596789,0.05312888909599584,-0.013045861333041218,0.39476366530839185,-0.5104282974937001,0.24222268387950888,-0.30530317392940515,-0.21078467509870666,0.06843938646214258,-0.28638653604300646,-0.37739897540734074,0.09652865528187014,0.08317149214042067,-0.21111752874614814,0.21927902535381746,0.37188435844760764,-0.31585993133304213,0.04612276592023078,0.19075108364158666,-0.39200395742896876,0.08000232288507611,0.5523611213452982,-0.07792373211316467,-0.11518755547281999,0.3842005592987264,0.12495468360694653,-0.38290448711675495,-0.4483129256359284,-0.1561272896172862,0.12366214132647244,-0.1000320102451231,0.4683361389208361,-0.24887430824899398,0.30739202563945695,0.23080550537253133,0.3320735514003209,0.2802501903260961,-0.08170280176532778,0.03463589639478958,0.21512878556089104,-0.14387615451022343,0.11372058926391838,0.5872924889376282,-0.13083594441097912,-0.1344882170337484,0.33140430039718793,0.4463103234404749,0.1304062019643685,0.2061536696958143,0.13084231030904728,0.15981203466290195,0.03943496241661426,-0.04754938358244936,-0.10721784194203932
feature_4,0.15469832770326408,-0.024868227575259454,0.3627275344327048,0.2719146789666796,1.0,-0.2204851914842853,0.3251069211356577,-0.037115114335358586,0.4415255602256339,-0.28554430493365973,-0.09287868337733575,-0.5911153587199947,-0.3611078184387879,0.14108264247236288,-0.3758943568244379,0.07776001680787208,0.5685764977235315,0.46774952014386767,-0.017295302481170987,0.023122548483358103,-0.11640510755930296,0.2200453253448897,0.09502614387372747,0.04864470865937257,-0.45413520138910424,-0.10418413630295738,0.26967376807464466,-0.12406012095813397,-0.4296347987357499,0.20758433761268197,-0.025133482316073173,-0.0880661447673679,0.30999244789675384,-0.028126503124061716,-0.21681411765825315,0.2587850592993371,0.17142263811252673,-0.29592177990528584,-0.3139288285190851,0.6042970087231083,-0.08727132173266229,-0.16611208226079419,0.37485836704685527,0.46083270937106474,-0.09166494833766312,-0.6656782419108553,0.022759126258448524,0.5524597606920213,0.3235466426416228,0.17295484534191852,-0.6042392644203088,-0.023321909167401247,-0.14796281292287072,-0.5321716674492196,0.22622989536144808,-0.10231205782258013,-0.30771855194336384,0.5145529685727266,0.2521317635540767,-0.024773880942763223,0.34688384496418634,0.013186401728913147,-0.2143248844047093,-0.30171698139450165,0.47256190866942044,-0.35762526831000163,-0.27193216636245165,0.5472504793598352,-0.3078882700453616,-0.1312857247983704,-0.21251309374484664,0.3955707395361038,-0.0562136406801892,-0.04126017312172908,0.03449841232763537,0.2556362801717536,-0.4369106694244147,0.24305421354098183,-0.18563929317354932,-0.09982974475613939,0.20850367060642122,0.26770755468495366,-0.06478409928480358,-0.44072288864492865,-0.31258045857502076,0.45042555048248434,0.22026542720099926,0.04801289928294569,0.14544777119731572,-0.05302414445601105,0.10921749067993713,-0.14835862382091777,0.20525357585898957,-0.18127914040194681,0.4174496179422433,-0.12287180006480473,0.26009314517582155,-0.12135108982360333,0.15238164831971374,-0.07912579605915483
feature_5,0.19124016532905136,0.34417773418125863,-0.1989615348555552,-0.22372317081517795,-0.2204851914842853,1.0,0.1505872162591956,-0.03295061341079617,-0.6504466613853381,0.16383472997564266,0.1706139154861324,0.44690393145700724,-0.060504093641110375,0.18379474284240319,0.4140956660187541,0.07313497187906617,-0.5414140911283679,0.0660783931664798,0.053676316247650235,0.13208675062193334,-0.19721601078592793,-0.2751160264222208,-0.0888505945496315,-0.0013121836901514646,0.31000027564355986,0.24741301549110767,-0.6300663169270377,-0.11019516704365492,0.33553036814295006,-0.38756918928542344,-0.31930326717407953,0.19961463339395055,0.03557912738359445,0.22637720526118185,0.2910349797371819,0.17894356415226265,-0.33428480290601487,0.15382548287428824,0.5550078361523222,-0.5676014121095643,-0.3152070004683616,-0.1959044500256296,-0.12085086138396378,-0.4256557627862732,-0.20220602028070386,0.11170821938299089,-0.15441809480661495,-0.6294880158945905,0.30113486384795585,-0.26730848602290547,0.07299102871676151,-0.008928843430477024,0.40630337420016294,0.48575386634369794,-0.1716738441225554,0.16959298691450114,0.8251027465836531,-0.4951032376959281,-0.10345955991873168,0.1605444404240487,-0.4232306616286135,0.10779611934500286,0.44180072848677376,0.3618363996061795,-0.27051131377131876,0.6169845052549301,0.40305736938994685,-0.3799611253537625,0.4618203846131409,-0.2236245153628574,0.11009929874512786,-0.4756294774224066,0.14990620070172261,0.45286190903144874,-0.1957598840511717,0.0431195866906069,0.4504543490249979,0.10379099768085755,0.024964783108649614,0.12506874175939045,0.27502635289168087,-0.5480525729604641,-0.14917721128726566,0.19126114922345133,0.16232576209462687,-0.14123810592655947,-0.025638887670403572,-0.12377123223867412,-0.2415603340467201,0.0339578606710648,-0.23070319885685425,-0.12730582307232172,-0.07755162992291718,-0.1974104611312072,0.28277145546606375,-0.07853759375356428,-0.4561126222228907,-0.21049304334715183,-0.3083911784095919,0.21128116946494174
feature_6,0.3030458453803865,0.1606743092061077,-0.21601081169548983,-0.10516426945440294,0.3251069211356577,0.1505872162591956,1.0,-0.1303629975786898,-0.22579874442093206,-0.1227418080835295,0.44919074667691666,-0.2313828680131716,0.3220184712246077,-0.1155385867539673,-0.007858657760065727,-0.10100032896172206,0.08745000402581339,0.0511459708901091,-0.008495683367654291,0.28128679015145863,0.06264060207638102,-0.07031808556489638,-0.24253202739118893,0.22544565863533259,0.027417029828212588,0.06185744306984221,0.01875755826479055,-0.27419694656389243,-0.14155165046719714,-0.0883993191942046,-0.32080045726908724,-0.24569468082118956,0.2191839584201082,0.06378492025127441,0.1443239341087707,0.24231719181283912,-0.286365264624469,0.15860605296122465,0.2564155052842149,-0.004941835030999276,0.18103838682414672,-0.048172392785031534,-0.1860499755627839,0.2743840094521688,-0.11158401444693235,-0.41902652205709184,-0.36235048060920083,0.22960510327212855,0.4151147897169976,0.0226759990229578,-0.25257529765999925,-0.24638196244825206,0.16281464497505596,-0.3053548555720121,0.2204846195102873,-0.29329592557884016,0.18309007894652854,0.21384023429387178,0.333852597744231,-0.06979502892402202,-0.20950229062762563,0.32854722946824483,0.17226992604874147,-0.15724168999656904,0.0025479836264017995,-0.06278237876648193,-0.312359153037926,-0.01391784669173483,0.18322695106743314,0.16279983883110402,-0.5716017618667231,-0.12318635820798039,-0.05326169535695661,0.17470917664297184,-0.5146071517153229,-0.026898070095513243,-0.09293871244439442,0.11511574184654562,-0.017738674645434088,-0.19501526098993155,0.3051006723008998,-0.2663223982695927,-0.03302092890012732,-0.17756164877532127,0.14592044105787824,0.18139162459464636,-0.19867427786866673,0.023560419332662504,-0.23456799005424808,0.005765297534693037,-0.23782381210006776,-0.28625538262584344,0.03981116296368071,-0.0034559060237125514,0.4260998784120216,-0.22505869139873605,0.22115289029570054,0.23298653315543988,-0.14530896601636728,0.3385407056275049
feature_7,-0.4610157407865453,-0.04477004003941054,-0.14065391469295127,0.01756816346176396,-0.037115114335358586,-0.03295061341079617,-0.1303629975786898,1.0,-0.16495304170893502,0.15531911456172623,0.028028313362156065,0.17419345302677003,-0.07045952294737143,0.09454155956090934,0.24572111317995995,0.323880022265305,0.11884016316025524,0.06189896308488011,0.3897830204561749,-0.1569228410372054,-0.12313401013664452,-0.5033242704835852,0.10044844689009555,0.1393247653554035,-0.23461300044334607,0.3539584382013004,-0.039242898857468816,-0.10013592917112392,-0.49320763421975167,-0.2958228722204814,-0.22719076662059182,0.16146765718452236,0.006779841408204393,0.00358995232039841,-0.21097357484783513,-0.19555318655470094,0.15462774795695255,0.2608075246030378,0.34533967260426524,0.051633103676567135,-0.42049042660889036,-0.2133792081729912,-0.15123009738433812,0.29995855183534004,-0.2420496154642218,0.02836914040196253,-0.2664622406290198,-0.296084535626873,-0.1454065445861814,0.231178795706914,0.37268971107969884,0.5406822169798865,-0.16068168088879697,-0.03165196967579567,-0.42219931331490956,0.08316262680974017,0.14548834280925715,-0.2527046494718869,-0.06913069415546551,-0.04302280773063037,-0.14398137262871333,-0.24928201636580485,0.31780884211180144,-0.029541884405480293,0.053868785884332394,0.008247032131064107,0.050835699547508155,-0.02404636929232984,0.07823429367556728,0.10045266600766942,0.28328408001375827,-0.2840948208786612,-0.09656083835013327,0.2870694195706348,0.16212332889910772,0.21404671293150956,-0.04969525190799977,-0.19100426784469984,-0.31495564271125415,-0.302229212858498,0.02726581974274632,-0.3466482452397002,0.0015130523825667035,0.1532101687703186,-0.44780595492740344,0.05552270026118174,-0.1715481081693768,-0.13766045937109034,0.1736647663025935,0.5297939153100935,0.0019654683783381474,-0.1284371732288079,-0.46648163106815976,-0.3839391412757396,-0.40893358127119644,0.031112642112403832,-0.41153811871338736,0.0017639344474962917,-0.20193370105078584,-0.22532560935853588
feature_8,0.06388761184900603,-0.12074194379203596,0.375723425145605,0.4574021671890403,0.4415255602256339,-0.6504466613853381,-0.22579874442093206,-0.16495304170893502,1.0,-0.4255246749768966,-0.4052463590186661,-0.610455839594492,-0.347287395400722,0.12760643769534605,-0.5697498336950197,0.02513013454123249,0.48722990005612155,0.3133729131206302,-0.16468964245912926,-0.18169561087297176,0.04002632940863878,0.28888577340718813,0.30868479199486404,-0.25999586403684644,-0.5694038591891143,-0.47319802253995435,0.529820104927756,-0.0956857784408053,-0.16645076431782732,0.44360078917758267,0.3823485744166946,-0.2669687227129827,-0.18467014162935094,-0.12491914739382526,-0.3637504624698334,-0.1628365405069151,0.14964849281215092,-0.39693801582809884,-0.6994812836612009,0.6503709699073482,0.10191785405735738,0.09526848941473436,0.27484453091821853,0.236787370828091,-0.03397868727661315,-0.2364088243402208,0.23497732141588323,0.548583115618265,0.013269924879492538,0.19313352557392807,-0.3932835400364507,0.00968031052928078,-0.20781182168896203,-0.5078327586795977,0.31076495759140593,-0.22433369050689442,-0.7894520481837052,0.4701130844034234,0.20651900672682297,-0.34850349326490904,0.38186331400794743,0.027308142909651414,-0.6277200934996641,-0.3571079362578198,0.2119535068341036,-0.4396592168598746,-0.27716069413458716,0.6037054499185077,-0.4446849146557342,-0.13711846544507217,0.11009669844323211,0.7115442859334997,-0.13930323666223896,-0.5166358172713101,0.1817763209838498,0.2085231612289248,-0.33436120205013764,0.35695614669736203,0.02990483096096975,0.2569007679753763,-0.017570152046765382,0.7331081223432049,0.36768226582801006,-0.5014043672346101,-0.0702902703434176,0.3205233175725411,0.11524910170561316,0.4296996071850073,0.40976053056184086,-0.18952107054552864,0.14008184054757974,0.12775454315294524,0.2558883200215075,0.36930952675655276,0.10930344859611073,0.35293474613100534,0.3638257053262895,-0.0502878608883619,0.42679263413637514,0.01973142022886047
feature_9,-0.20215681799859697,0.4228724378349489,-0.5809041940029629,0.05790284853642514,-0.28554430493365973,0.16383472997564266,-0.1227418080835295,0.15531911456172623,-0.4255246749768966,1.0,0.16831835780075888,0.3202086110031797,0.14766962604450334,-0.16961785660204956,0.35076112141372023,0.15949786739077917,-0.3705868024109904,-0.24148802432642436,0.14364105662906923,-0.10635571744118022,0.031218131759217827,0.18237195318804517,-0.31223809729959867,-0.33755786832553536,0.15760826585651444,0.22813559551121,-0.08722218678354239,-0.15549438591594192,-0.01686106482941668,-0.18778660958080676,0.18860084925340467,0.2337272146676327,0.25181340576819583,-0.06843931746051388,0.11733363422269966,-0.0557007428926745,-0.2400061511505854,0.39037894913477805,0.5496336384872346,-0.3794756497886082,0.0279354994578525,-0.12943421945487862,-0.08588585222807826,-0.28146698698982614,-0.0262395403273844,0.011394805910243366,0.14698858733261116,-0.48953303801500625,-0.29109079717145386,0.38129341058786004,0.29029954526091006,0.27487968657339307,-0.1980714571568297,0.10766805722973284,-0.6150891598683687,0.13652879692567182,0.2999869375420099,-0.5805801044643795,-0.15721204520150525,0.3263549637484631,-0.2665829813214946,-0.08442452277497564,0.3470236232809561,0.35327117681825115,-0.1711736955426737,0.2521661726726292,0.36911642050079635,-0.26586822209776667,0.26349748642668797,0.32540034656838845,0.34301186964277863,-0.4063481937887879,-0.17686390510625213,0.04763695253700441,-0.042173933284287334,-0.08665783047943995,0.040978238694733715,-0.10960320143349789,-0.19854212452700087,-0.08652713702171312,-0.279975928090115,-0.4633394098829987,-0.05144769967630692,0.73370940717378,-0.18615189607825497,-0.00881708651183428,0.05666575916844175,-0.40544505029159184,0.0983916126454908,0.39994005246232567,0.09376775122435596,0.31896073772411,-0.1650846626934957,-0.20676981188794724,-0.1889405722390859,-0.441487418105343,-0.30466803446852325,-0.218016644343564,-0.5153875622672414,-0.3812866952331118
feature_10,-0.14012238318369338,0.17277653530388146,-0.6580716493463096,-0.47384444411339705,-0.09287868337733575,0.1706139154861324,0.44919074667691666,0.028028313362156065,-0.4052463590186661,0.16831835780075888,1.0,-0.11218392959235314,0.4398218427681195,-0.5805846663591308,0.5445583530588877,0.4307417686831688,0.10083156318555608,0.15842642290728604,0.2743114509475702,0.5800669643124097,0.47406667807558356,-0.29284907887728323,-0.6931289082187972,0.1728442178493083,0.10209230135479554,0.26736369351905465,0.016595994315560882,-0.3842875236019697,-0.0038687359622922224,-0.6516477023217008,-0.43126291984690873,-0.03112731679485711,0.055766879738254616,0.299114872279283,-0.0771285348650521,0.2370228653240414,-0.3374256082021197,0.7073215562965759,0.5503315364679908,-0.4613604949836722,-0.01617630265070228,-0.031572016699997936,-0.6433156019760806,0.37418002622789254,-0.3534774245429487,0.0808015785778762,-0.42118998454133927,-0.2060904156355527,-0.19602002149144074,0.2948892897030353,0.3576832242163749,0.07835829053174637,0.09476902727894,-0.059309742149245274,-0.2332196227810018,0.07046079266560706,0.33612541484107816,-0.1187678685092356,0.5197185981180856,-0.23595325710531648,-0.5347870330131889,-0.30485724273312187,0.5408319839212843,0.02430716658355361,-0.45801988976542285,0.4044111510691335,-0.2836702642149185,-0.5641222589935964,0.28728652369811397,0.4674816154138979,-0.3883262238401782,-0.18351441822938278,-0.0031111300605381987,0.5053522879783353,-0.2361419631405988,0.06375177674980387,-0.2903871671184206,-0.39900141012216783,0.0033202673813902835,-0.0983627382890602,-0.2438744634510867,-0.6086152348194375,-0.03615935440331148,0.19673920243278145,-0.012168260656277177,0.0661492687624646,-0.15509741633909296,0.22062158999818826,-0.11471513446925366,0.5260600144373042,-0.05234120470306534,-0.2515871657525412,-0.52726548867096,0.11348573228292226,0.03608010332223078,-0.4858400383229693,-0.343200882465238,-0.153620063558977,-0.39191067726524337,0.16287961455555203
feature_11,-0.06776797970953961,-0.02284604105728323,-0.10357918854944023,-0.4054231038243738,-0.5911153587199947,0.44690393145700724,-0.2313828680131716,0.17419345302677003,-0.610455839594492,0.3202086110031797,-0.11218392959235314,1.0,0.07880877893711379,0.07721982370681758,0.23029892430206347,-0.22901075863674436,-0.5776979369366312,-0.425123147336045,0.10279959776307213,-0.21772253089829213,-0.26636631124842947,-0.30363737209445735,0.10098745537414865,0.12840862406948467,0.5746492936415112,0.3993306874695077,-0.5661129564202471,0.28105193250456306,0.18812010334881343,-0.0919211277148765,-0.1145767147663293,0.15696567971367476,-0.08617224638345512,0.041116838469544253,0.44678594257463883,-0.24172174722023054,0.06174764361465241,0.03156754583800985,0.33823509165778,-0.4538977643689158,-0.10095116358775462,0.010381907293659882,-0.016114906541193866,-0.53758006189894,0.17645549699690105,0.4851137313898091,-0.06937893787115476,-0.4837148634234136,0.06993892786928131,-0.39135151768147997,0.5177404157659475,0.08064428629504838,0.30070498065679707,0.48232552572022636,-0.22869290199408795,0.14996822181864095,0.4853129110494196,-0.5593898280612831,-0.6419445367947153,0.4198414650208547,-0.21308684712529058,0.09253702983816903,0.28614829625096533,0.2760821423486264,-0.1370911746868123,0.31191694077295967,0.4143283829189076,-0.372967726565843,0.2812878051776447,-0.04897902449936057,0.16586435162233054,-0.547240894900573,0.22382240836174688,0.13903690212111844,0.10018184038400306,-0.15392065626382917,0.6341171890327332,-0.13788405017985628,0.22985889889820177,-0.13248499879870093,0.11874653008115921,-0.3411102464726826,-0.10566002163793348,0.4337494525570209,0.050938757753080176,-0.41615105804028996,-0.13996886979991766,-0.3804871264839846,-0.318544410499868,-0.038330849799520235,-0.06715757541742377,-0.030208752201872274,-0.1433133128921992,-0.26820721422823735,-0.3057212917067046,0.025863677146356148,-0.25032800517168796,0.0889756624398666,-0.04644028871740482,-0.07200883371330301
feature_12,-0.12894174977870515,-0.15053751621917422,-0.37176060685261647,-0.21132189668022422,-0.3611078184387879,-0.060504093641110375,0.3220184712246077,-0.07045952294737143,-0.347287395400722,0.14766962604450334,0.4398218427681195,0.07880877893711379,1.0,-0.43261856063291715,0.29150703012225065,-0.09408418504913063,-0.17628031379034093,-0.44054664559687107,-0.06274524189562211,0.2682573514595576,0.13597966398363195,-0.0429450270111216,-0.4355697372363723,0.11228872700906445,0.19730104122809944,-0.17443213408521904,0.23845724451718822,0.06350776197315329,0.08963710668559362,-0.07669750851059928,-0.16058392985928593,-0.324008547606441,0.05421850138961757,0.14413268722622055,-0.049412007048146626,0.12276480634770226,-0.20680901077649017,0.28565787019198147,0.2476489902283797,-0.3090578718417042,0.5306461676433096,0.37008167719354845,-0.58542714301581,-0.017622748140284042,0.06682389291805478,0.2275488183940464,-0.17293645764091006,-0.018825134850558038,-0.2725405922243256,-0.049871268859662456,0.14865286751368928,-0.0697563455916726,-0.1068043019463246,0.03869005505198626,0.03222456982360084,-0.32550415458620685,-0.003570842478921571,-0.11506498800114963,0.03802129386406747,-0.17990100929666128,-0.34168710017488646,-0.01769914672513654,0.1897848751752464,-0.017672958732495907,-0.3330293070148999,0.10131711272397531,-0.3231913647157083,-0.4943167097968858,0.38748606760673837,0.502617167483141,-0.3321930345061799,-0.2996886912224354,-0.20053043705778165,0.05368113915779357,-0.35996547322865274,-0.399168646408016,0.006484291972606672,-0.3127878785267301,-0.17047750552022495,-0.22626921850269047,-0.1755571824331788,-0.2468345544278019,0.0035336961572799996,0.42553288902711606,0.3247234518750996,-0.12805874930761146,-0.2627303997508356,-0.11219540901793638,-0.038471822102810464,0.07104899138642798,-0.02500224809033463,-0.06747329563345746,-0.284696909479836,0.25175910809601715,0.04744966129495822,-0.36923242080035684,0.0662716811858216,0.4627043243758604,-0.012629490235953698,0.1341923986235027
feature_13,0.13643438266947264,0.1110133607237741,0.43504093132252125,0.42266528531173125,0.14108264247236288,0.18379474284240319,-0.1155385867539673,0.09454155956090934,0.12760643769534605,-0.16961785660204956,-0.5805846663591308,0.07721982370681758,-0.43261856063291715,1.0,-0.24241403568192751,-0.17830045415863455,-0.1619794923163046,0.02830633554163223,-0.2533553851917091,-0.2982149658397992,-0.3043664083339708,0.018738823275660132,0.6065100190179373,-0.16654856647509475,-0.1253799216544236,-0.0666112860119905,-0.20868843378409205,0.10968017524956002,-0.006495548683304375,0.28620572069247685,0.3390520506967393,0.2172834860473602,-0.14826841910482988,-0.28587315781018363,-0.09526697685215112,-0.13746024382026437,0.1606834988804574,-0.39867868494385394,-0.19004928147582145,0.33639515196758174,-0.23095143294642143,-0.2819241861392596,0.35731329001983303,-0.25700681817151244,-0.016558216087757503,-0.30076363938639655,0.21072564672746488,-0.03615043032438687,0.27631566691070814,-0.1736992136904805,-0.3047370818800812,0.07135847439949132,0.02220938379726375,0.09682362674058351,0.22089222619192214,-0.019984830500819555,0.055678546222601724,0.08394468622520403,-0.2661371351809141,-0.003560850629807967,0.2156799535459839,0.36719392746859947,-0.19418389850801132,0.12065891443314371,0.2626528378827885,-0.1709267787963972,0.28132559648912603,0.4511689053905539,-0.12080398453665288,-0.544435843493797,0.32607791349747534,-0.01788060881096338,0.05154293530841353,-0.17027069457656283,0.09947665924322717,0.20133876942781692,0.3333642713742697,0.5332696675803122,-0.037212209012189454,0.2578420049793485,0.426974466796969,0.17117091693911574,-0.039355920425814386,-0.22139199993492786,0.0029268783529210786,-0.1367829850439462,-0.13419786461316047,-0.024033325598431056,0.14109027860023038,-0.32671894295969417,-0.26644298549256445,0.0002380044961981243,0.3823373100518755,-0.15499928416655107,0.14551725957840905,0.3967232825519475,-0.02300728265187929,-0.046068763392040475,0.03464801545185693,0.02336666385206415
feature_14,-0.09596323161548051,0.12080538698226177,-0.5185982185337842,-0.26491934767881,-0.3758943568244379,0.4140956660187541,-0.007858657760065727,0.24572111317995995,-0.5697498336950197,0.35076112141372023,0.5445583530588877,0.23029892430206347,0.29150703012225065,-0.24241403568192751,1.0,0.37569458770323927,-0.16952938673045806,-0.032594555594599506,0.29569670193216563,0.3014909402153366,0.3164614828120542,-0.24109980536459633,-0.3623242043355593,0.16511326308039612,0.08913152340561126,0.22045439464285888,-0.07392864732145925,-0.16321898881040237,0.059948458176014324,-0.6081869956138025,-0.2297667185674818,0.2990543532198892,-0.19782653827558416,0.3683087538216161,-0.23685706023374323,0.11981319870868129,-0.2726162947571505,0.5328901985273254,0.5907616682194305,-0.6355483714577728,-0.18763329569896212,-0.315008030574674,-0.664209896158424,0.05270565729920505,-0.39977078059867754,0.24437518906428202,-0.28396651767547987,-0.6426583161162142,-0.35914984519829046,0.26396885073399395,0.4995195463629706,0.25968286812591157,0.05362784640284977,0.42012588630506054,-0.27317123455354814,0.2518874926932743,0.5659125666313854,-0.4033601331333612,0.16882759038538936,-0.19998894021346122,-0.5040937595223165,-0.33158447967886895,0.41635943014540217,0.16772567462799282,-0.4369602704903449,0.5903629833145877,0.021566312324102378,-0.5803458497650047,0.3398819410510422,0.0992612937077672,0.042919640364213855,-0.33592884506913123,-0.027373615717800226,0.516905638588974,-0.02105028805945349,0.09340959886132263,-0.13157121436032862,-0.3755569843336419,-0.20201539558157303,0.15068222391948988,-0.08517614183259395,-0.6738396609781332,-0.14272921572121053,0.45004618912918015,-0.06045743847073888,-0.0512725139172587,-0.2988354787482367,-0.021651824592015905,-0.0382391680105792,0.5557525731025131,0.06348794503495647,-0.11670844590563324,-0.4235809793218449,-0.08624940445054333,-0.22502831197574402,-0.2829686760501016,-0.6580299847146,-0.32209378917186027,-0.5783236989645947,-0.2279391736079804
feature_15,-0.3052153184816639,0.3679439668598651,-0.4827834832421043,0.02709188475005279,0.07776001680787208,0.07313497187906617,-0.10100032896172206,0.323880022265305,0.02513013454123249,0.15949786739077917,0.4307417686831688,-0.22901075863674436,-0.09408418504913063,-0.17830045415863455,0.37569458770323927,1.0,0.11183479784090847,0.523298890081942,0.23241695445138305,0.2773328694560654,0.1276146747298102,-0.25401092960016936,-0.2946815538231161,-0.19005555598085375,-0.4458852480696237,0.13363590098508105,0.12754322891895908,-0.4602151706714038,-0.14377096274869788,-0.5392731938700022,-0.11166713522108927,0.10379972670252555,-0.06002374122795185,0.13037975197225518,-0.45266686439854104,0.05739306461181381,-0.3870141901790488,0.3940849981176816,0.40504120747809635,-0.17640755187327903,-0.43000967843638904,-0.07177661101775207,-0.35409224255097826,0.2617059465681626,-0.6134873330952357,0.020306635451856236,-0.08180493344403934,-0.32506164983094554,-0.2435759349799782,0.48500093384194226,0.2078580767910877,0.5584533141006267,-0.1476151798775589,-0.06601758710501197,-0.4042187967377101,0.07209566431876022,0.15596819618637964,-0.2122289054763844,0.42406457115155644,-0.431712186682929,-0.49551304709173655,-0.4028796898613388,0.3004648789903377,0.19995472106854037,-0.4529684475978972,0.41645577411033435,-0.13810145306997976,-0.19078005233001158,-0.020753053017190264,0.25658972679109554,0.34301084059464043,0.05441298616106556,-0.37866994942910875,0.4178719160654422,0.1842548997421394,0.25897202804137825,-0.3632427212949621,-0.0911950637307231,-0.38057589295079186,0.15873342325800294,-0.1292245050349785,-0.42172929805153203,0.3309210196350671,0.0809307506306843,-0.18366022753363315,0.28664275993801913,-0.0608261564981952,0.3230625121148515,0.37892638328169437,0.7120194509236822,-0.0005160357997438079,0.16263264061183969,-0.45091072125083187,0.20065952502813078,0.0765244175909274,-0.2795596406523537,-0.49095346800622935,-0.49767421453402055,-0.4121411763470074,0.07147501546924966
feature_16,-0.11917327035542742,-0.44303211168252576,0.2622640216494009,0.026234867021314025,0.5685764977235315,-0.5414140911283679,0.08745000402581339,0.11884016316025524,0.48722990005612155,-0.3705868024109904,0.10083156318555608,-0.5776979369366312,-0.17628031379034093,-0.1619794923163046,-0.16952938673045806,0.11183479784090847,1.0,0.3570829541056897,0.27293385342795246,0.24235205936992701,0.11783585155430495,0.10909790418846865,0.010244446425916081,0.39818811996756454,-0.3829606921056048,-0.011510178493102284,0.5816708137267809,0.042772746262209754,-0.6439666993828169,0.006142096620138535,-0.06328534234093647,-0.11218598143026084,-0.06462573840206458,0.23940613893832902,-0.4532466104902329,0.16752619729548301,0.37648997847847737,-0.19335473735649716,-0.4291252617261438,0.5280057502651976,0.003280015540046521,-0.3190106826931888,0.025948719001860444,0.7404288187682694,-0.04751390613025493,-0.29157366776022237,-0.17934743187580185,0.5520300792158902,-0.08923007915847324,0.2688085830973026,-0.13372925944244787,-0.023729888422811814,-0.3832203764134649,-0.47917789546512896,0.3082467216651032,0.06351588001190815,-0.4368655951478605,0.5142337239623591,0.336577508254683,-0.17720825808552454,0.2865888546787515,-0.3415550580638585,-0.3452312983626626,-0.638200843850328,0.3532279299405972,-0.31323609753829795,-0.57178195986402,0.348496296169649,-0.435157312335429,-0.05549925496379801,-0.3063496983862268,0.6579469174825381,0.1316216505709447,0.05813345301032121,0.29708313869863257,0.3909214230723812,-0.7676180738540138,-0.08558116944462968,-0.04558943743879446,-0.03502314809738415,-0.08220223842276402,0.2974955621769492,-0.07951639097430209,-0.4341725379817815,-0.4209428026743404,0.2792404923387088,0.08774505455857913,0.15870912254364092,0.032787948650882186,0.05198958477655327,0.36598634761663373,-0.2908571712720648,-0.10350400316199691,-0.1007430664041872,-0.1289829630475203,-0.0032550202890123956,0.06776371750000953,-0.09183989157541878,0.20142456710776574,-0.3235208976016283
feature_17,-0.05963835081927099,0.23995074549517884,0.010746355430364271,0.21613190624015272,0.46774952014386767,0.0660783931664798,0.0511459708901091,0.06189896308488011,0.3133729131206302,-0.24148802432642436,0.15842642290728604,-0.425123147336045,-0.44054664559687107,0.02830633554163223,-0.032594555594599506,0.523298890081942,0.3570829541056897,1.0,0.12770704031866814,0.2477060035777705,0.052793458610569166,-0.024116992263895295,-0.15700121306361398,-0.16131546689972698,-0.5840890170009319,-0.06332694501865496,0.007028123354433016,-0.32040176595437414,-0.19278859851979216,-0.23614620492128452,-0.12548987688179583,0.05530852638324254,0.08502554222111691,0.0261954197490107,-0.23874801036110124,0.0664003183910796,-0.22995113997468417,0.09098245648039292,0.07261994957628348,0.07087378362911645,-0.3331437833759726,-0.17227184027909384,0.028739541202117413,0.33066978899868577,-0.5440032880292924,-0.389368411549842,0.0754167708547442,-0.0006394125173706785,-0.017812503180299883,0.38246248157892127,-0.23443049052289144,0.39324492381084875,-0.03762352348196046,-0.34303571472925326,-0.044031213625967625,-0.014007874541499144,-0.02095677041938286,0.1586987160669272,0.4274205457722008,-0.33218871224190827,-0.11369265283673764,-0.08714101424678335,0.06823403776244766,-0.1344095371948916,-0.019695574587052126,0.036835473172343605,-0.1736089488336738,0.2100510207570397,-0.003520702141115739,-0.03611513650390106,0.09829731378012424,0.2786978892957167,-0.11155581870236067,0.14119971059877948,0.06185997078531136,0.53255698388285,-0.3466725843481214,0.1242471970572791,-0.06944196437498432,0.3083940497037367,0.14283299054228513,-0.059222879184378095,0.33748853350184527,-0.28188243015354075,-0.07279474902884053,0.2934477106263628,0.08186209851831405,0.38107039690587596,0.3214343072129191,0.19170138723890426,-0.2083959172856632,-0.05638574227285851,0.006603681401411569,0.1536621649977209,0.2842750669706839,-0.12805821651348703,-0.22007634520256347,-0.3430816566763437,0.0021393112017826124,0.08740706841950524
feature_18,-0.08742718328359173,-0.036160659845693714,-0.2539077429510618,-0.19199118219624955,-0.017295302481170987,0.053676316247650235,-0.008495683367654291,0.3897830204561749,-0.16468964245912926,0.14364105662906923,0.2743114509475702,0.10279959776307213,-0.06274524189562211,-0.2533553851917091,0.29569670193216563,0.23241695445138305,0.27293385342795246,0.12770704031866814,1.0,0.0838194778174256,0.08048576198666348,-0.2925029856415003,-0.03627252532224521,0.2864989839706865,0.05695809862053733,0.4859165025775752,-0.013656023857040374,-0.1506457347660402,-0.3113902154400241,-0.3291838563838534,-0.33166131764961243,0.017499017017979915,-0.12210917617504752,0.35243486385047823,0.03448271837480631,0.008293758955110168,0.0688348196459908,0.26086444631338523,0.26942143689467507,-0.10762713082738617,-0.4032215990654453,-0.330035446797006,-0.220345390278727,0.27689909775687016,-0.1678416063003009,0.09332849598340265,-0.39673793615862063,-0.20943215906333368,0.019444905064782168,0.23286281090529728,0.4601100676186601,0.12854666503768758,0.10219482176426348,-0.025870001364235114,-0.21982822415271297,0.15790265206938311,0.195105392726727,-0.26174579027333605,0.08369363640076605,0.14412525352029815,-0.1600497981870878,-0.28821511366315605,0.1097138818420063,-0.2036069698987593,-0.0178435585209566,0.13535283773069443,-0.0526830914833723,-0.11325092547215822,0.07536384603979039,0.09836305361580205,0.0007474379353696027,-0.08760680304499423,0.23981879407309278,0.379933476318075,0.1422620659340108,0.24815742394110676,-0.2226284670234114,-0.17342726915791776,0.07346133479101027,-0.1656021233980822,-0.031772377929035436,-0.3600123983188614,-0.10462876729734945,-0.006896160469173731,-0.3813726323466897,0.16602958851134,-0.08486672218995953,-0.02677023682459979,-0.23750489388535395,0.42820742727476613,0.3665646363885185,-0.11990469578566071,-0.4155694654936315,-0.2268473005645672,-0.3796088788721581,-0.0004384529813742855,-0.34984835736640235,-0.11538511680151654,-0.1645586105635476,-0.24516448760271053
