,feature_0,feature_1,feature_2,feature_3,feature_4,feature_5,feature_6,feature_7,feature_8,feature_9,feature_10,feature_11,feature_12,feature_13,feature_14,feature_15
feature_0,1.0,0.08942890631087731,0.2256591222623523,-0.027503773250967763,-0.638287920872007,-0.3422329383417596,0.10471617153227575,-0.2372338754715229,0.45904199952624575,0.36584677833393753,0.0461662803295651,-0.4336061830156105,0.7010643007469449,-0.5466238250768758,-0.5127723319299888,-0.6037563149416351
feature_1,0.08942890631087731,1.0,0.2769620963830658,0.1679664386343499,0.2153268662383548,0.4196765070566893,-0.5641859236846836,-0.21675188462481682,-0.3728772773656203,0.24152613895017194,0.04253649192191406,-0.29850749988582803,0.09999200815824226,-0.3266549912918834,-0.3347938999175392,-0.48160144865225624
feature_2,0.2256591222623523,0.2769620963830658,1.0,0.21644887090222376,-0.3473777667636615,-0.08011198943318014,-0.11520842451662716,-0.5729676465129938,0.16123893503435396,0.5730172314209283,0.4115326342417328,-0.052056380840897656,0.4398319090961933,0.05130012013909952,-0.5095828778321012,-0.18190555205855935
feature_3,-0.027503773250967763,0.1679664386343499,0.21644887090222376,1.0,-0.15930457870595743,0.20096613535728536,0.23107402334634883,-0.3424284432553722,-0.13127695076948379,0.28936220652981187,-0.15585350141538218,-0.18652980422232043,0.41483267718858674,-0.2104863707388738,-0.5954829456872639,-0.07465466581494769
feature_4,-0.638287920872007,0.2153268662383548,-0.3473777667636615,-0.15930457870595743,1.0,0.3299534351228026,-0.4347813210404879,0.31190005613434535,-0.6926429763307997,-0.2788545557996403,0.1703393373684597,0.3919026389817141,-0.699771254219595,0.4287499830391043,0.6413509019755337,0.16431778175141087
feature_5,-0.3422329383417596,0.4196765070566893,-0.08011198943318014,0.20096613535728536,0.3299534351228026,1.0,-0.39289415735074434,-0.146650154348064,-0.32712438356156004,-0.4246131596031476,-0.13056631493232848,-0.31798298227900434,-0.41920087710955944,-0.08036033056404344,-0.0532437471202975,0.1742181370342596
feature_6,0.10471617153227575,-0.5641859236846836,-0.11520842451662716,0.23107402334634883,-0.4347813210404879,-0.39289415735074434,1.0,0.1838165346569969,0.5387964095458597,0.24794228050024258,-0.3880673938273259,-0.09429777382417824,0.2739116365655472,0.23549573220028672,-0.09199371521977254,0.20003420863855004
feature_7,-0.2372338754715229,-0.21675188462481682,-0.5729676465129938,-0.3424284432553722,0.31190005613434535,-0.146650154348064,0.1838165346569969,1.0,0.06427547181518005,-0.09108928169970958,-0.05649698952344126,0.519851425558794,-0.4347847815667572,0.2903315579515168,0.41419272685329883,0.07902507005745792
feature_8,0.45904199952624575,-0.3728772773656203,0.16123893503435396,-0.13127695076948379,-0.6926429763307997,-0.32712438356156004,0.5387964095458597,0.06427547181518005,1.0,0.3469330138230418,0.06907780168424925,-0.18412773398366292,0.4095753093430017,0.10251122465971346,-0.2616647881361107,-0.17675641879968115
feature_9,0.36584677833393753,0.24152613895017194,0.5730172314209283,0.28936220652981187,-0.2788545557996403,-0.4246131596031476,0.24794228050024258,-0.09108928169970958,0.3469330138230418,1.0,0.3434108427863819,0.09987049283837929,0.5885667893169183,0.06991404095687127,-0.43347271707262147,-0.5607293144558949
feature_10,0.0461662803295651,0.04253649192191406,0.4115326342417328,-0.15585350141538218,0.1703393373684597,-0.13056631493232848,-0.3880673938273259,-0.05649698952344126,0.06907780168424925,0.3434108427863819,1.0,0.5486100190914344,-0.13474140965193565,0.17871686600331083,0.026841296521457378,-0.2618709227801524
feature_11,-0.4336061830156105,-0.29850749988582803,-0.052056380840897656,-0.18652980422232043,0.3919026389817141,-0.31798298227900434,-0.09429777382417824,0.519851425558794,-0.18412773398366292,0.09987049283837929,0.5486100190914344,1.0,-0.43145504861527045,0.38768890395928784,0.36140627179576507,0.19593375602654695
feature_12,0.7010643007469449,0.09999200815824226,0.4398319090961933,0.41483267718858674,-0.699771254219595,-0.41920087710955944,0.2739116365655472,-0.4347847815667572,0.4095753093430017,0.5885667893169183,-0.13474140965193565,-0.43145504861527045,1.0,-0.3917675467198778,-0.6288769851928601,-0.530724136588907
feature_13,-0.5466238250768758,-0.3266549912918834,0.05130012013909952,-0.2104863707388738,0.4287499830391043,-0.08036033056404344,0.23549573220028672,0.2903315579515168,0.10251122465971346,0.06991404095687127,0.17871686600331083,0.38768890395928784,-0.3917675467198778,1.0,0.5917292435719151,0.42815444863172625
feature_14,-0.5127723319299888,-0.3347938999175392,-0.5095828778321012,-0.5954829456872639,0.6413509019755337,-0.0532437471202975,-0.09199371521977254,0.41419272685329883,-0.2616647881361107,-0.43347271707262147,0.026841296521457378,0.36140627179576507,-0.6288769851928601,0.5917292435719151,1.0,0.4131222220757007
feature_15,-0.6037563149416351,-0.48160144865225624,-0.18190555205855935,-0.07465466581494769,0.16431778175141087,0.1742181370342596,0.20003420863855004,0.07902507005745792,-0.17675641879968115,-0.5607293144558949,-0.2618709227801524,0.19593375602654695,-0.530724136588907,0.42815444863172625,0.4131222220757007,1.0
