,feature_0,feature_1,feature_2,feature_3,feature_4,feature_5,feature_6,feature_7,feature_8,feature_9,feature_10,feature_11,feature_12,feature_13,feature_14,feature_15,feature_16,feature_17,feature_18,feature_19,feature_20,feature_21,feature_22,feature_23,feature_24,feature_25,feature_26,feature_27,feature_28,feature_29,feature_30,feature_31,feature_32,feature_33,feature_34,feature_35,feature_36,feature_37,feature_38,feature_39,feature_40,feature_41,feature_42,feature_43,feature_44,feature_45,feature_46,feature_47,feature_48,feature_49,feature_50,feature_51,feature_52,feature_53,feature_54,feature_55,feature_56,feature_57,feature_58,feature_59,feature_60,feature_61,feature_62,feature_63,feature_64,feature_65,feature_66,feature_67,feature_68,feature_69,feature_70,feature_71,feature_72,feature_73,feature_74,feature_75,feature_76,feature_77,feature_78,feature_79,feature_80,feature_81,feature_82,feature_83,feature_84,feature_85,feature_86,feature_87,feature_88,feature_89,feature_90,feature_91,feature_92,feature_93,feature_94,feature_95,feature_96,feature_97,feature_98,feature_99
feature_0,1.0,0.07329217287031398,0.018785595553549698,0.5387978094318788,0.14588271272287717,0.3824628509411286,-0.6608386961023957,0.2069660155648466,0.040007306938232165,0.2136913432518756,0.05203421536592048,-0.21951293631897467,-0.19379666266272563,-0.017447593930888294,-0.151231199379496,-0.33339154281306416,0.5165414652754584,-0.6298310853088038,0.28935933535743247,-0.038965308500719414,-0.1832467481862323,-0.02259730269329139,0.12518240267922037,-0.45221297460248616,0.34167894103898566,0.4373303544293135,-0.23004905338762605,0.1411033486873021,-0.3835193003879604,-0.4237792263863574,-0.040082974938470545,0.18686147302380993,0.11298367053689341,0.2624458324827304,-0.18982733260571233,0.1341795615753697,0.38458553038439836,0.2166528521582692,-0.5891925389517743,0.07544137646848714,-0.25084945416288146,0.12036483200801873,0.39219953497552257,-0.050933699398639946,0.05107062998521723,-0.12982180880071154,0.08827537755293942,0.015690708755260817,0.2851591169116718,-0.6290265499174369,0.3930225418500588,0.22206075848598544,-0.3022279738413496,-0.201403155840743,0.06275942820220397,0.09888973742828079,-0.20723756930342913,0.42687265502076055,0.2776264301312104,0.27772289424041496,0.006359729488274322,-0.0656325995250954,0.4630446974397262,0.10271931588743048,0.20337521101620312,0.44202834901048127,-0.21997895543722698,-0.32731126604057703,-0.3846729153177792,-0.18378656948681754,-0.10956363755226405,0.24777022008493788,0.1026541012766995,-0.42040847356106237,0.1676414947828841,0.07498517574176655,0.4446112625114146,0.07955803184996359,-0.41226167286698523,0.23931295094550478,0.1289062780586974,-0.2293346079365981,-0.03239253594830401,0.006082852420119431,-0.481490408994751,-0.011245698490756482,-0.027724210646751433,0.2948467712790852,0.5185974230146706,0.10523812878081167,-0.23673566514422803,-0.17772221580761713,0.07304298856423408,0.19930090171684503,0.3499657990979457,0.25696231936321856,0.06551469900812791,-0.09075499239360027,0.38463606011190726,-0.11269513298162902
feature_1,0.07329217287031398,1.0,-0.025122534344532006,-0.32888049162818467,-0.11457366795004945,0.4302514605958892,0.11684081913125652,0.565374563242132,-0.5094088542561392,-0.5301380891922935,-0.32716348739858125,0.5789513601194608,0.0901169004088649,-0.3629791733625078,0.21585681865755177,-0.2940734836303468,0.21846172189766855,0.0989946336226146,-0.6071834202529744,-0.39818319714289746,-0.39614607261555984,-0.6398723786702265,-0.6473595012876061,0.19424597264770013,-0.05709538757041777,-0.4490635795571127,0.34598072405284674,0.6220020612486891,0.48224498193390347,0.6062940071801395,-0.5759189394060994,-0.17378327825919848,0.5033361126158278,-0.43573447097785684,-0.3685957636810834,0.1708369424330006,-0.25557761419482183,0.5259369068090863,0.03833556258923097,-0.12424901749628703,0.1783744274198098,-0.3627579348473531,0.06263142583759497,0.5487356388699035,0.7193492229857367,0.6424881395115312,0.11832717823210798,0.5151712261442295,-0.0038635476608603974,-0.3762492508447835,-0.07919151332154303,-0.33759105242668136,0.05307974161641801,0.5084438878014567,0.5905109915990303,0.6758827009945133,-0.5127666121423071,0.041580489339484196,-0.5804289650611336,-0.45391783786154616,0.0028226215998926685,0.3528320128698151,0.08440018070168788,0.3071556746173928,-0.22563716774585307,-0.06051066305951568,-0.6700411515943133,-0.0023598010137409775,0.01379540094442948,0.5264216913078571,-0.10979859742944029,-0.34166893281225824,-0.2775345742554742,-0.0032266630297779985,-0.34139922440413817,0.010511668817232046,-0.0710782879215271,-0.6241920361849375,-0.06736172040385272,-0.2413606854770026,-0.13532676523799433,0.5195874239283726,-0.685859215341177,-0.3386812718210029,0.1356734483035831,0.6940601346161687,-0.6954192904446413,-0.503380612709777,0.43164572828118686,-0.5030132048479296,-0.516935535239039,0.646523760445009,0.7512350566509486,-0.06451863380998532,0.3122450640933126,0.5517783786342346,-0.4979260797300225,0.16898245399916792,-0.4376251363681782,0.30854012578017775
feature_2,0.018785595553549698,-0.025122534344532006,1.0,-0.006563319518769803,0.024856025096047583,0.09335289841432354,-0.4024094904478128,-0.11465752608099747,0.14508504803614397,-0.01286607986079753,0.4002015361244989,-0.45300457136009004,-0.5505129159983083,0.07638073169554949,0.022845621983183607,0.08698392739370008,0.5775455154665591,-0.52471522534242,-0.07576347192787711,-0.29996366935922897,0.21654162525267423,-0.006345532631431402,-0.03716155877803778,-0.2053389536942232,0.41853607033079376,0.2573410570362758,-0.4248459444555863,-0.07147314249737985,-0.33485303769929986,-0.006121516636052531,0.11320190821898747,0.5769120568270117,0.23743224648047045,-0.06953546795825202,0.057653489563914605,-0.38665623994257725,0.29962940998212045,0.23542004708696823,-0.3323917153028397,0.14802473464937208,-0.7678079669331114,0.014494995836184793,-0.32375599375644065,0.07488161258862511,0.24911423308150069,0.07245212475377898,-0.37216302869972123,0.10457070907358137,0.1702630579482541,-0.4048340006402772,0.4546239914148953,0.44691545840716546,-0.09197286788692685,-0.33340081481245004,-0.15086182218279579,0.5028352312654925,0.1372638706994181,0.11568830673742608,0.42547761652593824,-0.18839454467745706,-0.2860210724389301,-0.4097732898188663,0.4357538582915316,-0.3794231148964893,-0.006632048474481269,0.556430020300762,-0.07056579282922913,0.2567506720951017,-0.2748598924912382,-0.20972059510064864,-0.18976053366929865,0.443428717309057,-0.39130996612405844,-0.1094819182242368,-0.18502604024638808,0.4434000100714935,0.39776196652671225,-0.12550528312220005,-0.4260075285921187,-0.17814736982642865,0.15057519664521074,0.025940917827679072,-0.17321786748506104,0.5009041396388088,-0.307660810942882,-0.15530399191309865,-0.13200195249695432,0.3737555535802777,0.28820909891568536,-0.04730558028115204,-0.3561030519434627,-0.05535715207405953,0.31200080789295587,0.5967115197095129,-0.07217194153799125,0.40420367316705363,-0.04636449821159573,-0.7009878790440639,0.28492546120848977,0.2329332738089507
feature_3,0.5387978094318788,-0.32888049162818467,-0.006563319518769803,1.0,0.07738945930664001,0.3622760015631448,-0.7131716921742348,-0.1645757954199198,0.21390828434643766,0.6261497516700981,-0.1653963392185372,-0.41331494841632743,-0.015623042310139565,0.2081625263435906,0.01292069334527094,-0.25343130954501536,0.26334887942311686,-0.5057159089163042,0.5777553544605104,0.02050556707875378,0.17178447178312503,0.1727141011707861,0.23163667592267972,-0.684859939645325,0.23850904210071067,0.5269827785862297,-0.11499821717318232,-0.06904514316952251,-0.6102017853381073,-0.6409269258066748,0.23619468072962857,0.24909081248391773,0.07567292178294419,0.612884194000625,-0.2842089458044949,0.2786152353118958,0.5263884538359983,-0.152315597624588,-0.6748751489902288,-0.05607216083108706,-0.21521213943834475,0.2598784721693294,0.27551303314438874,-0.30065106432215266,-0.3483085831505558,-0.2933528228383131,0.05074901774888939,-0.05653286196795384,0.3897984398068863,-0.30966579077445006,0.3185127450836033,0.007399498893669365,-0.6055975939922629,-0.29481014297881125,-0.014986450578548536,-0.38388706018553437,-0.09529063160345806,0.3995217781275376,0.46435603500933653,0.4280327784238662,0.4015544087294253,-0.2979507246939363,0.3442510710660871,-0.11297431110283837,0.05299616638866623,0.3353900400831546,0.0766976333711276,-0.3054227690163123,-0.35111605113147953,-0.4872078650101198,0.05982952639790802,0.15970382932218993,0.19510169523643855,-0.16379047921462672,0.0929624227211723,-0.17947345252820202,0.2707126302492492,0.342262640514165,-0.17103824871941084,0.29000079252132893,-0.17465034659510983,-0.5812400589710273,0.15067790604868944,-0.05219132793886041,-0.58807539234711,-0.4424080646298402,0.26762831674759624,0.534198991677317,0.12734499292922233,0.12313813485572501,-0.08154332271391207,-0.5848688423311207,-0.3833945686811716,0.24587029923930465,0.16256707351842498,-0.1284767374179507,0.5697741939315468,-0.12575803568524663,0.5742360096991598,-0.25273884551016895
feature_4,0.14588271272287717,-0.11457366795004945,0.024856025096047583,0.07738945930664001,1.0,-0.06821602188757044,-0.06495016517261655,0.24425060382775796,-0.11262103066775173,-0.3548632777454691,-0.22211728015649995,0.11076479628942602,-0.36733527054081966,-0.1330810896948689,-0.15256414143999472,-0.2616299002573988,0.1672714768382425,-0.08220957078399739,0.3636094446429067,-0.29173696674383853,0.19187654749872599,-0.3626448971081953,-0.20101696765371782,0.018818551444356506,0.23444554649009014,0.2826418764581995,-0.13596183270836526,0.40341855966930157,-0.3559098209253261,-0.19413255621329456,-0.29519353909732177,-0.01785357356946943,-0.5341171169141156,0.17563571866113833,-0.10424082747714444,0.21779422995620104,-0.2498631697023223,0.11430746849193464,-0.021831407198485295,-0.25298467341128666,-0.23603841304349174,-0.11013586332154314,0.39324837934193574,0.240414837776183,0.03533687379516502,0.23590100903910136,0.45253127025440143,-0.23767550901257786,-0.12075118790384326,0.031635410456332905,0.12159802925669906,-0.14418026014522511,0.06793798584120382,0.12208334122456027,0.16012549626375383,0.01391432434832223,-0.2069388086499945,-0.16057333129492932,0.23955073675403074,-0.35048358694669385,0.003494930715910224,0.09955748967017908,0.25799127202291594,0.1847520813299757,0.5351867320174301,0.28162862049315823,-0.12852479933366023,0.04242871681649812,-0.04951194553687497,0.2193387641336981,-0.37355825640842577,-0.14830845213792415,-0.27763366907787324,-0.06022225206799581,-0.10465350267168436,-0.2777526541377088,0.2739425073028449,-0.14216782513716522,0.048960071082542585,-0.3104341671642315,0.35120648360801743,0.20971046771177831,0.12090677850231557,-0.1043655976621324,0.16015210748629158,0.0816321040311662,-0.2165918567805178,-0.11422375794251692,0.10991118704962137,-0.0962383417222396,-0.1354258885632572,0.13453513765046954,0.16531472307583703,-0.019156195558923342,-0.19178483724834766,0.020019947443652673,-0.049599320587324,0.12887541220964113,-0.1323146377065045,0.30913895414164455
feature_5,0.3824628509411286,0.4302514605958892,0.09335289841432354,0.3622760015631448,-0.06821602188757044,1.0,-0.5388022953042662,0.3364247697538315,-0.04213974000115451,0.21280425351106838,-0.33986125621406715,0.23825970052574874,0.22615215164092578,0.18936068666084624,0.2365642581037057,-0.47016450748298877,0.48695856420222716,-0.30813538191706674,0.050867793342554125,-0.2371173755009348,-0.14127354373033346,-0.309361972432593,-0.4191717473679427,-0.4818906214162618,-0.009090630989352292,0.0660450393293675,0.09516720456755005,0.3629672471064635,-0.05360683464455784,-0.043280529291079624,-0.1165757524026664,-0.06181462786597677,0.45105066175464764,0.2567680047181499,-0.7283452117798117,0.1948872905736878,-0.03671663010789542,0.4224449208445762,-0.5421293891514636,-0.3999708657711539,-0.07514790173179596,0.16871432726822763,0.16400543102196508,0.23183363597889067,0.20014535999935637,0.11546322911054699,0.002739618150724848,0.1730723088938073,0.2153935177964285,-0.42447242219719516,0.26579483458625774,-0.28250444851455164,-0.3718667103733031,0.04127231991706109,0.40133302078846445,0.2264496925494672,-0.3123450713100535,0.5706924222246271,-0.1739427298760875,0.11979357638295474,0.410149784689011,-0.04758799417344296,0.24055741002375097,0.07658637434170754,-0.14238932406223742,0.29125082683793396,-0.4712762729543694,-0.45790908275065506,-0.5108510467922988,-0.15742980953341829,-0.010999256129712146,0.023232806455510627,-0.13418594588463567,-0.19829543899292035,-0.31581573393946183,-0.08355521447798604,-0.0605768652282595,-0.11278342353673611,-0.17278389885778217,0.37918922136621674,-0.49633720833422595,-0.18781718184071947,-0.2897704730176165,-0.2449514167655132,-0.457910560256535,0.1270263460988692,-0.40018283930041404,-0.02416777688553425,0.3965340954699772,-0.41310485032265987,-0.3097264415218135,-0.13617129500125988,0.3192447011575934,0.26592743943532476,0.4114716134470589,0.39811841413064997,0.08081078221878832,0.03381162198597074,0.24212647126459996,-0.10174071605870987
feature_6,-0.6608386961023957,0.11684081913125652,-0.4024094904478128,-0.7131716921742348,-0.06495016517261655,-0.5388022953042662,1.0,-0.004251316632590246,-0.2929234113034216,-0.45283674089590226,-0.1792707025151151,0.4510567538187631,0.18603584563834016,-0.3196894707861111,-0.05008051864588002,0.20130813990313257,-0.710323070860859,0.8238337259458861,-0.40007060353669016,0.12415022342245158,-0.041708093052291284,-0.1703705041810977,-0.16647322710240117,0.7549917518309245,-0.3522716726578342,-0.5969006091530465,0.42233340820914983,0.05859865637596723,0.5832932457156299,0.5894935364522542,-0.17923069416006912,-0.4011561155595294,-0.2600568727713562,-0.4442242822368421,0.2554776125868975,0.08108707441882827,-0.48393075684572295,-0.28778110986400113,0.7963065727489971,-0.01865323622014145,0.5787025112734668,-0.367537876426323,-0.1620992506298329,0.2176797279278144,0.10549206362269924,0.30614058347651013,0.11794542500662386,0.05906653744835579,-0.41822625803722585,0.6552048863405618,-0.542230185053349,-0.3362999387023463,0.4650276172690069,0.44213487439540233,0.09618609651181989,-0.05360333236096155,0.011845394142511657,-0.663532003089215,-0.5662470902661989,-0.39216918709320614,-0.15668514736596265,0.3775311948075177,-0.4952511076274774,0.2656652404559655,-0.12298668430456883,-0.7138521017714918,0.13140647216515167,0.26707890967479414,0.5509419270667163,0.5463228136325946,0.03209521781132521,-0.5145026674198508,0.10327561161453508,0.3028215434181419,0.020247112353436198,-0.12197874069692141,-0.39052432668521386,-0.28032915887065957,0.5242283833196411,-0.3822071777178451,0.033712531823179265,0.4987565168216901,-0.05728880801536056,-0.1880504739432374,0.7260735573316462,0.29676093924862096,-0.03458245950898326,-0.5771523745813942,-0.4306482461797983,-0.05021532379826524,0.27195437923908955,0.5376424819659701,0.003973117825866514,-0.46100112695424306,-0.2859561647670232,-0.285360801853281,-0.3595020412807189,0.3662409149390972,-0.6834282659956904,0.16444102112958942
feature_7,0.2069660155648466,0.565374563242132,-0.11465752608099747,-0.1645757954199198,0.24425060382775796,0.3364247697538315,-0.004251316632590246,1.0,-0.33989573751931007,-0.3655254229877507,-0.31481745427415275,0.517150143906583,0.09802454992270981,-0.15088071963870991,0.10337790999811786,-0.5125410758342743,0.16415000324901363,0.054563515028062566,-0.07505208576463773,-0.5295274013417421,-0.24853733912520676,-0.45406626996998084,-0.6155031550486799,0.1217976628617593,0.04541814664501453,-0.11422645737928526,0.2532622163723694,0.531422012826671,0.13833833659380246,0.3266549391692687,-0.4700792526525338,-0.23866639965097,0.03249352422474421,-0.264661724078029,-0.42392756983470914,0.19986173723476802,-0.19833868655556883,0.44608372281988923,-0.0735682122871586,-0.2929227352231703,0.013991387030997957,-0.026692322041807274,0.174396550413642,0.37741572961133885,0.5298394540723703,0.5034432708867609,0.24994732388555504,0.10073051547223483,-0.07206907066212136,-0.22904760240239733,0.025385879301773173,-0.29124564198607666,0.11759454429641185,0.30044821233467617,0.5911911640055916,0.526168296392286,-0.602583396179552,0.0006113787294360817,-0.2898239641737569,-0.37296195213810784,0.14717495501143701,0.2758862343668489,0.17180357770350524,0.16877705776634686,0.1827939553881105,0.18416585260714388,-0.361976964585936,0.0975066215473175,-0.14670621295862601,0.40667669475490675,-0.23835142624682024,-0.34024085030063583,-0.15281935119816203,0.023557749879411758,-0.4308446955877137,-0.17424210940942886,0.19738992991156837,-0.5301845359726198,-0.03737325955597499,-0.14173218425905604,0.09294560958513441,0.4929886866663362,-0.3950480719664948,-0.3646755071367182,0.1178290393622932,0.5970797928082112,-0.5512265592892239,-0.42284484457894195,0.31025855029007515,-0.5730727391339522,-0.4517986288769391,0.4217193271882789,0.6184276456742154,-0.11497206599501385,0.29380045517697656,0.360204120034804,-0.3394435795014843,0.28051400366306145,-0.30382074386279,0.2308894583397457
feature_8,0.040007306938232165,-0.5094088542561392,0.14508504803614397,0.21390828434643766,-0.11262103066775173,-0.04213974000115451,-0.2929234113034216,-0.33989573751931007,1.0,0.44932836815812455,0.3628586690341599,-0.23463265111837994,-0.05619330911327908,0.5668982589301496,-0.05351521037493865,0.3197506278094357,0.1195936205982444,-0.15880464146093196,0.38532531078851284,0.34403644765025193,0.00599960593070153,0.5124007820750405,0.303074603847613,-0.09806101967827267,-0.02850628718052751,0.27171623561008523,-0.24181072259180386,-0.49482670301072174,-0.3105482619338023,-0.3495590441040324,0.44149678429836603,0.15689224655994033,-0.10539192220155846,0.0645159147207842,0.08403390702703736,-0.365891059173124,0.3066505745233699,-0.1592571738903233,-0.3216712814803032,-0.020125223109982285,-0.1502987470224582,0.5575329851294477,-0.27141261601265987,-0.2813030291937334,-0.43015385113698323,-0.7048612996570864,-0.42543635429246024,-0.5521220845416359,0.29445950188869113,0.18861420352089237,0.19316659354646928,0.2967698421390451,-0.13600072103230562,-0.44082859331153723,-0.3952466798476532,-0.30956282582799677,0.31420403869964403,0.20055728397970427,0.41350607210307005,0.610065561897545,0.2001956957532069,-0.5651918423873221,-0.172013404495078,-0.5148827535291407,-0.13341438362607164,0.3936832753290278,0.4003417870625744,0.020770720586788055,-0.36472193830134814,-0.6322958344305517,0.30098151884297314,0.47498795838344743,0.08130477719434862,-0.002750552961443802,0.04191794725803514,0.25173117019785385,0.055146359200407974,0.43192662798640225,-0.1726759122107006,0.34171099143836053,0.1391907580876404,-0.47806564169410776,0.4712706200611983,0.25723283482360076,-0.22598461392548314,-0.5468484998119484,0.37694930114500763,0.2892791114312286,-0.47433850743483996,0.19540425201449485,0.2501979078494667,-0.6266172740511063,-0.30691259585342695,0.1729756583883149,0.12933886745498582,-0.3683542142298983,0.382193918697544,0.03218391707984591,0.5690395409764099,-0.4527677688474096
feature_9,0.2136913432518756,-0.5301380891922935,-0.01286607986079753,0.6261497516700981,-0.3548632777454691,0.21280425351106838,-0.45283674089590226,-0.3655254229877507,0.44932836815812455,1.0,0.0851652973741238,-0.4339164760640772,0.2623793741859596,0.3815449770717432,0.07212185069519962,-0.03317767669318929,-0.09983844093642368,-0.2608216623468176,0.5186559153291279,0.3409260400944966,0.0561003757472964,0.5394609471835655,0.4042956407497897,-0.5133677037676725,-0.03689110963431998,0.2626402347120454,-0.027023595427651714,-0.4904584216759221,-0.39147125894753776,-0.48834008320265165,0.5041638489106046,0.10205878011388249,0.18080838109257263,0.43860797994938544,-0.1499204726749767,-0.04450149541970247,0.5334324188567496,-0.4198077947881447,-0.4470964323463585,0.04184146321312657,-0.022186724311120457,0.4212357778017748,-0.16334333994262107,-0.4675380904678054,-0.44148568681845424,-0.5654854715321956,-0.30894037851006456,-0.1937061853941527,0.31000391155575596,0.027273716621949055,0.08799131150516386,0.15300569561057073,-0.5269084274188053,-0.4782867679077582,-0.18171065247910756,-0.5292483287288876,0.1684587316272422,0.28796574735724667,0.29798641430940365,0.6874625217207657,0.41652355888673814,-0.3892953223229219,-0.025394057319425303,-0.29578690530733726,-0.11880801154452035,0.0704479356829241,0.480833617227446,-0.3019169014017875,-0.36661862364149433,-0.5835680577807045,0.3374489755894621,0.22596984917004148,0.5216437441407573,-0.07509137392862247,0.1768589136586913,0.02773663438352285,0.022708893748043458,0.4572332584176569,0.02978847279803449,0.5414787965664587,-0.37317907164453235,-0.6548310026259534,0.27141802668499504,0.1930567768898214,-0.6215201664373541,-0.5636357812042598,0.5254012058191081,0.48197569646517674,-0.24958868069964887,0.18278437549034604,0.19623722521694104,-0.7538681423883131,-0.6466060035358322,0.20479786122664376,0.18371111182579117,-0.29581356083662463,0.6206664473874901,-0.11058000006496213,0.6480465526533417,-0.5257047559816305
feature_10,0.05203421536592048,-0.32716348739858125,0.4002015361244989,-0.1653963392185372,-0.22211728015649995,-0.33986125621406715,-0.1792707025151151,-0.31481745427415275,0.3628586690341599,0.0851652973741238,1.0,-0.5413068114062015,-0.1968553462035704,0.36798239504521285,-0.2854059967378954,0.5078109225604484,0.28518736827604885,-0.3849234914809264,-0.08267638605081758,0.2542791692622215,0.04637883328789215,0.6501498846888912,0.5796142427396824,-0.03770609222075938,0.04334719833114856,0.3954457778163075,-0.6556313959748072,-0.6497018291650839,-0.09241477221847519,-0.22650405485343691,0.44026454385849884,0.41705865593116515,-0.024385542754192076,-0.09668149155684613,0.6643085403656268,-0.6439088854546723,0.2455887871327075,0.20160723740801426,0.024931767461410955,0.5733404114018349,-0.4979235971704415,0.3421786075959,-0.18283821596893032,-0.4173301608672921,-0.2091418454423523,-0.5205025263150486,-0.30615038708158065,-0.2815357524081366,-0.05339578873049404,-0.25290178432936017,0.2703113435024615,0.8755706747179073,0.38363756943475197,-0.5897736090184594,-0.7152799901431073,0.0991127138829568,0.6222111621615825,0.1760115982448728,0.516101837522623,0.28681240853215545,-0.5734959396799396,-0.27696791943812327,0.05960606146258101,-0.4407444391306032,0.20897316445354128,0.34035154849718635,0.2751706231244841,0.22908254133088482,0.026814824760733564,-0.4545585050413491,-0.05417593992378822,0.7919666899071163,-0.08126363152289134,-0.2287068195768119,0.2178654944631377,0.44239878880811706,0.18563991409422592,0.4459952388423491,-0.5784564858517447,0.23588098751519468,0.41629541174938944,-0.21337480600590178,0.33223746231579426,0.5791243844335163,-0.19426320974303385,-0.17274451482101078,0.46401636139286917,0.4767309729421806,0.05197321022883158,0.4608373867135045,0.22432994771350362,-0.27891238579541444,-0.1690203424663165,0.2903780131533582,-0.23018047782560377,0.08525455136391472,-0.094738374131474,-0.5170935619611712,0.31013600898228333,-0.18174827086931378
feature_11,-0.21951293631897467,0.5789513601194608,-0.45300457136009004,-0.41331494841632743,0.11076479628942602,0.23825970052574874,0.4510567538187631,0.517150143906583,-0.23463265111837994,-0.4339164760640772,-0.5413068114062015,1.0,0.3263585312185324,-0.13376610252435706,0.08511506953957101,-0.26699826838224133,-0.2620573779576922,0.5751882047771852,-0.20806890807739756,-0.15956973516262213,-0.36373580713229653,-0.49421389728640874,-0.6575609448458604,0.46923696780322327,-0.31496937214878695,-0.5035938014431779,0.6364648382494621,0.5791386148437853,0.505137058207652,0.6165796310670053,-0.40738868273548196,-0.47758909261435456,0.018827958428510694,-0.3606674820207977,-0.5043058523704973,0.3555226726593342,-0.5271145545883545,0.18899154604047022,0.34402269649613315,-0.47321521695606866,0.5865423782266933,-0.10948701718013452,-0.0034451148151996348,0.5332439744673377,0.3156238527494588,0.41636062310790606,0.14468220954653038,0.01223155218730497,-0.17327235364345608,0.3125905551814086,-0.39855686550135855,-0.6240934568345915,0.12490349076651179,0.49999751874557186,0.5716822634223169,0.2006568940626151,-0.5245092298694797,-0.15142372241149823,-0.6365689886921276,-0.29648043074088154,0.30294783857148583,0.2706928516769951,-0.29053384867442505,0.23574798390462806,-0.13446703710461977,-0.27738699685409424,-0.36052709587734755,-0.013668892770703104,0.015457816289119948,0.418740860828887,0.05446962110217358,-0.6204601420200254,-0.16084064801995182,0.2598459207139065,-0.4241085755816523,-0.31749019622824837,-0.36123387423187486,-0.44870231711904895,0.29398138491623926,-0.18319407210461816,-0.101761252077317,0.5190809796346222,-0.36226181372963234,-0.5831229990607799,0.4834175725822034,0.5710336220919819,-0.48957081505191813,-0.8223226795499659,-0.1937802675040355,-0.6289026840984066,-0.153284974259628,0.43045731283477606,0.44988845649548376,-0.38500088721976294,0.27578508102038674,-0.07185716141121894,-0.30688894584937043,0.7173059106528711,-0.5506890602083706,0.010364809635141954
feature_12,-0.19379666266272563,0.0901169004088649,-0.5505129159983083,-0.015623042310139565,-0.36733527054081966,0.22615215164092578,0.18603584563834016,0.09802454992270981,-0.05619330911327908,0.2623793741859596,-0.1968553462035704,0.3263585312185324,1.0,0.3151896998770939,0.3230457239820914,-0.07072178446020932,-0.3900985802664631,0.34590572576644063,-0.0046638281703164685,0.09977289251021669,-0.013304662222917292,0.169008170215856,-0.07582748089183466,-0.10768908450746317,-0.6187623601110599,-0.23360824131562752,0.2742248825650001,-0.16674681877787004,0.49755376686296116,-9.702038585645504e-05,0.05606729984224232,-0.6008855027300736,0.0616781287963299,0.11240074106231493,-0.15372779749128343,0.0660179694106725,-0.3172420474709189,0.03919661881459238,0.15647090783755133,-0.13540996724878593,0.45713334948110756,0.27107188509131885,0.02091132324701284,-0.24550065762396786,-0.2066140457130067,-0.14019754807216273,0.2637947095078813,-0.09784302240726993,-0.25820625180989754,0.2778113443170465,-0.2577374329344365,-0.371248738071121,0.11832768947564272,0.18050097817257074,0.10170360161246607,-0.3310120173633415,0.036711720194992956,0.17785931129526164,-0.3823257546109511,0.24977941389206326,0.39413879071014946,0.36697378043529166,-0.4948216771497226,0.08469222718174484,-0.07300090665785282,-0.39661738035047595,0.09041025063741955,-0.22708387350707207,0.22093637808147149,-0.03448119511869643,0.10952915310303422,-0.18760000480919842,0.2799595805889719,0.049700871659763314,-0.12028296619772637,-0.43845237061546133,-0.5503324171866782,0.263366663047725,0.29672064913964546,0.5373749224646852,-0.5017275841939309,-0.273251928232796,0.11755618530578228,-0.4960833146035038,-0.04119598435789713,0.19205114350788327,0.09068245359856474,-0.20947959932149762,-0.2606853818047676,-0.10935204983786925,0.2860091438415281,-0.12296594638338108,-0.2552619579764295,-0.27649405833750346,0.05409603019808828,-0.10384652776968083,0.17171070291967547,0.3781894144895412,-0.09839659285132513,-0.26893734633331856
feature_13,-0.017447593930888294,-0.3629791733625078,0.07638073169554949,0.2081625263435906,-0.1330810896948689,0.18936068666084624,-0.3196894707861111,-0.15088071963870991,0.5668982589301496,0.3815449770717432,0.36798239504521285,-0.13376610252435706,0.3151896998770939,1.0,-0.07489372509762389,0.18238654490740144,0.17188670047854895,-0.21177525269874534,0.3738318665121513,0.11225059011881627,0.107744487216253,0.559121727652926,0.13858629428599598,-0.27508022753963207,-0.2934637562418457,0.4651960297365064,-0.23978296492823584,-0.4657013088627176,-0.13796484156704883,-0.33570488826978917,0.4884720106322467,0.03565840442971077,-0.12721448904429447,0.2036542839744476,-0.006854729043912105,-0.2972468983952131,0.050522071556447654,0.2165564445932106,-0.20351147295382593,-0.0328430598437125,-0.2512306086263603,0.733895666121892,-0.08388307704008642,-0.32637874065144423,-0.4645752791060552,-0.5659274712270913,-0.1090559005909852,-0.5667997748441977,-0.06605260002874476,0.02892407106829497,0.2140562560701056,0.24400453386812906,0.09874780034956122,-0.5342040958896513,-0.3543695589209508,-0.19112632265062773,0.28884708264880055,0.42486426555039897,0.39008908679783594,0.45025962283539694,0.16070259925835814,-0.3244970061287463,-0.0908012916126312,-0.5349625484578528,0.14649273347413766,0.3955262697924123,0.229033881284438,0.07633450793488135,-0.16386141789330474,-0.6568120338103558,0.015700913743503707,0.4677483216481914,-0.07464652181398512,-0.030328784818280767,-0.2692026736300804,-0.14141957947830347,-0.05594949067253702,0.5587708255076397,-0.3418772331324042,0.5551317868187147,0.014352417921272316,-0.43941217714921943,0.35830316689087804,-0.03641104157547738,-0.31200643259509364,-0.21715140148522272,0.3639123251258404,0.24056882544462618,-0.2922930401942828,-0.00918242332099612,0.18028813906249314,-0.5581877878098725,-0.23275021108365124,0.21605287218859692,0.017222284253318506,-0.19096235442089227,0.26382298706121665,-0.02170613218954416,0.38280864980549256,-0.4696929008826385
feature_14,-0.151231199379496,0.21585681865755177,0.022845621983183607,0.01292069334527094,-0.15256414143999472,0.2365642581037057,-0.05008051864588002,0.10337790999811786,-0.05351521037493865,0.07212185069519962,-0.2854059967378954,0.08511506953957101,0.3230457239820914,-0.07489372509762389,1.0,-0.2728871441649411,-0.027801361152285896,-0.010367693348326103,-0.13926589905091172,-0.25014127026256283,0.10334189470782386,-0.22214785947842017,-0.2796535687185984,-0.15896065699250098,-0.11235851410673094,-0.41520024297671565,-0.026760020985293974,0.05898177833412083,0.31232242358145496,-0.06105004150593198,-0.453099524075417,-0.3675447446481661,0.30608572281322,-0.06769242301848512,-0.15195511289453129,-0.2273997262941826,-0.20577723292415248,0.0344083507938608,-0.25929426703967673,-0.22951492561962009,0.02521347565626699,-0.10838118057466743,-0.18664062113965937,-0.002064164056630105,0.3271600312550871,0.1641643651644078,0.23763371415913792,0.2304090246517931,0.030900423111598727,0.06153343786643179,0.07152342072606126,-0.39838245505084313,-0.11409963579820166,0.4536872910356018,0.347029151612451,0.004093581802634367,-0.07202412804475529,0.13037457778049127,-0.24750388652837454,0.03640919840548894,0.4317386353235864,0.4084163304074642,-0.27001190308876,0.24043595221328584,-0.20503008719972082,-0.10454813531655684,-0.0429862383320801,-0.21085429222088825,0.0323172477683193,0.24246545225832017,-0.03903215544202007,-0.11116921977115266,0.09195155510838383,-0.13688183949502325,-0.0622517056783627,-0.10501364938563786,-0.19251426233181698,-0.17188504713601638,0.42715651825266193,0.1935278448608773,-0.4994647087222537,-0.21069667103545622,-0.05767113447731031,-0.16714576553109325,-0.20759340241282223,0.16181987837482034,-0.42232749248659146,-0.0903161218126405,0.03261524116249663,-0.049160654078956215,-0.12731335661684065,0.1143403670056005,0.122192794051871,-0.052642675685145225,0.1413185914353259,0.38054324045467613,0.20818907904568024,0.1128100292273829,0.1215759286805438,0.3798972746603333
feature_15,-0.33339154281306416,-0.2940734836303468,0.08698392739370008,-0.25343130954501536,-0.2616299002573988,-0.47016450748298877,0.20130813990313257,-0.5125410758342743,0.3197506278094357,-0.03317767669318929,0.5078109225604484,-0.26699826838224133,-0.07072178446020932,0.18238654490740144,-0.2728871441649411,1.0,-0.09978616827097589,0.14314999643495732,-0.15882735510412996,0.4528729993599306,0.02352205526894772,0.4031460194592488,0.5430269011227293,0.16626721412755838,-0.09377257104753849,0.0414515974388602,-0.2195004638174459,-0.4896968352778649,0.08132146282533555,-0.03860050183241081,0.41722597793235755,0.19373529701755118,-0.0581558692617633,-0.05828698439361255,0.5976928173947673,-0.32572400966548765,0.03382169908147506,-0.13255516908062515,0.3236326539612367,0.3657282500240676,0.03377745645335324,0.06071821356488903,-0.11588527367599959,-0.31963283311184837,-0.4050345600134979,-0.46190064621868715,-0.34211528742892344,-0.18540058169311702,0.02868592799235684,0.15923971068841258,-0.1290900123135971,0.45876711430408024,0.22723117860797315,-0.2699420844155214,-0.6343741219621942,-0.18695693809302685,0.5860509707967557,-0.015610622079700391,0.20543310474745785,0.2077074513539286,-0.43030194354077606,-0.2851628120501616,-0.21569579539113845,-0.30530711613024986,-0.10343338766626298,-0.08159762536886422,0.18214842203166604,0.16755636515000458,0.2478185005391779,-0.2908635810600969,0.23162298364330877,0.3863318634842012,-0.0972199493392515,0.10032965541130301,0.29542162567954217,0.30222737992614823,-0.23049834035140368,0.42397350355546315,-0.1847004146348028,-0.015333588631876853,0.23262840142707616,-0.1750602597386496,0.3430021875064072,0.3243327360884649,0.19072340396001286,-0.3349970626504595,0.46663265076068117,0.16156066750261908,-0.29606696772834623,0.44243948459166565,0.3680429358623632,-0.1951776847040655,-0.2877660166524143,-0.03654438961242541,-0.3070693802856328,-0.26883449331614645,0.024722100527216483,-0.2072666056068343,0.06624857092221549,-0.2717778048934448
feature_16,0.5165414652754584,0.21846172189766855,0.5775455154665591,0.26334887942311686,0.1672714768382425,0.48695856420222716,-0.710323070860859,0.16415000324901363,0.1195936205982444,-0.09983844093642368,0.28518736827604885,-0.2620573779576922,-0.3900985802664631,0.17188670047854895,-0.027801361152285896,-0.09978616827097589,1.0,-0.7367721610222937,-0.028625367614275362,-0.25248198940820715,0.015388944820096546,-0.13296172609465112,-0.05904070338655058,-0.46026895181084354,0.35181088206433836,0.4561841488089811,-0.5500931092008494,0.15621984979580167,-0.31633532161826305,-0.26266780220958813,-0.030357726712268312,0.40749897311371136,0.2237746930308131,0.202336693455184,-0.12423326425664222,-0.18345138119983476,0.14696119369121743,0.6316082091042301,-0.5681199707090929,0.047119415429599534,-0.6657843830542567,0.1216576911495843,0.21418708904998135,0.11346056915727433,0.1796066452683101,-0.04694910485714314,-0.06987824079938433,0.06089521727208456,0.22563357069937462,-0.7521888967424459,0.6106856580007437,0.3737904739740504,-0.0783938282401562,-0.23183499549426417,-0.10320715947639587,0.47361025160727377,0.05326161574673025,0.5676820109209867,0.38594861289876164,-0.0036829890415477845,-0.22842616501582658,-0.22379631761718194,0.5300545416551286,-0.10908285121132796,0.135838850674422,0.7223610287547912,-0.4940369522206247,-0.140497750832234,-0.3992877945556473,-0.28776781686223285,-0.3239839636843393,0.5788169229471662,-0.4834175381104063,-0.44252165819311307,-0.07928662733955501,0.29782629541623445,0.33904712152554406,0.03152955156911324,-0.6607223672473619,0.1389567140079853,0.1492201425694318,-0.16797109345368738,-0.07858553124435284,0.1896742041902015,-0.424523895159815,-0.021693636254622246,-0.26918435614773206,0.35836209482009784,0.6620214968745994,0.010767398928415606,-0.3453391130681099,-0.09147739027761459,0.4419194912738344,0.5291416687106598,0.12349702236792898,0.5752845757518787,-0.08562364371128264,-0.47184908096516426,0.3774370329864056,0.12364287913124668
feature_17,-0.6298310853088038,0.0989946336226146,-0.52471522534242,-0.5057159089163042,-0.08220957078399739,-0.30813538191706674,0.8238337259458861,0.054563515028062566,-0.15880464146093196,-0.2608216623468176,-0.3849234914809264,0.5751882047771852,0.34590572576644063,-0.21177525269874534,-0.010367693348326103,0.14314999643495732,-0.7367721610222937,1.0,-0.262629267290033,0.1789365224784061,-0.14771208388327886,-0.18458246182175667,-0.2106241024954494,0.6049900955592652,-0.35436411906299076,-0.5812040729323186,0.6014988501869388,0.11184521909712926,0.5199233149546434,0.5411939729501974,-0.06966945723015595,-0.4665570329217987,-0.19450322282891466,-0.27882555709167933,-0.03925690862205052,0.2539645034154118,-0.43499867642790596,-0.33851951944817693,0.6601197379811672,-0.21462892761642202,0.7313972266625859,-0.17594620471878206,-0.1303098533927729,0.17426536292674327,-0.05329254095733126,0.2075091463007593,0.02965598342434177,0.04515290421793185,-0.2595014129254183,0.7100587245262845,-0.6377110210184284,-0.49926102763703295,0.2356077370295647,0.44900392698633423,0.17934475293810934,-0.21768697990292718,-0.07055480645275636,-0.5440159021287326,-0.599766239779214,-0.22651103099983955,0.13192324247553142,0.2303557406004881,-0.5928745813971887,0.1550468660311,-0.23138479662450437,-0.6636641213670337,0.14164973891491187,0.12895195380652358,0.36196144910272443,0.3912113254232493,0.29664405891550477,-0.6003727071680285,0.09258995530063151,0.4763532239078994,-0.07990770210381491,-0.24263560988370866,-0.5112599462849131,-0.2051315986077976,0.57793512628471,-0.2755615188926276,-0.13479753221642846,0.3438353185610141,-0.02638529022270744,-0.3306292632586568,0.6691041559402946,0.12983380333476396,-0.026633850232108788,-0.6186355588717094,-0.5562342665057886,-0.2090785040208622,0.3128713524077433,0.3038180640002441,-0.06381357891997477,-0.5733673024735163,-0.1607147094991522,-0.44300968456272016,-0.13979516746469617,0.5237192780129263,-0.5649923799272372,-0.07963640018990462
feature_18,0.28935933535743247,-0.6071834202529744,-0.07576347192787711,0.5777553544605104,0.3636094446429067,0.050867793342554125,-0.40007060353669016,-0.07505208576463773,0.38532531078851284,0.5186559153291279,-0.08267638605081758,-0.20806890807739756,-0.0046638281703164685,0.3738318665121513,-0.13926589905091172,-0.15882735510412996,-0.028625367614275362,-0.262629267290033,1.0,0.03441715429842375,0.17187412395931062,0.2944547276911776,0.14047756084686552,-0.38459068236073063,0.05654789501009411,0.537030451847958,-0.005484426456337914,-0.14696058950265115,-0.6371939461332263,-0.5715117704794282,0.28148243612768126,0.03268559780577323,-0.3928120781415969,0.4740191506182533,-0.19942328377395196,0.20581314759513772,0.25950056895394147,-0.27212334655483505,-0.3383933534404396,-0.18185661967929712,-0.155260201598426,0.41340484819989826,0.15771884701162778,-0.2776994502947365,-0.4430263316502237,-0.40485570115553804,0.07770670588864396,-0.6111971703980176,0.14937428608746517,0.14820452053909192,0.11121879557826911,0.04891554357578527,-0.35302608706285027,-0.40172636861717065,-0.042842429386111075,-0.44418315369449085,-0.14027806041821514,0.16338288860959518,0.5244998963074968,0.3270949805831721,0.385988271854827,-0.3450297793327655,0.19479439898693224,-0.24847424106951926,0.4162220801320215,0.3447842302261686,0.3500134003294535,-0.08909002781204961,-0.33308777070586904,-0.3835409411286389,-0.03947988459725926,0.024368725299202587,0.2689011413441947,-0.016959482169940875,-0.057801600914128615,-0.30851386035615436,0.2889282786940605,0.3547880618629717,0.042706614219295426,0.2313069475091332,0.09910797213496075,-0.33450607865263887,0.33212026001211437,-0.07800347957109252,-0.3352168580199929,-0.42045030556698393,0.37830492891889506,0.23798151363790257,-0.2927559502155266,-0.032954606148492875,0.02446816239765435,-0.5895986883133416,-0.4266730797077784,0.04494657722086452,0.08687691057405754,-0.38800308663750754,0.5492194048715298,0.11445700808085299,0.41934768792816074,-0.33043898691957585
