,feature_0,feature_1,feature_2,feature_3,feature_4,feature_5,feature_6,feature_7,feature_8,feature_9,feature_10,feature_11,feature_12,feature_13,feature_14,feature_15
feature_0,1.0,-0.003055388749013918,-0.5106203770596546,0.16309153477413663,-0.13827913635750444,-0.09682963161922688,-0.05160326143328881,-0.1614078175758751,0.10863783219877633,-0.5037780703289754,0.017933478237998034,0.3775288983092195,-0.06891077534252735,0.13047304416916666,0.6266438729218446,-0.4283363470987531
feature_1,-0.003055388749013918,1.0,0.21376193527236892,0.02501009153896068,-0.09605038793412758,-0.4126529410880035,0.3271456640720963,0.3280139929078807,-0.051924881710035356,0.12006537122283754,0.25603482182025133,0.28099181194404627,-0.4054280400867445,-0.10495195780067185,0.1016555746658952,0.15630735628016146
feature_2,-0.5106203770596546,0.21376193527236892,1.0,-0.06762801622193665,-0.45563724610351103,-0.22418090972345553,0.5172043180300535,0.5718599728189278,-0.4763633068029167,0.023303748074953595,0.34443386385155306,-0.09826280238183668,0.23709392556072892,-0.5051938812854897,-0.6880957601843204,0.8746604367915418
feature_3,0.16309153477413663,0.02501009153896068,-0.06762801622193665,1.0,-0.5634755897273835,0.036259315894395,0.4403012194930698,0.2608128460342174,0.16777562522150966,0.1560835705561283,-0.1878510137130681,0.5473612620700838,-0.17824435084308235,0.1681926007100844,0.4530699686057065,-0.10918966610195864
feature_4,-0.13827913635750444,-0.09605038793412758,-0.45563724610351103,-0.5634755897273835,1.0,0.3721782384467368,-0.6435062848300271,-0.5670779729764484,0.22621941404052165,0.12561263817338372,-0.22169189865749322,-0.24818919906022355,-0.198000861796143,0.1463298061582175,-0.006001516034055629,-0.4051157835657077
feature_5,-0.09682963161922688,-0.4126529410880035,-0.22418090972345553,0.036259315894395,0.3721782384467368,1.0,-0.42770214837877135,-0.2762195973355121,0.44689104193592766,0.319891462145228,-0.3823348478536862,0.018288688943132313,0.3958679588586372,0.34808834588332965,-0.15435509744937528,-0.34406940352355453
feature_6,-0.05160326143328881,0.3271456640720963,0.5172043180300535,0.4403012194930698,-0.6435062848300271,-0.42770214837877135,1.0,0.39197259110303256,-0.5268096104974836,-0.23042238477442198,0.24510752963951263,0.34976289305679376,-0.226737328622379,-0.2140914449899208,-0.0003508232309328282,0.3723291021882948
feature_7,-0.1614078175758751,0.3280139929078807,0.5718599728189278,0.2608128460342174,-0.5670779729764484,-0.2762195973355121,0.39197259110303256,1.0,-0.23457866423204202,0.05778048638251517,0.3603336152319836,-0.05277271520574109,0.20150382063956143,-0.41844166014303663,-0.3062304769029484,0.5238987906615238
feature_8,0.10863783219877633,-0.051924881710035356,-0.4763633068029167,0.16777562522150966,0.22621941404052165,0.44689104193592766,-0.5268096104974836,-0.23457866423204202,1.0,0.5424077688287244,-0.5484408457615249,-0.009638690542629747,0.31917467451657927,0.5844597191582587,0.2729132325786013,-0.5287671920624062
feature_9,-0.5037780703289754,0.12006537122283754,0.023303748074953595,0.1560835705561283,0.12561263817338372,0.319891462145228,-0.23042238477442198,0.05778048638251517,0.5424077688287244,1.0,-0.0981453893330272,0.009434703212012585,0.1926296434782135,0.21104554721722024,-0.14057948705398576,-0.09358209595808081
feature_10,0.017933478237998034,0.25603482182025133,0.34443386385155306,-0.1878510137130681,-0.22169189865749322,-0.3823348478536862,0.24510752963951263,0.3603336152319836,-0.5484408457615249,-0.0981453893330272,1.0,0.2061199520240048,0.05131492133604527,-0.615736359609424,-0.2735606839361948,0.4284770218074705
feature_11,0.3775288983092195,0.28099181194404627,-0.09826280238183668,0.5473612620700838,-0.24818919906022355,0.018288688943132313,0.34976289305679376,-0.05277271520574109,-0.009638690542629747,0.009434703212012585,0.2061199520240048,1.0,-0.2758103495315898,0.10154354436982799,0.4156507540433909,-0.1433206392038336
feature_12,-0.06891077534252735,-0.4054280400867445,0.23709392556072892,-0.17824435084308235,-0.198000861796143,0.3958679588586372,-0.226737328622379,0.20150382063956143,0.31917467451657927,0.1926296434782135,0.05131492133604527,-0.2758103495315898,1.0,-0.05376917597712724,-0.5239185904436251,0.2473600731649679
feature_13,0.13047304416916666,-0.10495195780067185,-0.5051938812854897,0.1681926007100844,0.1463298061582175,0.34808834588332965,-0.2140914449899208,-0.41844166014303663,0.5844597191582587,0.21104554721722024,-0.615736359609424,0.10154354436982799,-0.05376917597712724,1.0,0.39676997766911726,-0.5481344337286991
feature_14,0.6266438729218446,0.1016555746658952,-0.6880957601843204,0.4530699686057065,-0.006001516034055629,-0.15435509744937528,-0.0003508232309328282,-0.3062304769029484,0.2729132325786013,-0.14057948705398576,-0.2735606839361948,0.4156507540433909,-0.5239185904436251,0.39676997766911726,1.0,-0.6836498361112938
feature_15,-0.4283363470987531,0.15630735628016146,0.8746604367915418,-0.10918966610195864,-0.4051157835657077,-0.34406940352355453,0.3723291021882948,0.5238987906615238,-0.5287671920624062,-0.09358209595808081,0.4284770218074705,-0.1433206392038336,0.2473600731649679,-0.5481344337286991,-0.6836498361112938,1.0
