,feature_0,feature_1,feature_2,feature_3,feature_4,feature_5,feature_6,feature_7,feature_8,feature_9,feature_10,feature_11,feature_12,feature_13,feature_14,feature_15,feature_16,feature_17,feature_18,feature_19,feature_20,feature_21,feature_22,feature_23,feature_24,feature_25,feature_26,feature_27,feature_28,feature_29,feature_30,feature_31,feature_32,feature_33,feature_34,feature_35,feature_36,feature_37,feature_38,feature_39,feature_40,feature_41,feature_42,feature_43,feature_44,feature_45,feature_46,feature_47,feature_48,feature_49,feature_50,feature_51,feature_52,feature_53,feature_54,feature_55,feature_56,feature_57,feature_58,feature_59,feature_60,feature_61,feature_62,feature_63,feature_64,feature_65,feature_66,feature_67,feature_68,feature_69,feature_70,feature_71,feature_72,feature_73,feature_74,feature_75,feature_76,feature_77,feature_78,feature_79,feature_80,feature_81,feature_82,feature_83,feature_84,feature_85,feature_86,feature_87,feature_88,feature_89,feature_90,feature_91,feature_92,feature_93,feature_94,feature_95,feature_96,feature_97,feature_98,feature_99
feature_0,1.0,0.022770060591131586,0.03489201071061105,-0.10939669530260336,-0.06948642303439312,0.19948701391084067,-0.10501022110843249,-0.25129616341211514,-0.1320777170114764,-0.3675800190274703,0.00677824483809463,-0.15610412275400332,0.38389802772578446,-0.3113590383026681,-0.23820288633490294,-0.3280241741464416,0.0682870591598418,-0.2057273949542497,0.12973539240215368,-0.2336208532756575,-0.0013194083295049526,0.14628641986547286,0.24740554610112314,-0.16546955366155616,-0.19124521670030953,-0.0885265342867947,-0.07754845721419784,-0.08954343068944581,0.16223298087811694,0.0811077534749737,-0.2484805884493352,-0.07537655132296554,-0.2291151404573489,0.07658764393504444,0.4059087477792706,0.243582446753732,-0.2557297835931116,-0.2514956205601652,0.15057531842375996,-0.014737836522739871,0.20930616065990132,0.3994319005285762,-0.033524979009311257,-0.2217692105652857,0.3489318387279531,0.18413816158798604,-0.29423951607007354,0.15188602130854298,0.37269996002908057,-0.3547906541350826,-0.21906301676046983,-0.06919003325062877,0.3264941263187094,-0.07222401746980484,0.5433721081943594,-0.24966650537051913,-0.11479774009931874,0.35296364584785955,-0.22201540567344688,-0.24678142209416892,0.26474164804129113,-0.052272265247963516,-0.15244765510266453,-0.2110949176715652,0.03700989520314832,-0.1594211453728155,-0.25986520958424925,-0.15312547389807984,0.32906331597355293,0.07348488662154522,-0.4508244563882311,0.05072737327815672,0.13204142554114912,-0.04843876072936618,-0.0665986422551985,-0.15579837529382318,0.46658679194826624,0.3291840955259664,-0.02834797005126387,-0.12837863457706408,0.14861300171713132,0.16675112489714186,-0.3384563443449383,-0.35051765313412986,0.31013851883246407,0.30373774413113797,-0.27000190198880086,0.38795254390919803,-0.05585774450191932,-0.16360726178567286,-0.16339927815655547,-0.03748476903579763,0.44193124811423373,0.011317047623633834,0.050982951934986455,0.14314340443884463,-0.11156397634746656,0.22098567428221094,-0.06446831316295867,0.360875134200576
feature_1,0.022770060591131586,1.0,-0.47429669107954203,-0.03629965453434045,-0.5688603706211829,0.5487607190699396,0.2192474240694371,-0.3578602094497756,-0.14895793581944086,0.3236856413586673,0.031554061890482175,-0.4739436591419618,-0.4691781615955128,0.04520418218153478,-0.006887169528349127,-0.3233181853893975,-0.5863101067690661,0.2988912195673574,-0.2273768071055586,-0.34314742728307074,-0.1585971255876607,0.22794896774400908,0.25967391433627723,-0.5207878024679025,-0.25406759481786684,-0.17531386132750498,-0.5652111820995448,-0.5264527178546259,0.48483032091907285,-0.1262813822085287,-0.07777448549944092,0.18597406774281922,-0.125524850392551,-0.08954047746290204,-0.061917807653164215,-0.04057291322923439,-0.055370995309285576,0.3774296328115494,0.5199916713648156,-0.5916059326006465,-0.6048684278253184,0.04475348204847054,0.20548334491796524,0.023469301997094856,-0.3165876775980956,0.09399512244433872,-0.266659889621171,-0.7281892292656629,0.11178844096374013,0.23407365937474595,-0.2197802756249345,0.4452081041783552,0.202362894316106,0.274219500017518,-0.408345249480221,-0.3266023111732391,-0.28296014314584156,-0.09983424499028085,0.08752888000799977,-0.2222970933544582,-0.45278106228133136,-0.31875963790322653,0.3973538441212198,-0.08388758282968993,-0.5034089368595255,0.07432154233788704,0.5557347070216521,0.5306661990408938,0.17793089964803438,-0.5821716728094958,0.30816608474316687,-0.32674760886641285,-0.2400195972031473,-0.06392497140772573,0.4478548841959438,0.15767160291049329,0.13888793795356608,0.1883810098899318,0.07132849305636557,0.5744759072969394,0.47583583472003116,-0.6102604719646878,0.35479541459907327,-0.026930185291298564,0.18693960458829678,-0.046075627806833906,-0.38643254266559107,0.22249872434131518,0.5159962708241768,-0.33514928645400066,-0.3095251082848548,-0.22990791059569535,0.3915424571028691,0.2441728764181713,-0.02856544240032361,0.08731522862210697,-0.4293152884133919,-0.021990596242281595,-0.5595947052190948,0.08172822930400203
feature_2,0.03489201071061105,-0.47429669107954203,1.0,0.18422888558257433,0.2749241803706517,-0.18850535332554805,-0.4759762602132285,-0.19131411157197267,-0.09633011409331717,-0.28956619761225144,-0.5435000306453827,0.3382289160587756,0.4757918833961117,0.08227768229468903,-0.026941833468477394,0.3799946665652083,0.43670764257690314,-0.2717085576615241,-0.01928386724036475,-0.08450450514733006,0.396676945104667,-0.006262709075349658,-0.05571148138801469,0.1434863785429849,0.3179850312791373,-0.22324437013212117,0.1740785555209075,0.5933630382742057,0.0027422330385176662,0.2420419885747913,0.5254717307971348,0.09232954241499026,0.00662793986536041,-0.14546525992088283,0.08791660561197401,-0.09922753255858126,0.05246617149468247,-0.5820352110593681,-0.41096760768624574,0.242107969640319,0.21577873473492207,0.2053585541837271,0.107676112671309,-0.5258544914266825,0.3003594362121448,0.08454189933580017,0.526654292763535,0.5582749093186423,-0.36720101987256615,-0.04908810409165627,-0.26350389538370983,-0.05752101641295338,-0.08456596301823689,0.3575232441809576,0.23821020432087278,0.18781726855696726,0.43938785089178395,-0.05688558078939356,-0.08655817414883006,0.35003065350905854,0.6672063571256441,0.4111101630147424,-0.4600441080971126,0.5235272950099626,0.5551100437576318,0.0028895954580364894,-0.2381119935048547,-0.5951641298493013,-0.260023819506526,0.21074965846680377,-0.19158373627361566,0.4909678082138306,0.27046957781006636,-0.21386068943609593,-0.36116439426372454,-0.3229923386853955,0.19185518072459673,-0.11423361072362405,0.2828182969923505,0.08281093591971227,-0.5872038935806845,0.7022976473120002,-0.4625300347667919,0.3052486932203024,-0.12242377426726504,-0.13666746901084081,0.5284870208473729,-0.3081777567680373,-0.4002609582739809,0.08470734900115455,0.04339288883671003,-0.09100191862140795,0.04420350172039362,-0.04593139645232613,0.0022229624705193745,-0.04591667913160863,0.4492047197621601,-0.0584871178627302,0.6352157571480336,-0.17662573332667036
feature_3,-0.10939669530260336,-0.03629965453434045,0.18422888558257433,1.0,-0.05569854148368813,-0.4240472590658238,0.010133571820947311,-0.12722361115310715,0.48860335298196117,0.07791695601239036,0.08276258784899417,-0.218585540558294,0.11112114586872138,-0.2522949049516624,0.10077703121828509,-0.008382138483243392,-0.045959596580447626,0.3756346515949351,0.057166109870666545,0.2677871713717589,0.3148805663750653,0.2883063907538258,-0.1981512720539849,-0.37840587284814337,-0.08327397485996403,-0.5426514687447339,-0.024567537102302403,0.34669145757627595,-0.0167086539085761,0.5993053267749776,0.47532222874518204,0.5323675535490561,0.07332858386797708,-0.22479746179346802,-0.20812560467500105,-0.03093099034021538,-0.023907566292848226,0.015599461284004013,-0.4333954023489391,0.06748786570360951,0.0481525152593995,-0.3729218073878794,-0.17348309786224364,-0.04238002278938199,0.0158107833888453,-0.5637412955326635,0.39602250456185367,-0.03250374698185575,-0.21380433290680972,0.33024110014511515,-0.48577908713486284,0.3447370629503216,-0.5735286150837258,0.16165228805512147,0.1671536555101004,0.09083899930502441,-0.1496016551981138,0.10560972711840531,0.08781579693592037,-0.14751561810585445,0.04065660576183391,0.362250082618656,0.19348255939780523,0.34742089647653274,-0.045726361117331894,-0.5166400443683883,0.21601057311663943,0.31726473092672147,0.16069182147515834,0.07603916805730507,0.0828196871654268,-0.21683509609992657,-0.3823948398927364,0.07415174295903251,-0.3151904932091989,0.12396815615778033,-0.08580919380730152,0.20194307853440063,-0.17498211846699596,0.31175703517542436,-0.2122060840135814,0.17489030135368153,0.11845963449577744,0.018819168368729954,0.12173184153143701,-0.29169317101366066,0.19303343815073778,-0.11014001617591385,0.17482817354846752,-0.21533040270297563,0.03467810544868017,0.024484210793797655,0.036903254461338804,0.2357715544971913,0.217549409823219,-0.2707295195503383,0.2049139752896682,0.31237262213958367,0.31224141900174257,-0.25384308921299503
feature_4,-0.06948642303439312,-0.5688603706211829,0.2749241803706517,-0.05569854148368813,1.0,-0.3508604959780813,-0.0184267141589461,0.2639020753523665,0.1384045071293923,-0.09140758707724024,0.054791353857420504,0.21452603629227177,0.10701365716557862,-0.004935838406090762,0.05259471052159303,0.3302130076171031,0.5860463994432599,-0.030611348036795525,0.26025909945495695,0.23237089967519498,0.20363582020131007,-0.06264770442057911,-0.20502242730675282,0.39458188539286543,0.2927757408782707,0.16815035917775392,0.3896436979859356,0.08484018664793427,-0.228409139031112,0.05288287273429162,0.16962490836970495,-0.18724096544110813,0.40954227287370676,-0.03918165190457587,0.20444538903775067,0.07826055371621123,0.06990260494932592,-0.14188082525830967,-0.3089132612062529,0.44242061135927785,0.24796838650049124,-0.10407623843849283,0.26282015445707907,-0.05022313627823792,0.23592324810921492,-0.24876024749600184,0.28472820045457237,0.593925358505396,0.15540959236906704,0.07731486107676755,0.06312702184615845,-0.46955684570452744,0.007155237792641941,-0.15787508708327952,0.04678863901127703,0.29258140752675266,0.3744485067184432,-0.036740532000952356,0.15666730426684702,0.4565218170021603,0.49038015828005427,0.35290447319239476,-0.3269946511680144,0.14266025521927758,0.5068575734368368,-0.11715751915914266,-0.20894126650308883,-0.35772113839138914,-0.3364712867033104,0.5388051845423323,-0.22538617844474432,0.3520328005980801,0.09461202240861782,0.04485945544382102,-0.5476851317964371,-0.2653475494169034,-0.22188754155622378,-0.17207536552290198,0.02369940710998984,-0.2965831644717986,-0.43366734723797595,0.390331591860997,-0.4044430271312135,-0.15904846454599808,-0.44926666816839256,0.2235187741139737,0.5415317694974219,-0.3184956013738961,-0.44346298368470977,0.33449475471689566,0.1744390604443628,0.26707857950249814,-0.17320971879785474,-0.31492786938271156,0.10055397445027353,0.014419986492249898,0.46787479698538864,-0.3903269178083583,0.356943516078473,-0.017745403189606178
feature_5,0.19948701391084067,0.5487607190699396,-0.18850535332554805,-0.4240472590658238,-0.3508604959780813,1.0,-0.003100935917922851,-0.22005842384770535,-0.527784217332377,0.3036201529746553,-0.1441038871129441,-0.17055719834169877,-0.2565958236009393,0.049807662367778546,-0.10687136417540262,-0.39321788277836794,-0.44159336367766083,-0.0027413521794016475,-0.20631490572893157,-0.4072836936083733,-0.4522421617802787,0.1886951244977885,0.40798313427591726,-0.22010778817946755,-0.12055242285043934,0.10724262607062496,-0.5183574278554348,-0.29302353978124007,0.16117942622203224,-0.28159091398230546,-0.3882980405976622,-0.0918693280184132,-0.14726692212394196,0.03768862157889533,0.24971395100789492,0.10944504860797837,-0.16661738509745413,-0.08458559993561007,0.7082182607395513,-0.4294081958560565,-0.4863988293525347,0.3845960270740603,0.3542187445515473,-0.24722863553028307,-0.02969450060296456,0.4448466520603704,-0.29164673995957274,-0.45829917792153485,0.21353037043820855,-0.2094724015662953,-0.13112953466155086,0.2003518782232873,0.4114668479894016,0.2889001540716779,-0.18762548093036704,-0.2582387581089766,0.025899542636221233,-0.11457827462267742,-0.35295153365188386,0.14317981568630214,-0.1600156007472264,-0.3687531223740533,0.10627658090879216,-0.18354831943214123,-0.04639256499312677,0.2953227525344372,0.22251684940273034,0.09426663115351222,0.14693367057969361,-0.43986805590099093,0.06595449085515416,-0.05725210371770587,0.2426316236256892,0.06495881393876488,0.6242645139998073,-0.03332275295929487,0.3077816526193955,0.2412034499329655,0.0994157915178874,0.20652655219873528,0.4482812845582367,-0.39561070073372795,0.039867241689945036,0.06201084289189044,0.2643322720887792,0.08160482781264239,-0.3217040787752559,0.060445259511645075,0.05632649849687631,-0.3438990772597002,-0.28184294909232177,-0.40385995896693405,0.47198604770696906,-0.1303758942643983,-0.06482468667257413,0.05614909204844446,-0.4773534834126338,-0.1416464962586992,-0.5155481077911253,0.04729589339236185
feature_6,-0.10501022110843249,0.2192474240694371,-0.4759762602132285,0.010133571820947311,-0.0184267141589461,-0.003100935917922851,1.0,-0.07273389011955894,0.17217791111006323,0.03559424473283583,0.5360741997515408,-0.2950352564402762,-0.0751160062384845,-0.15091599476686476,-0.05524361588882785,-0.2711564537681976,-0.2501995802011693,0.1411653440307884,-0.26969430521061405,0.25831729562008116,-0.009195886593424607,0.02781911473014548,-0.32835915012751854,0.1296228421940029,-0.2517877993251042,-0.14047411412987987,-0.04851332089312659,-0.18967277215565634,0.22639517936691333,-0.31087608424364727,-0.3122916205175491,-0.25576069712837857,0.21511290860077933,-0.09933621706178317,-0.07633759387868021,0.209376486861233,-0.30324221822303793,0.5921946477094474,0.04233398668970766,-0.273324311149081,-0.03789312608428544,-0.13659060619295027,-0.14250650503891216,0.27620741503397567,-0.2379357324595858,-0.22752445784747868,-0.2015517370788518,-0.2876125423490435,0.14722740674165602,0.2346973249993576,-0.06995839861865775,-0.12627507338102592,0.05962974712836264,-0.17032221544783155,-0.027036844556165528,-0.16645573424195975,-0.1886632573779841,0.30421677809767395,0.38360244773710317,-0.2965432003498809,-0.4747333736510196,-0.02985693575697175,0.43023093832416,-0.38424367929371267,-0.35601340671735665,0.030902159938522775,0.3322797406048198,0.30724473627450044,0.1805379777695454,-0.0019110212961847117,-0.2677547759292333,-0.4370105326944856,-0.21410802608374674,0.06525364723621292,-0.10482074439388327,0.15548839289258612,-0.23366074463517125,0.061604755890274344,-0.1842239822598783,-0.1279605687505462,0.2531982280760467,-0.5127147874798219,0.43211691101276395,-0.3693877406383395,0.15325639982081732,-0.04006477596907312,-0.20730312387792463,0.14437735496066653,0.33706799653173053,-0.29213790352926244,-0.14692746049542832,-0.031364013851831796,-0.04214166591169692,0.1962098488505415,0.5301339725199107,-0.3005069098989766,-0.19862606133674174,0.26364402873971154,-0.2867910419508335,0.3125761561199781
feature_7,-0.25129616341211514,-0.3578602094497756,-0.19131411157197267,-0.12722361115310715,0.2639020753523665,-0.22005842384770535,-0.07273389011955894,1.0,0.1143464713593467,0.33735694308436887,0.14150946845327503,0.08573685413696489,-0.09247311114688361,-0.12825926839938606,0.08107671593433423,-0.07060099038171307,-0.05948613360411227,0.05243621496112005,0.1732996602596577,0.14881656953526592,-0.37427140433672307,-0.06487763430667186,-0.009110266803008943,0.08139085796402531,-0.17264959381269113,0.2708681961994269,0.10181345566459754,0.09716677391647877,-0.5855645881902909,-0.017154458138995955,-0.27783620691092686,0.02996955819874288,0.28499240236225126,0.23364982125398426,0.08564576069627705,0.15679853394188906,0.12056843433287597,0.035990064901141657,0.09736766124313251,0.25574039544313876,0.2497490492423166,-0.06447236029065895,0.10937349256787397,0.5193143660238798,0.10344120919436892,-0.03224642276670839,-0.1812028664368331,-0.010014012370642126,0.07339468839028952,-0.22919765464199868,0.27038341272514543,-0.017154386236343844,-0.15929518774410645,-0.323640473661099,-0.19309618993849492,0.10669926538862919,-0.2198294583905103,0.10425334921777757,-0.22464139360369106,0.23673593374962132,0.03851145945101213,-0.2928875931409466,0.22258452902643383,-0.2601957198508932,0.11698147223176728,-0.2595128380620191,-0.07592931735602837,0.17851113763892984,0.05281312631785448,0.08225718859241754,0.14619234817283505,-0.2029303772630163,0.03138548810553558,0.22433101446154868,0.1598315930969588,-0.04701689989906525,-0.2919701047036,-0.09945546541413955,-0.4711152683668535,-0.4335937985704586,0.17123624135748927,-0.08187302655176447,-0.001354310483638133,0.049374253293517,-0.18415564267924467,0.06414655254238391,-0.034255103916368004,-0.3033581522390008,0.01727724044824991,0.30349001981212403,0.19505771045498782,0.2694728822536872,-0.38906167061671343,-0.5657291526568211,-0.27461147082189846,-0.15004880965418196,-0.05925992130102369,-0.12064044049333598,-0.16632073287535765,-0.1979014776650037
feature_8,-0.1320777170114764,-0.14895793581944086,-0.09633011409331717,0.48860335298196117,0.1384045071293923,-0.527784217332377,0.17217791111006323,0.1143464713593467,1.0,-0.10682216979952974,0.19823279525457688,-0.24840122660277944,-0.2001437259881202,-0.295243710912916,-0.052483966033641805,0.15144147157543683,0.028747509035533754,0.4708354396484039,0.15869575095455882,0.023219126284716524,0.3903473830692031,0.12273792944898214,-0.37825643411894255,-0.09878344911071585,-0.2523362574934289,-0.29197602638636583,0.3853200208042251,0.2652948839436098,-0.014435965327265363,0.3181184950729958,0.3195316066777057,0.2804230883146307,-0.0802014425559832,-0.3037115698844796,-0.29990991618589924,-0.04558279753749541,0.09703655192726683,0.3106584232598194,-0.5925226709502065,0.11943414963974383,0.07810133610250217,-0.4138927615045155,-0.2686440243586822,0.17289794511299666,-0.04478261860986526,-0.252430360484549,0.32358460413279794,0.11004844456245808,-0.34405315760400956,0.3928845769313402,-0.08794297759126272,0.24549181234737463,-0.5728033387736705,-0.070453349128286,-0.16718689137912202,0.21263041130924182,-0.18056175975823077,0.07942888991034286,0.3922674817423207,-0.3456144756459872,-0.20703591630270893,0.15086160442668745,0.04717894635008763,0.21531951351556503,-0.34644259402458566,-0.23512095721548396,0.22340429850524784,0.21941325431941364,-0.17797182753819152,0.3405037789494055,0.1831405085683848,-0.09675760033456647,-0.572837530195504,0.2259457969126525,-0.3258657944921409,0.2410467665182213,-0.29311635645761674,-0.19695726952227122,-0.2810584835828238,-0.047325094738767136,-0.3111033654802393,0.09887618000216511,0.23916343299424017,-0.2665221815563997,0.014454508645108789,0.08817469297346595,0.34419844737295496,0.12805360532478804,0.18528120825698935,0.25513822238201955,0.3291174791652377,0.27757690729719803,-0.4068395515509085,0.42277814504872513,0.31743546620412166,-0.3605144909149035,0.16564181067815664,0.09123352312639643,0.325744803214861,0.2136301136420819
feature_9,-0.3675800190274703,0.3236856413586673,-0.28956619761225144,0.07791695601239036,-0.09140758707724024,0.3036201529746553,0.03559424473283583,0.33735694308436887,-0.10682216979952974,1.0,0.07601499362264114,-0.08478665377127917,-0.46311579926571333,0.18293417742726323,0.20394222195893955,-0.16464925157504864,-0.5391269647673232,0.2618753525172474,-0.09240088011468463,0.08474369255052527,-0.4992071623195386,0.09256522858072135,0.015258863908212265,-0.36559135581014746,-0.0010957565248370807,0.12624407195147141,-0.37064989880659466,-0.11178477138477544,-0.24730873836799325,0.08764921120629166,-0.05387727613263117,0.3130170854632308,0.40618571021223143,0.005808404503235979,-0.23365530784062274,0.05884195683416336,0.2821848214902397,0.12985458988302734,0.3731128571255275,-0.05667041911431285,-0.4780541501059065,-0.2600183080642724,0.4177107396463546,0.138194780298013,-0.19286954904876766,-0.2387142932515995,0.017070496110261946,-0.5303853677518688,0.036604774421308016,0.12049429153974979,-0.11931676774501425,0.3652304540914065,-0.20748770589954105,0.23360491763086494,-0.45051435640627596,0.018747009404592715,-0.07952586341654569,-0.24566979921022358,-0.3504193054783774,0.4377789260140349,-0.2515576004766424,-0.268342580238078,0.48427833868518183,0.045638083707568354,0.05140498964292452,-0.1085476584366808,0.5354510139931403,0.4894222702251131,0.12405674293333813,-0.28109203795168136,0.48496979073210295,-0.3922031083924382,0.017870879061410307,0.257705617236282,0.5062571572109041,-0.010279799234774758,-0.17395174554074727,0.25400559206810536,-0.3341897816871947,0.20015665235464064,0.291419049891747,-0.4501149254762996,0.1874848381860432,0.32858350228724925,-0.1377711368815162,-0.2780253649704296,-0.036251067594750316,-0.47215112608351884,0.2300542179146419,-0.1953781026570645,-0.09976361330699626,-0.2822131649453324,0.01720536862975387,-0.39076222340250283,-0.16019549355659463,-0.17386453264424886,-0.2546850487553686,-0.2953115903881842,-0.414047613187427,-0.48506788074008506
feature_10,0.00677824483809463,0.031554061890482175,-0.5435000306453827,0.08276258784899417,0.054791353857420504,-0.1441038871129441,0.5360741997515408,0.14150946845327503,0.19823279525457688,0.07601499362264114,1.0,-0.5077758225869388,-0.12588729562101886,-0.4072940610906301,0.2509871954333457,-0.25282435573021966,0.06177027266879867,0.3402898902554881,0.04967195834985786,0.5283866123526947,-0.050100888478609815,0.2689312243986846,-0.2682299507492709,0.20979109969933024,-0.3144121059364508,0.06143992075184644,0.12657751378446655,-0.2221557477005315,-0.018496193678693384,-0.3673631346691169,-0.398070861893612,-0.10287500024348198,0.07260679805494644,0.29166159762114735,-0.1284958453132474,0.5326516426207529,-0.08171156672526893,0.6734420470298396,0.014252691967932852,-0.17742563157220834,0.05452151837174805,-0.34558157619157753,-0.36386546941159426,0.5640456485250316,-0.1284987412446673,-0.28621993957188246,-0.3512139138508143,-0.2468879850149481,0.09450959759438056,0.21564849409809472,0.17813671104730525,-0.25194944925395374,-0.2122638067073609,-0.3520593449118444,0.1265343021092242,0.18536402664061385,-0.20379342159573466,0.452443761550606,0.2618230567840969,-0.36028062918594217,-0.43018225351877326,-0.2957606232879543,0.419276862883697,-0.46625987521297585,-0.3872585778462695,-0.09531330334271781,0.12524681793930623,0.3919797561254165,0.07824950814052607,0.04632670251866951,-0.24092798415190397,-0.16033859944327694,-0.14887132426583596,0.27055218207133114,0.049596122259413115,0.47574109661455516,-0.5710252404562408,-0.019282683677856016,-0.46220917936739575,-0.18776227520962468,0.2215731841030105,-0.47880021011625784,0.18496403983366103,-0.6111778248585485,-0.18395576736235855,0.1740489111676642,-0.36094330669919167,0.2815408341844787,0.2092669928308628,-0.009110332585215106,0.37062788941256464,0.15169468420461127,-0.11984928756079698,0.000765776720856597,0.2827359098800855,-0.27885336917847403,-0.4601634881102279,0.1396045576282593,-0.4150586523292545,0.08146318195970147
feature_11,-0.15610412275400332,-0.4739436591419618,0.3382289160587756,-0.218585540558294,0.21452603629227177,-0.17055719834169877,-0.2950352564402762,0.08573685413696489,-0.24840122660277944,-0.08478665377127917,-0.5077758225869388,1.0,0.24332446866970017,0.5977487296107467,-0.036477187944791926,0.41639832770333307,0.18645398927594842,-0.6205839336746661,0.02456804355894825,0.10564413120765015,-0.0036326018652100525,-0.6559546399698714,-0.12314550540843117,0.3637563469256357,0.6908508946860925,0.3829335441270588,0.3223707929812353,0.17589781539851698,-0.29660460404763084,0.1608420532142555,0.14553069217712364,-0.244395909343683,0.11183518101152978,-0.04610770238954734,-0.08532171474055633,-0.5218779683639568,0.19794809175052464,-0.5329280314248818,-0.21878970359153405,0.417304492374257,0.24564263412483417,0.005790661506582792,0.03181318671386597,-0.3542977064308929,-0.08712907863493093,-0.050107779862397124,0.29238737219857247,0.5111517506252312,0.09136320989391168,-0.1933779105582666,0.37928061474887476,-0.2945116198001432,0.22232022163420026,-0.11063259226883441,0.22349949063026717,-0.0057429112307873275,0.4049029592795488,-0.4448735914510876,-0.24791818786393047,0.38015552935408,0.25179669428621543,0.4821627708351227,-0.4863062022893223,0.23672769936181715,0.5313845673380884,0.2986609826435956,-0.47410766717399266,-0.5981535151673378,-0.1647032045461232,0.3590526684695368,0.03982965164299196,0.12430420694010158,0.30079783287509165,-0.2285182288039692,-0.22116373986729645,-0.3353007818248971,0.2357476423904931,-0.08574369299496118,0.34943832620438725,-0.2180907390937844,-0.2565828763708084,0.4398797548571922,-0.16664276084278468,0.6027079661915252,-0.077677573315949,-0.2112766332445631,0.29070166897354077,-0.36210805588679823,-0.4846271777909735,0.23328598284339366,-0.14355135287378087,-0.07665604389268309,-0.15956879889298192,-0.0925745372394349,-0.2413917522190395,0.3989950842335727,0.6099639666439108,-0.1556858255101338,0.46837766752370785,-0.18343595175164776
feature_12,0.38389802772578446,-0.4691781615955128,0.4757918833961117,0.11112114586872138,0.10701365716557862,-0.2565958236009393,-0.0751160062384845,-0.09247311114688361,-0.2001437259881202,-0.46311579926571333,-0.12588729562101886,0.24332446866970017,1.0,-0.1295991455433729,-0.0978461345962121,-0.07049216500591123,0.28702926648535415,-0.5168872351850926,0.0976569859246843,0.20598000094049515,0.07402017682733857,0.012638840100991443,0.1268191608553253,0.17827521677141273,0.14769760608419308,-0.19786753823064995,0.12879637548076184,0.39246153853076715,-0.10441448208821948,0.15271129671843925,0.051058852810908634,-0.22077945967469126,-0.018901710096225814,0.1340293304718471,0.2936087915262803,0.16997099158547413,-0.3997050649039881,-0.49616433862440357,-0.2691541769370624,0.2261524321054267,0.4783918698429293,0.33616718918113103,-0.2081081563660768,-0.25790581452838013,0.43083852324417016,-0.02346569793014851,-0.03146843350534073,0.4914568310306977,0.1438362379595231,-0.394672583012496,-0.21583354051902578,-0.3461252385279157,0.08973398036295677,-0.09015461510975291,0.7090682463044801,-0.1691320858487577,0.06174093477568908,0.3266301953060656,-0.13465224568816786,0.008876951659315464,0.4959630353172967,0.2929568253639621,-0.2828077934034657,-0.03833590460081935,0.34504124247633966,-0.15204302134297254,-0.4796126520521321,-0.3271336531806932,0.2368634448620208,0.16971285729473737,-0.535135071766036,0.14873850434464897,0.2538396753920871,-0.06785641808787354,-0.366024927413673,-0.36480752802568694,0.2848753059390275,0.2633983157681211,0.013937723092287411,-0.32277774539338566,-0.2188545978343862,0.5285788983572726,-0.46570034652009634,-0.007774662906235639,0.1746394849206291,0.01812996637030942,0.02146962496152364,0.0870996842845065,-0.24728530311207753,-0.13675399869107285,-0.07219365606395962,0.10722677244483132,0.0862072257395994,-0.09285209855224943,0.13241796257148936,0.05468293825636478,0.2627921130101031,0.36910176304381426,0.31549837597307817,0.10559323168140569
feature_13,-0.3113590383026681,0.04520418218153478,0.08227768229468903,-0.2522949049516624,-0.004935838406090762,0.049807662367778546,-0.15091599476686476,-0.12825926839938606,-0.295243710912916,0.18293417742726323,-0.4072940610906301,0.5977487296107467,-0.1295991455433729,1.0,0.022168287146572287,0.4221339769684666,-0.0996355737853181,-0.46605858390796345,-0.18084553662796884,-0.00968631155810248,-0.054675507126338944,-0.5915630432709554,-0.11188773421923208,0.13645170820171443,0.6289771608549379,0.29290454437183194,0.05579880004556729,-0.1887792265312616,0.08566188368842519,0.07952432961442092,0.2523587407745202,-0.1854371043628179,0.19254799598208844,-0.12196292129110924,-0.3585922734900049,-0.5826965948375115,0.4057457054224071,-0.1683376723004612,-0.008994775867489107,0.3004085184791418,-0.19696981266762467,-0.14228534264751316,0.1188946213640976,-0.2937624410714194,-0.3006983671765792,-0.08313089734911615,0.2807151450205627,0.09719790898531833,-0.023330091743148693,0.019404673544981512,0.211986879340344,-0.1307824789657037,0.1643758417762792,0.19334003553466464,-0.19193667019577787,0.011130376347373174,0.40386505283370017,-0.5904537555496256,-0.024046706447415647,0.2980608298018092,-0.07944918708312929,0.2997142250270734,-0.2557238704506297,0.360325701862951,0.2222657339217985,0.36848506877773224,-0.013857885084765617,-0.3122203739092793,-0.19900324139025738,0.02786296187945011,0.3053117435758741,0.03826058219604111,0.13922956802283662,-0.19024829319282724,-0.024297379406245954,-0.24993293641697664,0.15649560631269366,-0.058140363493632045,0.43889734713401546,0.14420311936200264,-0.20550811752181428,0.09387940850831784,-0.00302884441278848,0.6066403064352748,-0.1760553307520518,-0.34354765898023276,0.23014899718587575,-0.28765406216468253,-0.21565930739704137,0.07227336405794343,-0.22257542844439882,-0.29880918362511866,-0.1449515197285612,0.07414238158295877,-0.17198897638742483,0.43643231614970696,0.3877064819426847,-0.2366232477213262,0.23507345767791593,-0.20262672156843742
feature_14,-0.23820288633490294,-0.006887169528349127,-0.026941833468477394,0.10077703121828509,0.05259471052159303,-0.10687136417540262,-0.05524361588882785,0.08107671593433423,-0.052483966033641805,0.20394222195893955,0.2509871954333457,-0.036477187944791926,-0.0978461345962121,0.022168287146572287,1.0,0.18005415935429592,0.22735322322858612,0.12717509007061026,0.2378089334016904,0.3523194456203555,0.2148717026568248,0.16011593765116325,-0.20621444969987304,0.21180696783873007,0.20517691656407577,0.0770622741365305,0.15386566335689056,-0.12078902136323476,-0.22714680748358107,-0.1803478344599388,0.20472460910914125,0.11215587074180347,-0.06338108107013432,0.28709304432622024,-0.26518287843003824,0.10380014922073177,0.12320860220920986,0.288071961791033,-0.08583296105678755,-0.1458690697819127,-0.09215349224185863,-0.44449915594176714,-0.12814231449336366,0.21901764744067231,-0.37382193890111404,-0.19088834467563745,-0.08838514764717348,-0.05081832998270914,-0.09267230425638227,0.3678278749973996,0.27313371538851305,-0.23506720253110094,-0.16320522091416573,-0.1258738638326609,-0.0918883555914878,0.31878418673035636,0.1806112337418227,-0.23739454691425105,0.21851602973290082,0.038529728948947815,-0.010734584851882074,-0.025900261131349744,0.04905567318926007,-0.015142590869302133,-0.06192654654604873,0.1465024854840725,-0.004877454472996065,0.03992144657475489,-0.2085750420697918,-0.18704904430494054,0.10536115991139133,0.19674252475062357,-0.003443200910413603,-0.17218879016129218,0.02431597910380808,0.2886444859379152,-0.4946882322919794,-0.2466820049504928,-0.04121080504352367,0.21075401536421487,-0.08822079157701537,-0.14605906486515313,0.05084368154082931,0.048193195843771075,-0.5195085454951442,0.13607825546397306,-0.025875436826237552,-0.1369025500985258,0.0038173439555757803,0.4209486856996448,0.5018861395324208,0.2288539334873282,-0.12053488657260983,-0.07634373254204077,-0.21959369316185753,0.14336165823030075,-0.045782066113285065,-0.3030414271125192,-0.11200070617443962,-0.5143213415068183
feature_15,-0.3280241741464416,-0.3233181853893975,0.3799946665652083,-0.008382138483243392,0.3302130076171031,-0.39321788277836794,-0.2711564537681976,-0.07060099038171307,0.15144147157543683,-0.16464925157504864,-0.25282435573021966,0.41639832770333307,-0.07049216500591123,0.4221339769684666,0.18005415935429592,1.0,0.3639148160307013,-0.22925588237940592,-0.10748839366490963,0.11694458457757695,0.4735083870094361,-0.42574989802162144,-0.4569608517296864,0.43463294523147056,0.6054793162551257,0.10074723589094196,0.5307658657034537,0.11350169119992734,0.20207623599473346,-0.0065567852829501805,0.564509423423116,0.029383421397167025,0.1457038091094128,-0.25201130631274,-0.429754155406871,-0.40693322974065316,0.47333637305022047,-0.03687075020657102,-0.5732654911891906,0.2707040318634825,0.08453750763278403,-0.22042153210639634,-0.0300290833447034,-0.1576531979901105,-0.20181503722634853,-0.1856710063479113,0.5399223095040527,0.5038756395650633,-0.41412871827471287,0.24402894058396243,0.2781760294678463,-0.26292883366298836,-0.1718247271379059,0.14546747846956082,-0.14031108920750768,0.4426777922186026,0.5562138293561966,-0.3073254038710691,0.351255422629301,0.20235548868353562,0.13731420564197463,0.46550819407403693,-0.4133142275172949,0.6127305874854774,0.1774172580633341,0.33135834286343685,-0.04733861141212542,-0.47138982423024145,-0.6663413733466107,0.38534414639537945,0.2291889843211279,0.4406954250163465,-0.12026549322500554,-0.1034203534454729,-0.38230741321383976,-0.13470197502451953,-0.33300571453120975,-0.6040513283432333,0.21156880821413523,0.09808164510677056,-0.6125739617038083,0.4058367098765394,-0.1199527905687271,0.23120091761936665,-0.5434388409618308,-0.14562842624272782,0.6094052858226375,-0.28910629297354945,-0.33358756337230655,0.539475188728234,0.31313772147718644,0.06728093687981378,-0.3463407971320108,0.24355910595248992,-0.05572661905623032,0.19329449214474345,0.5944233222559822,-0.339128781568565,0.4956809296129733,-0.07380585346767927
feature_16,0.0682870591598418,-0.5863101067690661,0.43670764257690314,-0.045959596580447626,0.5860463994432599,-0.44159336367766083,-0.2501995802011693,-0.05948613360411227,0.028747509035533754,-0.5391269647673232,0.06177027266879867,0.18645398927594842,0.28702926648535415,-0.0996355737853181,0.22735322322858612,0.3639148160307013,1.0,-0.07778815840543901,0.34842506003738294,0.17815078983189,0.5408039142435752,0.02065860578309086,-0.11048184902179725,0.4944341454871042,0.20877199637760233,0.19172859873963818,0.49993597479294416,0.10994285431610985,-0.14012084493046262,-0.13005511118700758,0.2377651057467819,-0.15934867725140642,-0.13266214559330813,0.21477459032889218,0.19892114350506102,0.12969660627148932,0.08167422808017816,-0.12545580353909203,-0.36596422827916103,0.2405156615669264,0.4462019524771487,-0.1583652827989941,-0.16805132970756598,-0.03164444497004669,0.20073195679598144,0.02105712330820153,0.13798649274039096,0.635099559300011,-0.044860474207996194,0.16872185951096685,0.3094424766179966,-0.5359869993675968,0.05101050631847666,-0.2657211018718319,0.2763982931593088,0.41590612987363307,0.3783676811452296,-0.0017917984510482843,0.2917782625442863,0.08255915580231836,0.5535244664455508,0.2514691052068175,-0.5336584573903235,0.038078823297979486,0.373067827209583,0.002416775239377101,-0.5539810047746269,-0.6006180131458799,-0.3831617839826152,0.3672682172595186,-0.43385510110326064,0.690803164742669,0.26448429926208467,-0.30570697354149096,-0.5425985839204348,0.03482589336350015,-0.1831818285481706,-0.3301687083486731,0.33984258076810064,-0.15774697037232743,-0.5145300612989807,0.470791712574282,-0.4532139471136541,-0.20132648416950924,-0.483032353765279,0.34832133911446317,0.29650558005442595,-0.0025252090652457112,-0.4347921850337546,0.45069944907718623,0.3881929899584617,0.3866031384971202,-0.0980846432382532,-0.13531348174432167,-0.10832529356451515,0.15027927217218626,0.29590440093854103,-0.24898439767605493,0.4179075082457499,-0.10781080394794655
feature_17,-0.2057273949542497,0.2988912195673574,-0.2717085576615241,0.3756346515949351,-0.030611348036795525,-0.0027413521794016475,0.1411653440307884,0.05243621496112005,0.4708354396484039,0.2618753525172474,0.3402898902554881,-0.6205839336746661,-0.5168872351850926,-0.46605858390796345,0.12717509007061026,-0.22925588237940592,-0.07778815840543901,1.0,0.15864440245780279,-0.048526222480059035,0.07140119390617458,0.47796720351320077,-0.027037774052973498,-0.30896133189506725,-0.5076646601516915,-0.2647539056241656,-0.12236113472662678,-0.06282657659003286,-0.023736483075116666,0.06894006593931072,0.07303097803828157,0.3939355378232918,-0.041239444246506926,-0.01734436086992977,-0.12198582129790529,0.24320068499399328,0.03474294919433973,0.4399308396226427,0.03414134229950641,-0.298565358979998,-0.22274345273533705,-0.33521567039712613,0.0347462774176993,0.3259263648770103,-0.15411488420736322,-0.14461309226226585,0.028613323630779782,-0.44143239826931385,-0.18145256148719993,0.4858942861227613,-0.17751540413515288,0.4493186436161588,-0.40413818466485646,0.09040732341908893,-0.4005232337561388,0.18259208977729166,-0.33099841246089967,0.05925374137306769,0.14277606338602972,-0.18020449233177274,-0.26559041758864366,-0.26080208710504116,0.4011523329405301,-0.07906276402736089,-0.4071034952649051,-0.28418449561875025,0.469361128234832,0.5335142786138818,0.018242558576412635,-0.12594781988446951,0.24008380090332881,-0.17668521411223953,-0.4293789124609558,0.1286085023529693,0.11951353814701085,0.4781266220180423,-0.3400868200411826,-0.017144731724588268,-0.2273875351726541,0.2729647649357692,0.18177951295606112,-0.37355547208652673,0.424374706365158,-0.27427794997631444,-0.015191210144105667,0.04906199444288865,-0.07929465222944636,0.014436558790997575,0.38390191936098816,-0.0589475609502248,0.20489020315133752,0.11608851774569694,-0.018640755985506838,0.10010769826687402,0.12144849751429025,-0.43839275476707584,-0.34806117776067125,-0.070853527388931,-0.22273543576539762,-0.1356257412469914
feature_18,0.12973539240215368,-0.2273768071055586,-0.01928386724036475,0.057166109870666545,0.26025909945495695,-0.20631490572893157,-0.26969430521061405,0.1732996602596577,0.15869575095455882,-0.09240088011468463,0.04967195834985786,0.02456804355894825,0.0976569859246843,-0.18084553662796884,0.2378089334016904,-0.10748839366490963,0.34842506003738294,0.15864440245780279,1.0,0.08301166674660564,0.009495364633886068,0.19859918512736807,0.27381811131781386,0.014564232305166132,-0.02279682716110047,0.12350412284122113,0.25067155023727095,-0.020303970277954164,-0.5250273973418614,0.18517571867439725,0.039456539700285974,-0.11727062176646541,-0.26921591980394166,0.38217716142755526,0.08700589043279111,0.08611183817097817,-0.07023378580638333,-0.2140772592130114,-0.10006574073036568,0.15863834480263234,0.04060693365140615,-0.1569270833119648,-0.14378114718278928,0.08617232068781597,0.07307648925772355,0.03357705463534884,-0.1809348051430701,0.19213859230871144,0.22746170187679451,0.10664578630703936,0.19928394011968728,-0.13165494433043345,-0.09183749066062837,-0.3366542242326619,0.07803089891029924,0.06794848608059732,-0.07589576846070017,-0.2618250656606563,-0.08898570169532544,-0.023419007063189515,0.18751525292399715,-0.05415531465571344,-0.2954540546744956,-0.19175493099226817,0.023766475703874235,-0.08489530582913582,-0.3241449543477381,0.005981631114722115,0.06331029277720195,0.0719086481372138,0.004583202709361745,0.2500443713178521,0.015002298666589963,-0.0017928727245305877,-0.11448864874030798,0.14262846595363826,-0.04184983987258481,0.21159367955971886,0.01566172846239172,-0.2070730366733585,-0.07483766806495798,0.2284355095790947,-0.18988595244712825,-0.009266770886368512,-0.06778092113489674,0.36765164218433527,-0.027464181291804723,0.11646878414000074,-0.18611851476339847,0.34848750306316467,0.408126173097803,0.46206169555690024,-0.25338028096737186,-0.13721850126472906,-0.19776032422406917,0.10582515571771763,0.027375463236267467,-0.18761403933607995,0.11803033970638493,-0.17821945164974493
