,feature_0,feature_1,feature_2,feature_3,feature_4,feature_5,feature_6,feature_7,feature_8,feature_9,feature_10,feature_11,feature_12,feature_13,feature_14,feature_15,feature_16,feature_17,feature_18,feature_19,feature_20,feature_21,feature_22,feature_23,feature_24,feature_25,feature_26,feature_27,feature_28,feature_29,feature_30,feature_31,feature_32,feature_33,feature_34,feature_35,feature_36,feature_37,feature_38,feature_39,feature_40,feature_41,feature_42,feature_43,feature_44,feature_45,feature_46,feature_47,feature_48,feature_49,feature_50,feature_51,feature_52,feature_53,feature_54,feature_55,feature_56,feature_57,feature_58,feature_59,feature_60,feature_61,feature_62,feature_63,feature_64,feature_65,feature_66,feature_67,feature_68,feature_69,feature_70,feature_71,feature_72,feature_73,feature_74,feature_75,feature_76,feature_77,feature_78,feature_79,feature_80,feature_81,feature_82,feature_83,feature_84,feature_85,feature_86,feature_87,feature_88,feature_89,feature_90,feature_91,feature_92,feature_93,feature_94,feature_95,feature_96,feature_97,feature_98,feature_99
feature_0,1.0,0.3155320368702633,-0.6004392619086797,0.577358357572152,0.7822634998983512,-0.2751362773564678,0.5678650769910307,0.5985996500638344,-0.5218644776060386,0.35274036289859684,0.3784191516380247,0.10420248565284904,0.31581470730828487,-0.22428161275785136,0.6191308405060453,-0.07254030414419703,-0.4883045340968144,0.3395989318417234,-0.4655089585341536,0.640507853288181,-0.6163712164167516,-0.37701128960807007,-0.07287692867072001,-0.6550086635665001,0.47942880120370046,-0.19848071772538395,-0.3527306683776148,-0.34875179303548925,0.5923151021771295,0.27401679709908094,-0.40409284395180134,0.2137955145429758,-0.40596138089523903,0.20775535133209436,-0.5746367766798696,-0.33239527452651085,0.6604538357215012,0.036375346478146484,-0.525822179308377,0.03833019977123636,0.5410341070885493,-0.4408323433473486,-0.4695023147953828,-0.5346393011773893,-0.5173015997606084,-0.4212602656693107,-0.6834569134101843,-0.2588338350034453,-0.35256046793603396,-0.1821540919301261,-0.17858946970176792,-0.5781966022578822,-0.4000231604085207,-0.6188189453929296,-0.00576240527460294,-0.3307723739226592,-0.5374939172483799,0.5803665884009936,0.6193654825059703,-0.3226603924880569,0.46333042099791594,-0.05008740351158789,-0.6140073621774421,-0.31270350975477457,0.469444349048387,-0.0035214291626072623,-0.6127391701675233,-0.00028524240601686624,0.38024910881282437,0.5010549775555057,0.30789344158041493,0.07330140870421444,-0.49189079187257534,-0.09858203308109023,0.21002906663828688,-0.07227064991640972,-0.2987408720728002,-0.39006160463357553,-0.2931636153271272,-0.6609450674985088,-0.025739366256462188,-0.3225701706304229,-0.20365426706166573,-0.13677512097403421,-0.6171668776701051,-0.47865043242128297,0.3141324542389948,0.6630898708812898,0.29446030902441117,0.3046052849574976,0.43605775543197484,0.2446784285241795,-0.6009185683532864,-0.2351318320775634,0.4662150804637614,0.006574568025956569,0.6423041049019513,0.37796488162275643,0.35748353097023206,0.18898636473314806
feature_1,0.3155320368702633,1.0,-0.06322406654177448,0.3763744024637042,0.19548682369075226,-0.24873531140191307,0.6032972041041905,0.22675759425589168,-0.5721154075473068,0.3153638075228232,0.6161241152761878,0.44485111267762373,0.7636924448103936,0.5788695613681168,-0.04573190905358654,0.20936281827863157,-0.23754557629247952,0.6510145093705165,-0.4298852596193399,0.19082135664807393,-0.6902545080744438,0.2237420435645524,-0.14767864976293726,-0.20177446557505394,0.10046390431061976,0.17773278931341358,0.026376052278787105,0.4197978139612978,0.02951797312012314,0.380216384172017,-0.4055514856694999,-0.3922939080988649,-0.6309129727937473,0.15555477286815939,-0.06562789018949668,-0.748214029751239,0.3273524258713884,-0.008253896513769798,-0.36634394662912156,0.5255123818466086,-0.1590812727923921,-0.5188700862470891,-0.5552858527247977,-0.5446816262023639,-0.6127796777944536,-0.43062416950964444,-0.5072798988685157,0.3610874711481434,0.3348180054988882,-0.3285089796896579,0.3110612278488047,-0.40034792405063174,-0.687772163815569,-0.6622856605170752,-0.24620541435085233,0.05755896273579801,-0.6586950891958547,0.45027472056013257,0.41887227233696983,-0.500523786413548,0.47553534963579747,0.4150449921466016,-0.7555156216010722,-0.5655544942155077,0.6257663495357483,0.727837426973713,-0.3820484061675747,0.278389646961651,0.5003899757134729,0.4449768520522103,0.5312803619687729,0.3062518514068179,-0.7146972531595247,-0.4068406851511264,-0.36467174370644573,-0.13499968308745386,0.3257123353187494,-0.24576006260006866,0.1268190929183938,-0.35236103915828443,-0.13453905395779167,-0.7384721998354523,-0.5763196090200488,0.031343571295615116,-0.1497935043988043,-0.6083921166581332,0.19522126427063566,0.5380843019405115,0.5197848435708902,0.325944670748252,0.3523646356522999,-0.20534454659602908,-0.5223292228486135,-0.5078590108763741,0.08949211168721036,-0.17687362287501562,0.6689628919159278,0.2154095059221042,0.2749560110393318,0.5612738123702071
feature_2,-0.6004392619086797,-0.06322406654177448,1.0,-0.6886379368127613,-0.5827713166467184,0.22868022973323007,-0.2524072687080813,-0.34597944307178696,0.4536720384231275,-0.4423947986504542,-0.10668391154634264,-0.21716506488641826,-0.11717938141504515,0.16934177082814536,-0.6901559166616005,0.273353835011625,0.5459412825229781,-0.10439173603037444,0.2640231648268696,-0.49564084872801834,0.41341000214770107,0.5417733600929757,0.13455113366980825,0.49104266838817173,-0.22499257911413448,0.29334870713822686,0.4662383480655008,0.4353543381307233,-0.6017703670286285,-0.05375604870156364,0.27703178107217113,-0.5192849769484025,0.15745871445289614,0.08183208890385343,0.6204268243641612,-0.07524507789940177,-0.5810740042814364,0.05413297044572498,0.5631253512714534,-0.034273525289609315,-0.7124982874175202,0.24074826080815517,0.3146306017052743,0.48692462681627596,0.0708510290688009,0.47584335460586835,0.566082768133208,0.399784766290923,0.401977169349993,-0.15583231691225038,0.20656446811717197,0.3800044564646707,0.04498763768517678,0.37218436412299827,-0.049837539073716804,0.33261482025822414,0.21250377086159972,-0.36194238914625526,-0.5631711839071902,-0.07395300289129375,-0.5480156787646238,-0.047411513712923764,0.32093148034427804,0.10938589452851391,-0.43526793160699057,0.2793363038322201,0.7157762205084918,0.17964918829396329,-0.5465297593536744,-0.35851480698383964,0.11981614514385457,0.31706771896163444,0.23965704047690825,-0.14038809393439608,-0.5525118443321926,0.14596802001418796,0.6127269224302364,0.09158734002962478,0.35051416712992417,0.48074285762870467,-0.5075896442760197,-0.02408057681937947,0.13723628151489492,0.17050338470913973,0.30387328140933445,0.3660314541078377,-0.16801054368909152,-0.461387111515053,-0.3473372245067917,-0.05906460774729648,-0.38495209160543187,-0.15178833703336123,0.44329356071248144,0.13837434176917857,-0.6775570015150785,-0.17193397413698094,-0.45516091711698736,-0.6445543548958461,-0.4304402533441553,0.2722191195707726
feature_3,0.577358357572152,0.3763744024637042,-0.6886379368127613,1.0,0.5370774888342831,-0.45479841107334,0.5157347735939732,0.3192882473044987,-0.38060976374403627,0.5985193254209618,0.289342683717966,0.4765229123886628,0.4803569982065089,0.1059326799375265,0.6180838308914631,-0.011321733727763135,-0.4846686783448163,0.4623814825827244,-0.40318538142559124,0.28078972859759543,-0.5633742203050919,-0.32428748205576025,-0.05417646975014692,-0.319110911711634,0.2839470928902864,-0.13561323304724207,-0.38076646976334044,-0.29059956962177386,0.3816185912221241,-0.03708566942057108,-0.3793434701671478,0.39272260902080686,-0.38564426242859634,-0.11347186426657058,-0.45199037873601494,-0.24742776341475267,0.5998888926081533,-0.18079734969454514,-0.6130261197319251,0.22612596932863022,0.5683347006524418,-0.42666277831286914,-0.6294620387542451,-0.6287906820592529,-0.2795492057581524,-0.4865008097808799,-0.6632038316486203,-0.2115959376958129,-0.12417196969549518,0.20065497439744365,0.009244600759240384,-0.4429228260748124,-0.25446146553601584,-0.5715826016633019,0.02567614855498185,-0.295477732034076,-0.3533613085801547,0.5528929516401722,0.5601849820464588,-0.05883765755820015,0.6793900103248323,0.19616726662798042,-0.6201405105675443,-0.37949150618024374,0.6797621786366456,0.03684002355615153,-0.7332817936999427,0.028793231410717095,0.725621157310867,0.5339992332210186,0.09370930390315961,-0.2328538537214338,-0.5427860124176153,-0.04828190705071947,0.37051525548819164,-0.1942878538388959,-0.49620382395099566,-0.22051157762820908,-0.12133953581530972,-0.6120346705806046,0.40553610526950035,-0.2522706829578131,-0.4509764187323985,-0.288940010312223,-0.19946502341118072,-0.6328862915389875,0.030899075604016456,0.5743503770747941,0.47893485878860953,0.10434370950295203,0.4040754403348976,0.17444326259771628,-0.5229955500713519,-0.3218611315527682,0.5097475371194696,0.1448514372719097,0.5731238979608027,0.6400590718880736,0.4317697506318801,-0.007525137136659356
feature_4,0.7822634998983512,0.19548682369075226,-0.5827713166467184,0.5370774888342831,1.0,-0.3246023607210886,0.4521622670750046,0.4300442769134389,-0.47653268229061563,0.42384810518221866,0.31116702614171904,0.03396830456213419,0.31023576330168445,-0.2695471029384539,0.6533839185821623,-0.16026113552642476,-0.36554902864497385,0.39856027851990294,-0.5764256391712189,0.6298416808339015,-0.6607797619098766,-0.5041282562743149,-0.16690295578693082,-0.5802107002182295,0.3770606426974596,-0.06276328777050018,-0.506761394116395,-0.3733131197397625,0.6537249520907185,0.20172065304174328,-0.35372870496966163,0.3169903388539166,-0.4219362648044404,0.13087426572319424,-0.439616883105555,-0.3385744983674465,0.5541268843430391,0.048209797992704785,-0.5064105927312382,0.04825044935975122,0.49216650926081296,-0.2942111334702422,-0.42825102687467254,-0.4366059759339864,-0.3343978709459798,-0.38661693913315365,-0.7631676488372848,-0.3341008011186022,-0.13851339974821605,-0.18188434183839933,-0.297759854410874,-0.46945150814440684,-0.4442282074474272,-0.5386326101449138,0.011819061050644664,-0.2884687958619399,-0.4790897826561559,0.5239677783957752,0.6511918176082193,-0.2388273361252721,0.3309697689056782,0.0642389071676605,-0.5989718852169116,-0.19086366148146533,0.5175159688700476,-0.045101134034033354,-0.6304535164235316,0.021145552007935553,0.383420040783373,0.2757716859939138,0.2512761761088208,-0.12171309849282774,-0.36677782783593155,-0.027953042920193984,0.240714389876998,0.11483521344299709,-0.4238789450004632,-0.2837402357646544,-0.20467337590483162,-0.5688327591033967,-0.04383492769040208,-0.25251594476402284,-0.12974052050324103,-0.10443990009322358,-0.46907260495078323,-0.31771473859628047,0.26876770987541837,0.6344231738419899,0.30226585665611583,0.1766220951989881,0.5812934811318281,0.13711788487933302,-0.6152761499328628,-0.3528450824000074,0.475876499089037,-0.14717172592827124,0.649106153284952,0.35053754707617574,0.20846589815607477,0.14086366142831408
feature_5,-0.2751362773564678,-0.24873531140191307,0.22868022973323007,-0.45479841107334,-0.3246023607210886,1.0,-0.2195133078923885,0.3001163691249385,0.01978775853202056,-0.6097795941652911,-0.36227982515727075,-0.4963342353285464,-0.341825902974387,-0.14477501827236078,-0.2336759782819636,-0.36162040176159715,-0.24931737319837075,-0.4698070880704344,0.15494717889901866,0.16557231549392484,0.28280035645321366,0.14992724566136612,-0.3212225387449797,0.1626151265859727,0.2243633331540726,-0.4833976535139683,0.491824518037079,0.16174898328435047,0.1468201810172529,0.1706507693207,-0.17044472680698416,-0.19351944201906385,0.38057578549070536,0.13005194423847355,-0.21116702747254995,0.21369039845571414,-0.3459224194358743,0.5541467269680447,0.4323278795488445,-0.17518947759309889,-0.3767345023905155,0.11743693077920767,0.6317724955225213,0.19962356931683367,-0.040016069054949026,0.2887731052068688,0.3520165069558698,0.2506932507001178,-0.446162417431587,-0.06544082888441122,0.18927370266826551,0.051867873030853516,0.028981244929628818,0.20318263095121872,-0.2935884623754344,0.5482913142176076,0.08412749553429535,-0.5187915816433166,-0.03217314613564596,0.2572386645006473,-0.3225691933162653,-0.17699789023780765,0.440662665599754,0.5407769479356245,-0.5275931840776583,-0.17546378402645524,0.31871367974673154,-0.08797722357137663,-0.438303964214455,-0.03436356730232898,0.17138931882397143,0.0417657456615299,0.5096671078610293,-0.3633156019377216,-0.012027199927465431,0.12504876212231578,0.19217373093647913,0.15403669080031857,0.0810064322579034,0.47941655833663005,-0.07510286530385776,0.002023340549216443,0.41239405772178533,0.2840751744219439,-0.1417397185846486,0.19926137549707024,0.47245089413908525,-0.2709182373048565,-0.16934522211839406,0.34774882327994094,-0.0206307507219534,0.09643316025729143,0.07274842661023805,0.571855159450833,0.06164486929478431,0.33745954445289433,-0.2619595477499304,-0.27801216122879885,-0.02538781745699296,0.04656104301953373
feature_6,0.5678650769910307,0.6032972041041905,-0.2524072687080813,0.5157347735939732,0.4521622670750046,-0.2195133078923885,1.0,0.5497562762519165,-0.4247710538769981,0.18706595508739066,0.5932810756748632,0.1645152882983795,0.6908489742635724,0.016847423864315834,0.3917882565228869,0.31349460378608307,-0.4603523509975888,0.48076553682210665,-0.5549769970554858,0.32762921720684707,-0.674335581641946,0.06466168507354576,-0.07804229881604108,-0.25142927205641796,0.5968290074128291,-0.19202547831322497,0.18059653585588245,0.14428502789283082,0.37143663842271485,0.3434201538575982,-0.5190211253964784,-0.2116530194485137,-0.40157873679412215,0.12122230524466031,-0.4237361285969721,-0.6330401251100688,0.36848664019446103,0.03685647387723089,-0.21343080925860616,0.09809408467607114,0.12107713204492508,-0.4368954998875126,-0.4746633797758407,-0.5990512150377582,-0.7377016961673084,-0.2731701364469094,-0.5585798592382156,-0.025413544467388558,0.09742595971244072,-0.19051755381362356,0.4870283662318419,-0.6253317547244108,-0.6915606798757955,-0.6373910680975619,-0.07621458393541453,-0.149309210614415,-0.5826148032434197,0.4411112614900412,0.4413231138296679,-0.34178594509699295,0.620562781424965,0.01983998624845737,-0.7074291823272443,-0.5436440964451458,0.44568919065407964,0.45148538057355714,-0.45267690414510536,0.4616240830302194,0.39521974219936656,0.6312959000387218,0.6247212708990622,0.20461928441563726,-0.6314963284993979,-0.4588770468080133,-0.01096085205118101,-0.011049210006200261,0.06392891557110307,-0.557155305648848,0.30837113072829875,-0.6378330590925445,-0.20452346689226916,-0.5938535052690974,-0.5149463896096397,0.1382132343094607,-0.45612296385847223,-0.6328600089174531,0.3615917094834222,0.5546025060858473,0.3949099345986114,0.47122118282348135,0.4463231407336415,0.037976270001486956,-0.557461342116244,-0.15916194044891077,0.11811423557685277,0.07638385257378272,0.6104918935706732,0.41204663672318603,0.11149699315703401,0.5009442902923609
feature_7,0.5985996500638344,0.22675759425589168,-0.34597944307178696,0.3192882473044987,0.4300442769134389,0.3001163691249385,0.5497562762519165,1.0,-0.49560765506891025,-0.1321717922853389,0.19533953336080354,-0.23906452351108803,0.24646392282915772,-0.18963917081662665,0.41607513464466356,-0.11377586310107685,-0.7043183054401893,0.04502081099581407,-0.38637085684441713,0.5989086322297725,-0.3938905010188653,-0.17427777783165616,-0.3111118073784992,-0.44583737295655423,0.8173173665495805,-0.6081774827190042,0.1809698002510401,-0.09481909952657135,0.6678700394290361,0.4209350831928152,-0.6179695094016944,0.01744904773737754,-0.09990772152877005,0.30024135404038915,-0.7576203733625613,-0.33456426425638336,0.3644458415720461,0.3935592771418642,-0.11019502420661598,-0.12174810762423534,0.20934048755911766,-0.3681806695885028,-0.059140058267026716,-0.4234328963761448,-0.6845414247632026,-0.24916473516865276,-0.4535939293610326,-0.10735782333296912,-0.4847912887919105,-0.1567901940550427,0.24485540594508554,-0.6289902139080561,-0.47729067031600697,-0.5265250554460957,-0.3281989361160134,0.13539909516399926,-0.5592693957514742,0.21906029817070458,0.5708952298281625,-0.07355494153826213,0.32926222405526157,-0.17601758332627132,-0.3753656619955556,-0.02448434219460753,0.11423605867980785,0.0529049281655554,-0.4145430559153531,0.0786069574883181,0.15243494386728512,0.5370623975700188,0.6031446045303623,0.1160253635561831,-0.21351073167522178,-0.5359654661170508,0.20953590939391126,0.13318947703565912,-0.07843111904421673,-0.3933705906974537,0.052750821393507764,-0.35944135605267213,-0.10949820442651127,-0.4735599389582824,-0.03550023295438705,0.1504688594853122,-0.706562302469944,-0.4274124815171593,0.6726158343608698,0.45260962535458626,0.23693884083458283,0.6474279303275041,0.42157380639892117,0.27716319463046635,-0.5128785417013092,0.25347181791138174,0.4555335535950016,0.43129182937701277,0.47245158689451244,0.2506142409405344,0.2487455706109591,0.3771852772282854
feature_8,-0.5218644776060386,-0.5721154075473068,0.4536720384231275,-0.38060976374403627,-0.47653268229061563,0.01978775853202056,-0.4247710538769981,-0.49560765506891025,1.0,-0.24348639803378655,-0.4426141605572059,-0.07603979574934445,-0.5041786398849873,-0.2540729410329234,-0.24774935468840598,0.16015445927765873,0.5792534251885442,-0.33942439386162404,0.39434273253790614,-0.6606181958884838,0.6925105936426882,0.22178273829358505,0.30758346371996964,0.5588242936250907,-0.278094565607715,0.09443118827570453,0.1473124139104763,-0.20931022137184327,-0.5913597457881694,-0.5819972714802699,0.538550210484847,0.035148111358122514,0.37978855729672073,-0.19520523231192852,0.5225533615738538,0.4641567227959946,-0.5145415962835194,-0.12881937605030688,0.5088897022543601,-0.2720736557458673,-0.21387487655093698,0.45251015185628046,0.3351749076846219,0.509904511084424,0.5340557315766726,0.6450239711709173,0.6448848823302562,-0.028769024580888966,0.16171873601865544,0.3643809843456236,-0.0703890391813173,0.5147894539866026,0.5564828626987964,0.59268256901005,0.27044969578882583,-0.03716086840007921,0.6619928030800428,-0.3533579218012935,-0.6588695502918521,0.3376925587904212,-0.5002528256937957,-0.17654405981520202,0.5609293261327908,0.301998407240809,-0.5363559095428726,-0.358845388286973,0.6501982117791654,-0.018630920967584234,-0.4966904229139793,-0.33320773589549596,-0.3890473848836374,-0.1160456829977203,0.46899419260678105,0.3303930704886124,-0.008120189282481845,0.017842535545080043,0.055500050794344065,0.21836733810906694,0.1468589221728653,0.36800625417415667,-0.04630165105706623,0.5030576730410662,0.25763451520181535,-0.15594590850346168,0.4477759101564032,0.45783997982245256,-0.49175335474497484,-0.6420859057307353,-0.5170332232725259,-0.3919884508350668,-0.48561663498531793,0.06104932752192988,0.6718364819688475,0.3502457069841736,-0.5703193531708269,-0.10215719242005555,-0.7737266396158384,-0.3853514520184243,-0.39415127522467386,-0.3314065797192716
feature_9,0.35274036289859684,0.3153638075228232,-0.4423947986504542,0.5985193254209618,0.42384810518221866,-0.6097795941652911,0.18706595508739066,-0.1321717922853389,-0.24348639803378655,1.0,0.36366547877786054,0.5400477612154939,0.34971970752902043,0.1907650107183795,0.29002588198925416,0.10203765736260309,-0.1449564785250157,0.6199650226330787,-0.459237382357531,0.09627208772516686,-0.48498236720352883,-0.09479761661247314,0.003100737894280793,-0.19608909515116343,-0.1615433527315303,0.3081020870479576,-0.6009744634561283,-0.1520076482272064,0.025987071363272416,-0.14153031054566725,-0.05098504113570478,0.21058580922667056,-0.5858937112739779,-0.13551229210805937,0.045985049655852706,-0.2789618075469928,0.5932294019572348,-0.2936059670393501,-0.6644764859223109,0.4609407472417731,0.3837869912092147,-0.45075988676661916,-0.7494242550248778,-0.3966895386013691,-0.06117007955803365,-0.3353054409849666,-0.5134943829220324,-0.03561002420947004,0.15722211463778063,0.03423928627178321,-0.17285419174599959,-0.0644576517504309,-0.25079014117883125,-0.533961580485365,0.1623669651849284,-0.44158126964691075,-0.3000777152111557,0.7108288420903197,0.4093586521591428,-0.1831956998691834,0.4201095107459265,0.21694286511015223,-0.5614211531172476,-0.46895025474461316,0.7317762865761539,0.1525929271493506,-0.5000906837160728,0.1821406890348733,0.7024436065218614,0.16143748228050311,-0.11510269497633083,-0.27456112705715796,-0.531877700472266,0.13058734945315287,0.10187406890029366,-0.3055870928803312,-0.2969477379671269,-0.014797976944326762,-0.16544113636582683,-0.43408161671411477,0.33830481923049455,-0.19697004009971464,-0.5368239971995107,-0.4940146980877337,0.0010877397182303989,-0.45362843224179245,-0.29680753624981804,0.3471311396625536,0.3475947173575686,-0.021270224672085877,0.27211394123440136,0.1590985889066009,-0.4186476394276189,-0.6264312704375272,0.22611919941942407,-0.3455531462831355,0.37544116156356777,0.3494492378849736,0.39133439610047077,0.0615747295217457
feature_10,0.3784191516380247,0.6161241152761878,-0.10668391154634264,0.289342683717966,0.31116702614171904,-0.36227982515727075,0.5932810756748632,0.19533953336080354,-0.4426141605572059,0.36366547877786054,1.0,0.17423530765490614,0.6615171284603018,0.21311752930012973,0.13514693261121696,0.4666272925670327,-0.23084030214060688,0.5649226924830022,-0.4569438903173943,0.2655107636212296,-0.6307366668944856,0.2163673371471335,-0.05726888936070971,-0.19202882857270528,0.11918045557745907,0.294503435636455,-0.050241901373013174,0.3121363934762927,0.1352829115326757,0.44331708283724625,-0.2677826057485419,-0.3272863688014691,-0.5319405130487629,0.12802845164726379,-0.07132351156803124,-0.64411029188008,0.4651483744273742,-0.022367140522366314,-0.39964282705628995,0.27860247648346753,0.05330146007825239,-0.5381045245115577,-0.6168371900889547,-0.4293868435113266,-0.6172974530588928,-0.30388947630993035,-0.4807579760257869,0.034092818536174976,0.290054756637289,-0.39565964302809753,0.31221068444681377,-0.28353029652268663,-0.6290699352083813,-0.5401662525288181,0.02276528006107005,-0.36528727783142834,-0.48405576736299855,0.5905018365561209,0.40547596315603646,-0.5312765596670326,0.4978713415121499,0.016482253552886912,-0.5926485546847589,-0.6997204684992545,0.5097934270221637,0.5261411148239505,-0.29635876976107606,0.4552412127431438,0.403029079807045,0.3310989274655072,0.32862469998283683,0.251046169580972,-0.7253650286011226,-0.2836905320251016,-0.2459582607463939,-0.1231898322705062,0.14246160995495236,-0.42176657234537124,0.105116759610761,-0.4841414113665788,-0.2296505714195671,-0.4984930771355684,-0.5966128085856012,0.02200671960361833,-0.33804835098399305,-0.5004289682585722,0.059873603340476735,0.38188364223964594,0.4285836303878372,0.35553410110667855,0.15698714015441909,-0.016560674260265005,-0.48945986076523507,-0.5265886878770408,0.03568060972944082,-0.2778126472554373,0.4777260445070496,0.2428478210923995,0.14152062759775785,0.5450100035557567
feature_11,0.10420248565284904,0.44485111267762373,-0.21716506488641826,0.4765229123886628,0.03396830456213419,-0.4963342353285464,0.1645152882983795,-0.23906452351108803,-0.07603979574934445,0.5400477612154939,0.17423530765490614,1.0,0.3541710643187682,0.4615494933292135,0.052991508842948974,0.11445739337403657,-0.002182094721025672,0.4684875741497584,-0.18912487912226714,-0.21578339041412034,-0.24749691643618502,-0.08530409147786648,0.08621162048947982,0.07659493417336329,-0.31197201573445393,0.20924501905968582,-0.25968917088630894,-0.09566489289359797,-0.19062372957526927,-0.3503721336045659,-0.13188843438551728,0.13508004845743354,-0.49221663218830625,-0.3538002816486312,0.20197444607920204,-0.09899833265747025,0.16030699262271825,-0.24293383901873133,-0.28614201873244716,0.6012355931921917,0.15280945117429925,-0.1607094124623947,-0.46612483262382376,-0.49960634579942886,0.0830602054339855,-0.26520279943498865,-0.2163544502794327,0.1643483879441398,0.2548753549718088,0.2999178889214171,-0.03726384739417947,-0.1525644729262451,-0.06743953349863116,-0.27530812648874414,-0.10048969358536848,-0.06442799616548983,-0.13728636686413598,0.31601618866212833,0.10285705632316341,0.0607177645593194,0.34875890693638667,0.571807760550234,-0.4836362427459631,-0.34558713324316476,0.475331211494923,0.1434221144366413,-0.24150858242520504,0.0766208670761319,0.5361944045983137,0.33432122511128265,-0.012889318490859041,0.04626496460904046,-0.40523883226448826,0.16408521206911078,0.025699480824318523,-0.4809710634409709,-0.08328454416395951,-0.03310537248632168,-0.10983850698719046,-0.269220677807921,0.3750659223497711,-0.1823108802510003,-0.3259610495992734,-0.4225150120516609,0.2538765038635882,-0.4668613589866818,-0.24976497280803447,0.09595136280980439,0.20621278509688515,-0.15858681042702674,0.1267094460910832,-0.17522510223164467,-0.04927666557609699,-0.34733870379177406,0.005490958376080289,-0.11104742736389922,0.2837829729011278,0.26534737976308936,0.44201377610333115,-0.11514335771632633
feature_12,0.31581470730828487,0.7636924448103936,-0.11717938141504515,0.4803569982065089,0.31023576330168445,-0.341825902974387,0.6908489742635724,0.24646392282915772,-0.5041786398849873,0.34971970752902043,0.6615171284603018,0.3541710643187682,1.0,0.4130852521842706,0.1678674149325596,0.3252834560684067,-0.23334350014434324,0.5995186399729463,-0.4295349483486954,0.1840145518728878,-0.6936372002842489,0.11220826219369603,-0.014905150319250724,-0.19774800625393565,0.21441041692994386,0.15031235966680448,0.03130211407401409,0.36644543956439163,0.13983887518579294,0.37384695074805135,-0.4168094209640063,-0.21190456859718496,-0.490570756438157,0.06104367984744868,-0.1439188169349339,-0.6734977426230988,0.3487435336549261,-0.11937022974304874,-0.368400868618202,0.36016257782405076,-0.01076216792931248,-0.46776419601329156,-0.5988065316159937,-0.5304486980404802,-0.5843234814470054,-0.4784082115166652,-0.5336342893125323,0.1074150868328152,0.33880656504325285,-0.28500465688478527,0.4085480829187114,-0.44557092297483863,-0.635270854062961,-0.583105210124503,-0.07613839425899273,-0.10152802155233005,-0.5943052525019018,0.4784739519770174,0.390776298268624,-0.41535760048756837,0.636883084459338,0.24827285072363023,-0.7277305298153008,-0.6756932943597321,0.5872301630614313,0.6703884870557627,-0.4611871040224583,0.3947158769913739,0.527069463965614,0.42413891125389364,0.4552874060881846,0.19341729220831752,-0.7319919211974217,-0.3688049190388724,-0.16948827780217215,-0.034033355266460084,0.1029294946693134,-0.37743193479305215,0.2637464102289956,-0.5035573624389481,-0.18840725524449073,-0.6454319866864231,-0.6161119641993553,0.1494039597133108,-0.16094340974840757,-0.5884909516069333,0.1699565678743189,0.5021228305390522,0.5439752155181002,0.2738187964045763,0.31729016545609384,-0.19704789846453435,-0.4700280311171074,-0.4744509839105696,0.06607979713115837,-0.032873265445334594,0.6506811096268991,0.4089453708963903,0.15807675996859952,0.4940383214217193
feature_13,-0.22428161275785136,0.5788695613681168,0.16934177082814536,0.1059326799375265,-0.2695471029384539,-0.14477501827236078,0.016847423864315834,-0.18963917081662665,-0.2540729410329234,0.1907650107183795,0.21311752930012973,0.4615494933292135,0.4130852521842706,1.0,-0.3651051617888069,0.16896712250390059,0.07430195476117037,0.3806768286239055,0.06391639134844189,-0.2115897802326321,-0.25357827683888917,0.22648404952992213,-0.08674233769300391,0.1480826921125872,-0.31844337651329935,0.29614868675716727,-0.0252877030448184,0.39403249611292196,-0.2627477553433582,0.12695122516554003,-0.10650370025990163,-0.20511222125423043,-0.2932401566028552,0.008374574373929087,0.20777244186197125,-0.36963211446841326,0.07168162099821405,-0.10797081229497757,-0.21503216783272444,0.5575583815586639,-0.2974551309592127,-0.2450456879911582,-0.2852582809387181,-0.17526341093950104,-0.14447726602184133,-0.3662442393915093,-0.1353639314216793,0.3830349036147,0.38880979824859135,-0.041406806461981,0.2070286565702235,0.1192546733793391,-0.20668338930779437,-0.1683838672480655,-0.2879329221374132,0.2932663800669912,-0.27120068771646805,0.13844359293588118,0.11937411882150151,-0.18644003595198114,0.13116278536277876,0.5040935887782823,-0.29219850658764707,-0.3057989381864401,0.4199158754947331,0.5214985533308026,-0.13251905722728818,-0.06202909950537416,0.33469056153132126,0.04023267708716213,0.11795899155057965,0.07942020224110607,-0.4083787722225863,-0.1429998341989426,-0.2892965021992183,-0.09428980190605493,0.2790114660775318,0.09478190004510424,-0.005104114919070668,0.1449890938331031,0.032931286613681915,-0.34949177327692654,-0.3923138450791502,-0.016678430538301026,0.2993167004880555,-0.2661429725298761,-0.15212092487990495,0.12462628363174236,0.36339697054004244,-0.03878175396227167,-0.054955013581507624,-0.27454667590858883,-0.0787449046485492,-0.4432132153978128,0.007448897385541229,-0.023563145048812465,0.25496728177956596,0.016052992951080983,0.23166544424220908,0.2376899487163562
feature_14,0.6191308405060453,-0.04573190905358654,-0.6901559166616005,0.6180838308914631,0.6533839185821623,-0.2336759782819636,0.3917882565228869,0.41607513464466356,-0.24774935468840598,0.29002588198925416,0.13514693261121696,0.052991508842948974,0.1678674149325596,-0.3651051617888069,1.0,-0.08249874691382805,-0.41533488120304624,0.02533214329699043,-0.26455751423433094,0.41651305227290125,-0.4195794669739877,-0.5761025875898509,-0.0499134313285833,-0.4155855139733906,0.46254666355554197,-0.3300301624906729,-0.3844276572411215,-0.5077880185331438,0.6106374394145914,0.07333991977822027,-0.21498472982687264,0.5979280142207144,-0.03716002584124433,0.023738973016828133,-0.6326609972024706,-0.029206031079411582,0.5205665115568424,-0.059945863589160146,-0.4391849531859225,-0.16927876074988948,0.6340462007798441,-0.1441847133623416,-0.3181902823663148,-0.34338157278543524,-0.16475619401809286,-0.40975986920557883,-0.613557895454447,-0.6333395859708933,-0.30360654702678014,0.1496313051468222,-0.1285393569342363,-0.3458512290771938,-0.08232258580380507,-0.2659831752949038,0.13507805320383517,-0.33977165263002634,-0.16981289339720446,0.3658717422230616,0.4969649187561618,0.09136481659587954,0.4462423660044416,-0.10273435561062876,-0.29354708783082284,-0.19432881460831497,0.36356520965464634,-0.28953546981629946,-0.6751115989479688,-0.12105342768393058,0.35274357908456544,0.253298071515821,-0.06810632933414172,-0.32953540386426594,-0.21737846138261077,0.07674533364711641,0.6502825731817583,0.13432559880924072,-0.6450337327410562,-0.18669987072818214,-0.13058345788325026,-0.5228379312665424,0.16773259232852708,0.06073172263207711,-0.12313320271932397,-0.015174624790386419,-0.33434054378563965,-0.2343547171341476,0.174528597633606,0.47038315284310084,0.30558482747599575,0.025818685449342356,0.3139790580278641,0.17451593992485445,-0.4305870388572949,-0.08990445052205699,0.49285496440292464,0.17142643968672752,0.4122982082563945,0.5729891054792124,0.1387854715917485,-0.17131937560891713
feature_15,-0.07254030414419703,0.20936281827863157,0.273353835011625,-0.011321733727763135,-0.16026113552642476,-0.36162040176159715,0.31349460378608307,-0.11377586310107685,0.16015445927765873,0.10203765736260309,0.4666272925670327,0.11445739337403657,0.3252834560684067,0.16896712250390059,-0.08249874691382805,1.0,0.2136639648879622,0.2745959480021108,0.034447980199706164,-0.2973184253577992,-0.07613395441070404,0.41597793923032317,0.2643964669722664,0.2507234797953772,-0.028829428763270364,0.35067078629750154,0.11616771967572094,0.21142573700226855,-0.3489682022812678,0.1697416128330209,0.16796058567464112,-0.2692233595911892,-0.16792966650327962,0.07171406237388299,0.26340705254682967,-0.3609161972636463,0.15833610151881136,-0.2548780487333542,-0.07370096570566356,-0.027918556114547424,-0.13824028649868428,-0.2663198815872513,-0.42725279985095166,0.05459207898201594,-0.30428743592989643,0.015543697417680455,0.03455256708321974,-0.0898795684249688,0.48273822680937706,-0.12697228332935295,0.3967621925045344,0.15633019608176146,-0.18273392937192776,-0.05857089799351422,0.23716976879460988,-0.3133945287642998,-0.019770888747576824,0.36621821689788864,-0.15061228344232142,-0.3213791925994395,0.14891296416211752,-0.22037938356616313,-0.1673030156726938,-0.5511063370870409,0.15890735475477716,0.41830491136950376,0.10243103556409094,0.3568195471727366,0.07397594434043898,0.023557198126656916,0.029833825227575352,0.1084300307204206,-0.5124924374764485,-0.061984232920813544,-0.2111631268225644,0.007305959394163167,0.2690170000414587,-0.31131857323824724,0.3500551019139233,-0.19680872670520955,-0.32239337127531603,-0.17573381438756444,-0.5070108996954497,0.04202258481286497,0.06706155375630646,-0.15497816795995176,-0.33423687301910127,-0.041274330984290376,0.1047017455078497,0.018032621874896966,-0.34801213905098977,0.06271902923888331,0.043065823030596265,-0.2778121453424379,-0.35149309141711954,-0.18380502702009718,-0.06828187662582738,-0.029503693277826436,-0.18767699648724098,0.34138880473533123
feature_16,-0.4883045340968144,-0.23754557629247952,0.5459412825229781,-0.4846686783448163,-0.36554902864497385,-0.24931737319837075,-0.4603523509975888,-0.7043183054401893,0.5792534251885442,-0.1449564785250157,-0.23084030214060688,-0.002182094721025672,-0.23334350014434324,0.07430195476117037,-0.41533488120304624,0.2136639648879622,1.0,-0.18558945189123652,0.5362743471031017,-0.5863461385681334,0.49234881225926136,0.16647522993494232,0.4406505001336995,0.2341967081861346,-0.5626807354045008,0.5318303627851757,-0.11647559130504441,0.09078677866938505,-0.7218623264719016,-0.26302644680354964,0.7600800651710933,-0.10202479167434705,0.24263511944947283,0.12994426883399043,0.7077196112392647,0.1780611074490412,-0.449854022622381,-0.48118172625833194,0.28036070116719136,-0.1990888656263862,-0.36479308941928656,0.4860128237474858,0.15269424208860893,0.6484334421630217,0.5238456188184084,0.2352091342613958,0.4601099779491312,-0.01075812379359396,0.5749095335524901,-0.06100637076625058,-0.2901602053476564,0.5555640804373642,0.4747000362114814,0.5329552323288002,0.38388874278265367,-0.010709596478748827,0.4678271529669271,-0.2592930518305698,-0.714416515449028,-0.12365117818688909,-0.5233181057688994,0.02765262463578619,0.40057442348198624,0.03912668175091371,-0.271936735422891,0.09013854919829714,0.46985538861951487,-0.23999972682982726,-0.40481374773177364,-0.6681033050896562,-0.4042827258286632,-0.03232049365961135,0.2107064915951043,0.5219467778470853,-0.3113227107336562,0.25452613987510936,0.24670869057017003,0.3199979001559927,0.11060910468747645,0.3904896250944235,-0.352348258531891,0.36631519990094596,0.14677199525332726,0.09772187314296701,0.657051984449134,0.6653121032525593,-0.5929849109437575,-0.31433083282700686,-0.29736879116770476,-0.6824219042146062,-0.4896571341956656,-0.3727256821259498,0.6054614562296694,-0.1525034178313709,-0.6362212367553589,-0.3982998495744615,-0.4180140274717971,-0.4485577535070277,-0.6083612533775972,-0.22934068375571448
feature_17,0.3395989318417234,0.6510145093705165,-0.10439173603037444,0.4623814825827244,0.39856027851990294,-0.4698070880704344,0.48076553682210665,0.04502081099581407,-0.33942439386162404,0.6199650226330787,0.5649226924830022,0.4684875741497584,0.5995186399729463,0.3806768286239055,0.02533214329699043,0.2745959480021108,-0.18558945189123652,1.0,-0.6573052548008279,0.132750144527989,-0.6802550899193699,0.18806608167325584,-0.15812928467451476,-0.035505713607164535,-0.008749451731884085,0.37628703161737187,-0.2516242465549728,0.1617350076088803,-0.00023030303734420464,0.06172962053535156,-0.3502535783723796,-0.21893029378365722,-0.80869692767412,-0.07059230649426662,0.15638030445659362,-0.6754943528316869,0.3923964509139809,-0.021084400534508618,-0.4828318414104854,0.5805918894893969,-0.00454930083203088,-0.5786308433578048,-0.7324761583900368,-0.5078788466580453,-0.4603616542141144,-0.1788966183155177,-0.5148743853923838,0.30678782707552765,0.3458312996643212,-0.15911674173228155,0.10426741235481465,-0.27382462265995006,-0.6816801030466845,-0.6735014359304515,-0.130929618054769,-0.18823818736374334,-0.5061548500637791,0.6196546889539666,0.46425169258264626,-0.3764240175033458,0.30651378983077593,0.3678364976951772,-0.7992983640136871,-0.49503489203925904,0.707290543360654,0.4997791581661798,-0.3067403065335841,0.41197505214435637,0.5627023925510172,0.3639698512620686,0.3989446500616916,0.12756289834281637,-0.6708098813225424,-0.23639794298942332,-0.32986874636774133,-0.21579219311877162,0.10778367843795987,-0.2735131530263158,0.10239442433921864,-0.38422979479081504,-0.01722813142950262,-0.6176142577752868,-0.5628307877982317,-0.399825954543969,-0.11077810846921049,-0.6322514180136155,-0.06422323155988202,0.42903877078602154,0.3012413184584607,0.23673106370308114,0.3979058464100096,0.12600466024600837,-0.5570017094027829,-0.6181848414895573,0.10322437355539803,-0.42220313944947063,0.5377877948495192,0.14292782465346457,0.32684166714691293,0.5236947703555334
feature_18,-0.4655089585341536,-0.4298852596193399,0.2640231648268696,-0.40318538142559124,-0.5764256391712189,0.15494717889901866,-0.5549769970554858,-0.38637085684441713,0.39434273253790614,-0.459237382357531,-0.4569438903173943,-0.18912487912226714,-0.4295349483486954,0.06391639134844189,-0.26455751423433094,0.034447980199706164,0.5362743471031017,-0.6573052548008279,1.0,-0.38531484948025585,0.6561702750867827,-0.009801725218506765,0.4075084070479477,0.10117441146203503,-0.3584712555290335,0.07750841618026617,0.023128181535951677,-0.014096578750337197,-0.42667094539945544,-0.041096088295835845,0.6237032510170647,0.13908139186539573,0.6811224208164062,0.17067686536075563,0.16190571963148492,0.5224951724711834,-0.3268368998890773,-0.4015721834079487,0.24044740532574022,-0.44267799477846576,-0.12132001222407196,0.46037073875780454,0.4241792541110006,0.633168849798897,0.5050622432473331,-0.00047036789366491016,0.5320012545682398,-0.1976729823179442,0.02697583279927077,0.07775973428474468,-0.1816072995152286,0.5254978516617856,0.7910522228647988,0.6982914980165925,0.29299365443625086,0.11603320766059703,0.5505478375036602,-0.47101671796173167,-0.616221990864967,0.0707027655120856,-0.3432335482489199,-0.2199499311657708,0.7283517641452126,0.23520759501285748,-0.43971396987085376,-0.178413194840013,0.28722821515721564,-0.6224868913928653,-0.39750082109666723,-0.5256609968955501,-0.5708282966295299,-0.1421955804961073,0.345807314268137,0.46777760744277774,0.07491148555794461,0.2324132216389193,0.03963820022287723,0.34912966159494774,-0.12178749951944715,0.4517438638121699,-0.06467556899087323,0.5801028373832589,0.29234878965811373,0.30524597033973105,0.49970078642706184,0.6613152811806556,-0.3823814930452457,-0.3176362431035044,-0.17575293401218672,-0.5945274134899416,-0.6994016491967169,-0.2741877019129183,0.6482717272339682,0.1908612072979399,-0.21796496430855877,0.22697598915143766,-0.474189550988772,-0.22234683747839723,-0.39571564661519515,-0.48698131819247975
