,feature_0,feature_1,feature_2,feature_3,feature_4,feature_5,feature_6,feature_7,feature_8,feature_9,feature_10,feature_11,feature_12,feature_13,feature_14,feature_15,feature_16,feature_17,feature_18,feature_19,feature_20,feature_21,feature_22,feature_23,feature_24,feature_25,feature_26,feature_27,feature_28,feature_29,feature_30,feature_31,feature_32,feature_33,feature_34,feature_35,feature_36,feature_37,feature_38,feature_39,feature_40,feature_41,feature_42,feature_43,feature_44,feature_45,feature_46,feature_47,feature_48,feature_49,feature_50,feature_51,feature_52,feature_53,feature_54,feature_55,feature_56,feature_57,feature_58,feature_59,feature_60,feature_61,feature_62,feature_63,feature_64,feature_65,feature_66,feature_67,feature_68,feature_69,feature_70,feature_71,feature_72,feature_73,feature_74,feature_75,feature_76,feature_77,feature_78,feature_79,feature_80,feature_81,feature_82,feature_83,feature_84,feature_85,feature_86,feature_87,feature_88,feature_89,feature_90,feature_91,feature_92,feature_93,feature_94,feature_95,feature_96,feature_97,feature_98,feature_99
feature_0,1.0,0.5751567809110575,0.5119823227662263,0.43209230998667053,-0.477918256963503,0.39115746900559456,0.45274246452433087,0.3740181437048849,-0.18631541974528723,-0.394048380493959,0.3005035595076521,0.311658513588555,0.09913281094809188,0.5245626387086824,0.22494574621563118,-0.024087006037138918,-0.1274027108118053,-0.046711346073684205,-0.32846071532262205,0.3313975704910649,0.2530556044653987,0.2123164037452432,-0.29596238508412553,0.01708815455485621,-0.14337706119310056,-0.09222570610580173,0.008875002306562914,-0.21963518508808455,-0.18819230996711378,-0.6490189785649804,0.49704752704870536,-0.2911222088624653,-0.005204560168952342,0.26218197293940687,0.15099153542297453,-0.12048027888071379,0.10451307850890543,-0.308622119481604,-0.015304900164914436,-0.2673434104567443,0.5647820349856053,-0.42037124178726504,0.12114120990266779,-0.5287724737934469,-0.1365744566367814,0.5528989952999408,-0.30043575048288385,-0.5420134977535673,-0.14054639271525535,-0.09799948990971001,0.36900371727354486,0.312501761947977,-0.035955981168897456,0.1822865373983832,0.1978381035895533,0.24703473390070893,0.5629368560769473,0.305102481408179,-0.697486060269944,-0.4724845608551647,-0.1604589049835466,-0.039120789254335236,-0.1474260998208929,-0.41620200572464594,-0.2894233712910504,-0.43006884549555147,0.2972484674199178,-0.4139194959656593,-0.017714589879225556,0.27990803358844396,-0.32500661125863933,-0.25942648816925584,0.07208926661906427,0.5247220325552958,0.18053482542910454,-0.26508537665691023,-0.5779437507412285,-0.290471224384874,0.3101239780965948,-0.684688609674851,-0.021854378277016747,-0.23508155012201493,-0.01439494070644602,-0.4323617713717657,-0.11271760438985516,0.1998148385857268,-0.008953863478494542,-0.2669994294874373,0.32117283155500076,-0.15459547741152682,-0.08216186087848229,-0.5727686207544401,-0.21588655105671226,0.3756769108952761,-0.10849315883969857,0.34675539047607007,0.4752771185121203,-0.3538453335781692,-0.052232961991922844,-0.5254807723711374
feature_1,0.5751567809110575,1.0,0.3518785492920495,0.22448264788645292,-0.3036173179993988,0.1469539347178247,0.6820563334270275,0.48100174137419144,-0.10961033601485895,-0.22202775358768873,0.40598896029699705,0.11392270545541654,-0.1335461745567177,0.28368362693773425,0.28845707044026975,0.09101596075160805,-0.18182357757589082,0.2114929370626199,-0.24975949451826776,-0.17998717524838664,0.10926775657619044,0.10914250780961988,-0.41964147297699406,0.013484136771220167,-0.252532914216509,-0.09041011596826258,-0.06841805616157802,-0.16447900947396082,-0.10171742183672823,-0.685507561650564,0.3925471483868647,-0.5991858320070816,-0.017012474092063256,0.2768553598841248,0.03326926994845154,-0.027252195176449518,0.19288560634885837,-0.5692876757024911,0.32874728551562105,-0.07219896292614873,0.7024004500226194,-0.3292757111965665,0.1322180659250787,-0.5822626093599182,-0.16535630148722652,0.6896865501096285,0.07504597533942568,-0.49218248967912365,-0.4695786505411678,0.0014404148820171346,0.26711324005043285,-0.08390509254272768,-0.4059528915649756,0.06697341409014339,0.2181044484628046,0.17936958575360934,0.3510642145903497,0.42563739612920093,-0.3899651189596868,-0.340560499554454,-0.08553644614147822,0.10115271481475702,-0.4630598795672026,-0.41459213961155106,-0.44654137694170337,-0.14634593618588362,0.2561951627524724,-0.19719895861772913,0.24816760354926806,0.28716201673904906,-0.2869608717204012,0.17726470905529487,-0.294296305855588,0.20017481289299655,-0.2122192861552932,-0.47270650489531435,-0.4799033226368601,-0.6234484400597508,0.2869885772337753,-0.7961189967929161,-0.07258505104714472,-0.11501219996419008,-0.45545454637420424,-0.3972931242385675,0.06329747184050773,0.31864370102052486,0.22095522107065982,-0.11939566657383834,0.4141369004082764,0.2126938662625339,0.10412384954168856,-0.37582416788462486,-0.20975118332782008,0.08821651298668956,-0.39590353105129145,0.3600573119419277,0.4933497903341349,-0.49918643792497597,-0.35035082314198324,-0.09330174881290938
feature_2,0.5119823227662263,0.3518785492920495,1.0,0.19644405890261618,-0.2873848800544134,0.1622326333000502,0.4286561670453255,0.38053232723034347,-0.4947912063370211,-0.06100787402421844,-0.14233911160906662,0.3723051351264984,0.050162958471128886,0.5418795487758128,0.06132939711035917,-0.3618587014411948,-0.47672244344024384,-0.35572225844586464,-0.37816156598495765,0.23189154383167893,0.43033470252432227,0.5188048565742436,0.10616693796069668,0.14773974652331762,0.23354940897149093,0.4210943961765087,-0.16455126248313318,0.18608791828815174,-0.5970218132673948,-0.3511004473129573,0.07861666481475046,-0.3507305139649362,-0.19534048130233794,0.11988999304570717,-0.059065326352683814,-0.1496352463462965,-0.16252505797069233,-0.18359647004430243,-0.21849757001534773,-0.5618619671233233,0.29218307007224836,-0.0770000409368059,-0.3615289587226585,-0.40699780009086256,-0.38106689262123483,-0.019574222542117783,-0.31634365119676966,-0.3118738284712531,-0.19500855647358278,-0.5327413812834845,-0.11497532965436294,0.20196956825471568,-0.04842797008856117,0.43747561597150286,0.056052925261073305,-0.24087332054712596,0.057714856430429916,0.5163844779938448,-0.6119630621521672,-0.4612709477994841,0.2769451179458578,0.2750465543442485,-0.07197051588701445,-0.14287214895633246,-0.5677027798854908,-0.6817080093578948,-0.15828647512074284,-0.11592850017788588,0.2087178161897504,0.6091236131400185,-0.04038847056172634,-0.15251875094547931,0.15860314227471062,0.41703552106256525,0.19521844628453294,0.20261762942985406,-0.42793775579204246,-0.3201744828903637,0.3412431866654694,-0.3474330215390444,-0.15764279945308793,-0.6249827801387897,0.048715534760163326,-0.3466512026151477,-0.060467488566310276,-0.023612184544646853,-0.016154507066946565,0.0060760943046354885,0.1380988765913318,-0.15946627988156542,-0.44557887185729983,-0.3069733762108965,-0.5539088410899319,0.03835473724842001,-0.10261725827562927,0.0988549674521861,0.38728248631098644,-0.3957146662998004,-0.32377740794881593,-0.703713711368054
feature_3,0.43209230998667053,0.22448264788645292,0.19644405890261618,1.0,-0.5811974186133213,0.7078081894107239,0.28269342605640424,-0.005885078525562057,0.33558903302441834,-0.2362476296686237,-0.05677474522259868,0.21151491553992458,-0.02525590240274462,0.5783236664060024,0.3913512754460791,0.6085584907803672,-0.38199104264630585,-0.13540714389075306,0.44098348489662853,0.3936782703107875,0.1504973989775696,-0.1507297546476184,-0.3821664112133704,0.04495990810773627,0.3458659599761243,-0.2240748852930299,0.3161394904077957,-0.37007853639487326,-0.357326988844834,-0.2767553384898125,-0.12705709601164702,-0.42718802326507427,-0.029517399207694365,0.04062396797498202,-0.3667455672270137,0.2574339183410688,0.43520340992238815,0.1913231096756354,0.09600425831006855,0.1033961574357283,0.4786001347180461,-0.3370051314531634,0.1839849840048291,-0.32063625996978246,-0.05833241888225133,0.33599061807255504,-6.292160951048388e-05,-0.44915479092658667,-0.17761461631706366,0.10091266051063605,-0.011048047621658784,0.05115640737201214,0.20725455480384347,-0.32298502389571077,-0.15616102759044356,-0.07995316402691836,0.5789615909110064,0.2959104455480415,-0.5863632606784984,-0.3542935829444631,-0.1442602115413307,-0.10614003297320473,-0.20046769733842904,-0.685079179625075,0.009407918835607593,-0.0807112187457083,0.05956423280774051,-0.4840975545076023,0.43124225845760294,0.39971192456373705,-0.16796450331350954,-0.26479090170393166,-0.3392412394872723,0.464008586201111,-0.09795632366222724,-0.3822563336042207,-0.19796442399011696,-0.3762713994574294,0.13857078811657694,-0.3539321182744972,0.31238563180106926,-0.1687765241091625,-0.07196901525395533,-0.18703998910256883,-0.3869369995553165,0.6302857866026178,-0.3083188422218659,0.09238638611515566,0.21380385503222615,0.1324064919228012,-0.4324729935182126,-0.638049868895644,0.11018462831591236,0.17975643911615818,-0.5378391110010052,0.3225512839308213,0.39034896647676876,-0.3538860354055065,-0.07929346157313613,-0.43621112923538474
feature_4,-0.477918256963503,-0.3036173179993988,-0.2873848800544134,-0.5811974186133213,1.0,-0.5048935065159836,-0.5352981670525961,-0.35381256062164984,-0.06619279664663826,0.5903384637948319,0.078585454953008,-0.5299766754700707,0.19170960064469253,-0.5957829320231801,-0.5438502289587462,-0.40789945860448334,0.13529009164804925,0.16824513306418554,0.020979693886521454,-0.31008336193684316,-0.40809037265947923,0.2648356108606852,0.5154027960125676,0.030895831654926185,-0.2203834561501214,0.04325403195694094,-0.41809473655836904,0.3370345000762028,0.5003329445459517,0.5894217838610616,-0.18117706095335037,0.47145629648440385,-0.18681267479867492,0.05972196754016997,0.114883925697889,-0.39802846291057914,-0.17034402025875822,0.15618452497840915,0.19020798318273538,-0.009436853162497923,-0.5903090641113926,0.5065616006066812,-0.026606696478048263,0.24870038545745066,0.24456490570180356,-0.422222248751884,-0.003517500083804252,0.49651650282398785,0.31849741451451263,0.05503262217265795,0.05383517380271601,-0.45390329733218354,-0.23136968612983533,0.014668338573004494,-0.10570091859749492,-0.02861672000217927,-0.513229005685452,-0.6798153217175609,0.5315317569522612,0.033264472797454196,0.05136742641242813,0.07597016249218748,0.012420699302967322,0.34547291691092336,0.23656637899766922,0.3891092229606576,0.10985363395671362,0.5660155391423969,-0.17238499550292527,-0.34502439834805776,0.06559219275362936,0.045506777343734615,0.267777880708972,-0.6754336773575581,-0.20817831197328057,0.24349302579661333,0.31229914182787166,0.3529277856863058,-0.36711331587238144,0.34093112515451374,-0.35587224180745547,0.2091650256766154,-0.05849902579206594,0.38483682988716045,0.36489700205616415,-0.21465837684515532,0.09091648864091244,0.06270044667512684,-0.2031034161954432,-0.07266926237638331,0.4499818917021484,0.7331807737456258,-0.005049669679110635,-0.338447310165524,0.45776215076420057,-0.40281999486961034,-0.7308625006298536,0.290822618571893,0.3405558255268906,0.5500168937806983
feature_5,0.39115746900559456,0.1469539347178247,0.1622326333000502,0.7078081894107239,-0.5048935065159836,1.0,0.2784614833158432,0.21336325937315734,0.26161469172781837,-0.010010832719515465,-0.03364999623366332,0.1798322770872471,-0.248828026466566,0.5565723505766531,0.5004410234007145,0.43899882074639185,-0.1107877536000032,-0.30166135119228527,0.3324344714073809,0.2264866257395022,0.23267843754725762,-0.152255383502068,-0.4588845702391454,-0.2378641279943051,0.261982710681124,-0.10374815018378274,0.49126606145498164,-0.14155004343127398,-0.3224807840783632,-0.3118605795597358,0.004611159498905568,-0.3317310196742776,0.264796632361706,0.16217459197356315,-0.5064701581750997,0.3729424049073127,0.26537909442548857,0.11411281574283527,-0.005971893356498928,0.08568151427494088,0.3261250150572746,-0.11858283852021792,0.23312998058744672,-0.09491722275337285,0.15954503487696392,0.27040828714084353,0.027734587609381373,-0.41110553070159045,-0.3673228564877534,0.022843107603883504,0.015814890998162426,0.16586167510840671,0.10865919049678398,-0.3437177720209183,-0.16543389065839825,0.06323279086769557,0.526813271929546,0.12924771161473234,-0.4822756037616599,-0.34737096551198055,0.053578789304283676,0.07104258003949633,-0.17678654167489133,-0.4712648569881484,-0.08721434941090289,-0.25499641480358304,0.1477876850659238,-0.18018434721197524,0.269093105775881,0.22681938555357542,-0.20977114947514588,-0.38958703317655646,-0.10419042951242771,0.44897520180407635,-0.13297023541795935,-0.28582919515246324,-0.11465266601942298,-0.22128118047161516,0.013355281039989458,-0.28938496689024334,0.4701823135295177,-0.20395538654999473,-0.008343379437461315,-0.20068664345838333,-0.11243397066118845,0.42235830904276694,-0.42114808443583485,0.019372260775253464,-0.023973761869995367,0.23603174673046698,-0.47903723570380646,-0.4242326800262978,-0.04392300364622149,0.06421988421174486,-0.2662084267147899,0.21935008676507695,0.15264627049083976,-0.2673071740674674,-0.20999617242755886,-0.32305660946749926
feature_6,0.45274246452433087,0.6820563334270275,0.4286561670453255,0.28269342605640424,-0.5352981670525961,0.2784614833158432,1.0,0.6633011164301814,-0.1295885816248109,-0.2753885648793227,0.07410821392670411,0.4217653058916634,-0.36403545688066097,0.5036208532784784,0.6167035584668717,0.14405060432757896,-0.15719830588018768,-0.07816438922202999,-0.1034805610503956,0.016527506446149556,0.29520351944097806,-0.05236231417061092,-0.3902737965357271,-0.08752415910040028,-0.18336600540261436,0.08922501894014369,0.22745204295853624,-0.03847727123883698,-0.33928215122932337,-0.7732389114108048,0.3158173310108456,-0.6664032463266526,0.2744983602148299,-0.03361408144419119,-0.17562380633579955,0.05854351054887017,0.2514218454549348,-0.484503208654835,0.11219337435241519,-0.05526954525926646,0.5739988195179868,-0.3991275967516592,0.1535786960578198,-0.4200565345828184,-0.13288948638740886,0.4975207058984698,0.07450929520748649,-0.686083119926529,-0.5786400266632797,-0.1299479888009849,0.11050773921616502,0.0896719296470872,-0.15821793368385656,0.03498923266369403,0.015558207105682828,-0.1072684065452137,0.3375581180021685,0.6573498152932873,-0.4259964619837558,-0.2938218892278526,0.0748821526226227,0.21499312905689713,-0.38707090225685836,-0.2630018015610977,-0.43989334894590343,-0.41037298222327945,0.05493900513355167,-0.0568773480099831,0.19566382089113937,0.4606108347431203,-0.0973689000377755,-0.000553445638192731,-0.3427126978057907,0.3932836878591248,-0.18175802508603875,-0.29129372007241333,-0.4653043005250415,-0.5793269649353885,0.13053234322218368,-0.5805140498971665,0.13748962925567262,-0.2003951552047944,-0.19690439190097986,-0.5494072897149561,0.0700315080504196,0.17274184150510746,-0.010314385517252023,-0.14310357281664296,0.23296944189939234,0.17783901754783712,-0.2223319287750297,-0.3511897956891206,-0.29550939820086597,-0.07033242346948614,-0.4335439729996534,0.2998262350786105,0.5461096039887644,-0.46448493283723163,-0.5528043250829056,-0.298218609030553
feature_7,0.3740181437048849,0.48100174137419144,0.38053232723034347,-0.005885078525562057,-0.35381256062164984,0.21336325937315734,0.6633011164301814,1.0,-0.35463564471448594,-0.061365632736856655,0.01377383878472945,0.3457408149835903,-0.4083580565349005,0.34779940179753777,0.46492539417900713,-0.24946170432544942,0.17405400107059504,-0.3772544583141941,-0.3398515317709874,-0.20246528905020353,0.5133331819853717,0.1257432662431108,-0.3188446414903578,-0.2968176661035469,-0.1854167390648596,0.25943520099547296,0.13996664296649075,0.25917995777588876,-0.38568745704442203,-0.6027692008533815,0.4220350124287658,-0.28008918404340793,0.4808439768770294,0.20511682010675675,-0.18612668507686306,0.16133347086163552,-0.2086050224601319,-0.5280353516998613,-0.020757012256794553,-0.19860281963979548,0.41932554836415686,-0.015118850692296357,0.10262583115545734,-0.13838349377010517,-0.05261830090591534,0.42375815514079324,0.03809347159509968,-0.5533433686608862,-0.5552857515820301,-0.29945573807650144,0.09916355974326616,0.3207821885369549,-0.21469455719507657,0.13850029920062662,0.17498247233986408,0.04497772127637845,0.13991494060943882,0.39355116573395355,-0.25270738003411897,-0.24639295039368392,0.3133942915838605,0.2222705347749689,-0.17438493479066414,0.11253555768180026,-0.6386556064300155,-0.5947946530552461,0.11471413475683048,0.08368259081221446,-0.11082686894728012,0.06900843872033224,-0.19409150911895015,-0.01627025316527917,0.10535495106519005,0.3880117454344827,-0.15017776363764399,-0.10068082392591943,-0.1877760404412528,-0.2464606391376069,0.10864452128456026,-0.41339185556015706,0.2725879286511082,-0.28975634077384194,-0.03327816318141193,-0.4121245349348696,0.4178270000398495,-0.08436091141005882,-0.007146103044048914,-0.11825516982638974,-0.14221476498986252,0.16569538133989287,-0.27056979423163113,-0.09996141124304166,-0.5500418785717748,-0.0982588950775497,0.12806340314343295,-0.006643497302854761,0.27481225586073815,-0.3759325156917785,-0.5628877256809063,-0.2248967877189735
feature_8,-0.18631541974528723,-0.10961033601485895,-0.4947912063370211,0.33558903302441834,-0.06619279664663826,0.26161469172781837,-0.1295885816248109,-0.35463564471448594,1.0,0.01634103294764967,0.0041300393235015114,-0.3931811878081103,-0.10296628750545406,-0.20008485161479347,0.057476629060147305,0.6715019857278355,0.05725775187468083,0.34066857499461545,0.5504461026807003,-0.11541608404400362,-0.43752533277028266,-0.6064053468827753,-0.16482542430536345,0.2017767301250272,0.13790998150575456,-0.5823491342667468,0.13761299312988248,-0.5209098084230339,0.36705577526964056,0.15379969748660022,-0.29500351044669193,-0.10529308669140262,-0.11067211366319614,-0.11551355306587964,-0.13460905116218766,0.32846962167899313,0.40787693682385473,0.28523899484517884,0.35838050124579596,0.7269472107325369,-0.028771878127560876,0.1012775278402127,0.12977772011877703,0.25421287847521623,0.4057019084456724,0.1547954087505338,0.3472519013459432,0.22789324346038994,-0.10900505328160622,0.5414347614420738,-0.21324080082000146,-0.3849802185773647,-0.009078230439985782,-0.3558255509482973,0.10211166536318697,0.18241545669915296,0.06385518103599111,-0.26236104019898665,0.21985767765972059,0.17968099436336016,-0.4166606650267682,0.058108500397976624,-0.14592043272457347,-0.3412630450450846,0.3164732088173264,0.5224615402848115,-0.05703681764994437,-0.20508955865475118,0.21126268637956946,-0.1725924526657098,-0.0343859198769498,0.10123577413258403,-0.5268933994206506,-0.008775769894495878,-0.05019626416609386,-0.1958302512182528,0.1140649845732452,-0.11026266054998608,-0.07353076720534457,0.03269499099319788,0.2617467296395044,0.5516957344407633,-0.2837001317300436,0.25704957127823913,-0.24111578395306557,0.36530112329078784,-0.05141074359625568,0.26130131133771256,0.32740665951302833,0.37644356748146107,0.08967099649109807,-0.038973591401971874,0.5134322530344658,0.10318644577715615,-0.4364953157183504,0.07925685622236787,-0.0016681207199157452,0.0056199510807169095,0.021046243023089363,0.29298718669024587
feature_9,-0.394048380493959,-0.22202775358768873,-0.06100787402421844,-0.2362476296686237,0.5903384637948319,-0.010010832719515465,-0.2753885648793227,-0.061365632736856655,0.01634103294764967,1.0,-0.059322085172908275,-0.4516181504027529,-0.2593853678378952,-0.2525934042536087,-0.21483192459129827,-0.268294733902409,0.012316031711348907,-0.174318063611668,0.163849008698808,-0.4198126078169598,-0.13052936992384465,0.19335171530807096,0.09775733072004725,-0.3578929318843864,0.0751047523967695,0.17622733070428825,0.03166516826674808,0.44748000713175135,0.03973918026224783,0.4436197208178929,-0.32759028286757935,0.013324097095379411,-0.009347769965498217,0.13047596227802777,-0.3818094624774942,0.05142086142266791,-0.2892240981196167,0.17083936590678175,0.19160098600189235,7.483922964426708e-05,-0.39605267661263543,0.7054913308955891,-0.09445332600195706,0.3563381252780799,0.38628846095191016,-0.29195343852332156,0.2967065532868437,0.23457524982706093,-0.190268116497338,-0.1651602429150409,-0.14220527254975665,-0.20582653559289193,-0.3899739932812115,-0.18736762280726285,-0.2815053096980062,-0.16499255241411423,-0.37421658824497345,-0.5132834564554328,0.3809409987314411,-0.0023425961224814514,0.4768433405509532,0.39195559237857514,-0.14641381494801903,0.20693948888018332,-0.04927528096099514,0.10183106420808376,0.23187188936518424,0.5867471957338204,0.13367663869173943,-0.21042367687589494,0.045197519081415546,-0.01209195336023537,0.1804266578404398,-0.492067336265625,-0.43881694390813,0.059452538549874215,0.36479378667208384,0.21566535305828158,-0.35925284057123497,0.3003381063275469,0.13021097102428972,-0.13290530143608853,-0.3044106023387303,0.3856488903617926,0.4390477247600631,-0.04004356643091839,-0.12759079068658302,0.09704751550673578,-0.5008346645287268,0.393308327964827,-0.033334741870894885,0.6813731591163382,-0.2685014433653276,-0.4179112741440536,0.302725680770345,-0.3613768343343996,-0.6804061224185377,0.13453380949633656,-0.06570004986446415,0.4616251467925145
feature_10,0.3005035595076521,0.40598896029699705,-0.14233911160906662,-0.05677474522259868,0.078585454953008,-0.03364999623366332,0.07410821392670411,0.01377383878472945,0.0041300393235015114,-0.059322085172908275,1.0,-0.1289306286671957,-0.09006113040406785,-0.05119012709945527,0.03724171803617851,0.051730888676625814,0.3633791914721208,0.33644810966511046,-0.24210957188711682,-0.22530993050857298,-0.43346825786315935,-0.14717496551333178,-0.25028544775358846,-0.26628606754618633,-0.3443101170765217,-0.426264713927308,-0.08582072203118281,-0.24874390034935526,0.445365206321857,-0.37043373966193655,0.3362339518696487,-0.08267392214401235,-0.02170689958632992,0.3123362206657887,0.27616174522655096,-0.024015903216666294,0.13879842062559594,-0.17543680371685494,0.013450818875714305,-0.05431738998945051,0.2587502240458291,-0.19874064658574453,0.08379402223640553,-0.018137322093317785,0.18042839086340715,0.4737878259421584,-0.2227726714419202,-0.0694564798311511,-0.04740402425132907,0.365454469289409,0.3435489983743694,-0.017075828586138233,-0.14038449236227613,0.09476016101036021,0.18956099345316751,0.5306996194603423,0.44671741764351225,-0.2265688469691391,0.08356759854069597,0.06779457478418449,-0.2639052742885295,-0.12442914536200488,-0.0139450165824,-0.16008139965661608,0.020737268257099165,0.09598076561032898,0.46077611112094025,0.10083703585592618,-0.19901765352995493,-0.16743700264926642,-0.39517521154115764,-0.06753006620907805,0.1015754891136209,-0.09944081848407751,0.049772588352569876,-0.28517880609408575,-0.47750205304020166,0.1157053076096104,0.15277410159703253,-0.53209533582048,0.028326302512059334,0.30722608032050536,-0.13934496695841742,-0.06276767328507897,-0.08127954522431664,-0.036447100521663826,-0.002421109292576066,-0.234285536313623,0.18608381046151323,-0.08520448303249091,0.4389574385417532,-0.08422099283343039,0.14460952654419307,0.2258376939810952,-0.014527951672955411,0.40245891589167626,0.04156403795831626,0.06310001281219475,0.15403317268991149,0.2481861742477622
feature_11,0.311658513588555,0.11392270545541654,0.3723051351264984,0.21151491553992458,-0.5299766754700707,0.1798322770872471,0.4217653058916634,0.3457408149835903,-0.3931811878081103,-0.4516181504027529,-0.1289306286671957,1.0,-0.10548714807301879,0.5713765499115433,0.42870380964376603,0.03386379007780358,-0.06378838986443708,-0.402700642636089,-0.162563911258572,0.35645912845787964,0.36925589494552036,0.009863579702458884,-0.1454460777871422,-0.11564680647074754,0.1247384974225165,0.2709822047291192,0.2518313089263854,0.05935876316408318,-0.4669017413372986,-0.4348829423459047,0.13704575708926714,-0.17563753724269143,0.2695074463150227,-0.18363571691958766,-0.03939419730853188,0.0994110083483515,0.04944932813531433,-0.13972296510987367,-0.48641091300006584,-0.38249514882243607,0.2829162167599357,-0.5038827918888213,-0.03511808411244114,-0.17115531588087163,-0.3913251685223958,0.053117070831547784,-0.3102481404975387,-0.45728539072775864,-0.07890576838275422,-0.2189054789591962,0.03221846613458316,0.45487875687834983,0.39342068104797795,0.21153892300482405,-0.07870144654962673,-0.17190196853178652,0.3191562530646426,0.5854696329737954,-0.3560142150938686,-0.0962719835423967,0.1183349200333951,-0.19469909309687022,0.15565020100861857,0.04442932668724119,-0.22811471909094627,-0.5304224888237478,-0.17401274234964642,-0.1812206463144631,-0.06873647639919224,0.34698879478957095,-0.006026997103072158,-0.2395951558122562,0.1357808450808571,0.45505072847794414,0.16222147400386036,0.07388932678176043,-0.28672054181981954,-0.07329280330565507,0.16069920843878166,-0.1512206856050944,0.1808011930758725,-0.3277689986958358,0.4067166574114238,-0.39587286130273297,-0.19966759741825524,-0.17191124563628438,-0.13277169398116279,-0.12674357220016444,-0.0875612325700979,-0.30210461726845045,-0.39990510423409636,-0.42880226089926654,-0.13327263212222815,0.013718448554534008,-0.07666246708415772,0.27639638895492225,0.4470423278270067,-0.15123413121147894,-0.1867160352846966,-0.55499075105559
feature_12,0.09913281094809188,-0.1335461745567177,0.050162958471128886,-0.02525590240274462,0.19170960064469253,-0.248828026466566,-0.36403545688066097,-0.4083580565349005,-0.10296628750545406,-0.2593853678378952,-0.09006113040406785,-0.10548714807301879,1.0,-0.18335233232640846,-0.520413859241027,-0.15019080357104472,-0.2427005415136936,0.3431665519382325,-0.165632546293471,0.33044690843504043,-0.005706934036564313,0.3901143842728471,0.42473048435857264,0.48912774791698743,-0.07619244711098207,0.07256312144124737,-0.41878361072075293,-0.08789948434394076,0.15301692276007556,0.31560315285339824,0.009499888886566067,0.33545848919068577,-0.3794203458722382,0.013169098626536403,0.3985532903563688,-0.5714613250280998,0.011263444900229812,0.0057222224150003595,0.16213594548518762,-0.17598040916756702,-0.10069579849878912,-0.15684511575290486,0.0640533563566111,-0.40228553291027463,-0.2621180727989291,-0.1370850236929483,-0.2205005317160195,0.26635102575392133,0.6341046913551698,-0.01789093121100045,0.23229567978914292,-0.13924375234515657,0.0670659404827505,0.07805129846074081,0.05698218285866882,-0.1298665261638696,-0.1566693733169834,-0.06066143609723887,-0.21349169226262515,-0.15785854564876875,-0.2977746140970686,-0.3816882302065292,-0.004556182444893059,-0.08752016658689774,0.28875345372796063,0.3117437500671739,-0.0201816661826438,-0.31062992117663385,-0.0776980208856998,0.09497367807383907,0.08585924367367824,0.011967461273464985,0.02793730138279272,-0.164773486022808,0.20528102386327332,0.021090631301413518,0.08506362720637853,-0.056007698901107704,0.05230699520328351,0.07672088255979728,-0.5936586067940647,-0.08665073283369623,0.10072797965970429,-0.06482103057535528,-0.0954498138989567,0.13364779897608048,0.2483488302702881,-0.00013922221044471994,0.27646408176935516,-0.4061511442144665,0.29313450841483374,-0.1474730502286191,0.12472406892969538,0.19917691353631756,0.09503800702547592,-0.21656321521378108,-0.0199730379954433,0.037141361177118644,0.5085401852405396,-0.15575811076074966
feature_13,0.5245626387086824,0.28368362693773425,0.5418795487758128,0.5783236664060024,-0.5957829320231801,0.5565723505766531,0.5036208532784784,0.34779940179753777,-0.20008485161479347,-0.2525934042536087,-0.05119012709945527,0.5713765499115433,-0.18335233232640846,1.0,0.5173526817397668,0.20433939479577778,-0.3164564349179169,-0.43965409629410396,0.06612430215035632,0.4988236893019122,0.3547275378131236,0.10712128909656006,-0.32364642564185697,-0.14869623706281437,0.27916082589575464,0.14260443349395843,0.34392432192082933,0.03764659717874349,-0.5823429460861561,-0.5380631824067893,0.07919201916696454,-0.46710592077088087,0.10166007884995204,0.014183983163052423,-0.3352978853930448,0.13177043533834995,0.16860962679208802,-0.009842059500314405,-0.3257118788021151,-0.3791383801232685,0.45855286189304917,-0.42380187685874876,-0.023260994889010827,-0.29336652369511257,-0.24292086351883588,0.17601575806919156,-0.3270113301418293,-0.6429622585760747,-0.20916188968654767,-0.2976723686889427,0.06259137586765358,0.3838398195150875,0.24925370730062069,0.01598234696160951,-0.20233934426614011,-0.21626171023233343,0.5837280158225882,0.5244731599446436,-0.6506167230593377,-0.3775344856293413,0.16546233960847628,0.0012723304901906516,-0.057861841456034915,-0.3698604577420564,-0.22574436264794265,-0.5725397382115043,0.04528001228388097,-0.1906865501593242,0.2621156321410533,0.5147819990360833,-0.09952958702089508,-0.42119369469081364,0.07646997362280364,0.5609330718100614,0.012005678036980074,-0.1290987576794198,-0.37236614000258556,-0.23727379642166818,0.18481891397889635,-0.36829931493149404,0.24685100685342842,-0.47338853064526276,0.19277674783325024,-0.2952976127658442,-0.2476523018574478,0.16659280140731902,-0.3740828592096432,-0.1446593105611829,-0.0238373681515124,-0.14432021623827274,-0.5995584752200497,-0.5575848309341553,-0.2565536840206551,0.09409980359479934,-0.22788001804315086,0.4234133128152543,0.43498428298711295,-0.256990374855839,-0.19823488212006046,-0.6465211777935008
feature_14,0.22494574621563118,0.28845707044026975,0.06132939711035917,0.3913512754460791,-0.5438502289587462,0.5004410234007145,0.6167035584668717,0.46492539417900713,0.057476629060147305,-0.21483192459129827,0.03724171803617851,0.42870380964376603,-0.520413859241027,0.5173526817397668,1.0,0.3820402451696986,0.048770062442819714,-0.2695787593410562,0.2322522702895123,0.11852708105442195,0.2431599984105387,-0.2820552460169889,-0.5176452232742106,-0.3948498575747407,-0.05474133254795297,-0.029139902806427715,0.5788087371785565,-0.016895693378415896,-0.296338206205378,-0.6235825813426392,0.1900974714470568,-0.4521000236082072,0.48155115479909943,-0.02141357105962347,-0.34280134813566343,0.33971315132265045,0.3225411023534322,-0.13590390281742606,-0.16368024067777784,0.019542011187520553,0.3849199792085396,-0.36342521330987604,0.24916430792968347,-0.041813624472830976,0.03662025960770264,0.3235517626007183,-0.0016733807535678803,-0.577378835337045,-0.5700097158198478,0.026324071029445915,0.10483743398391154,0.24565632930393583,0.12183551367721815,-0.259920135343271,-0.2846525375208049,-0.01163231323797756,0.5645779772296662,0.4065704092843623,-0.3052588113107665,-0.19537578309744838,0.1532445360088647,0.07291296160034545,-0.22983239691650692,-0.2837750054872082,-0.13400910484855458,-0.39847281527154094,0.11598399207640674,0.0805356227652652,0.18088727267278928,0.31014751149378733,-0.13198217635276563,-0.31453720690888093,-0.17388861437450737,0.37417626307362145,-0.17912003390588163,-0.30290020488939723,-0.23936127428984091,-0.2709354262566308,0.02750400077298869,-0.3039137203335029,0.45197649145970614,-0.11545031859414878,0.07620092401832554,-0.39048885760371055,-0.04085099123924818,0.12492566830208074,-0.39049731469415894,-0.22866278292484152,-0.055002981997238395,0.1267680699172972,-0.35461054594320274,-0.34004654164048786,-0.11167637964729986,-0.11419547742353617,-0.29718464410832834,0.3889723787120854,0.3088755052152252,-0.16728379787984268,-0.40088899411546935,-0.1845922928373329
feature_15,-0.024087006037138918,0.09101596075160805,-0.3618587014411948,0.6085584907803672,-0.40789945860448334,0.43899882074639185,0.14405060432757896,-0.24946170432544942,0.6715019857278355,-0.268294733902409,0.051730888676625814,0.03386379007780358,-0.15019080357104472,0.20433939479577778,0.3820402451696986,1.0,-0.09252041160322577,0.14901173457651606,0.64864021956863,0.10031820603462498,-0.2830807413733718,-0.6615718701005264,-0.37554120973917016,0.10649764977606799,0.2573427993786246,-0.5455193677841934,0.29933775138564633,-0.5957849268404674,0.07921597324919606,-0.12855960510767003,-0.306649758353084,-0.30350710180378654,0.01599556072036958,-0.16078114127492166,-0.2890814446330224,0.43623752685064754,0.6465492571592711,0.25919677160284643,0.14321921710964702,0.5005153406338843,0.3255634096235558,-0.32734516412342685,0.2105040241148962,0.033796105844874136,0.07149626186133495,0.28494936348719935,0.1373708861358762,-0.12801224416257842,-0.1701516339375926,0.5646128090523258,-0.18342003368940807,-0.2349236418138005,0.28919410994581146,-0.39328295805504765,-0.07979718463713509,0.1210468549386508,0.4441791269414685,0.12014971846913186,-0.04691807858742438,0.05892465225796607,-0.4277453669703729,-0.22652090045746764,-0.07819189886895186,-0.5402377055578319,0.24926947211799397,0.36055194803190427,-0.1333216720930932,-0.3584409295093379,0.3579750898127995,0.122844017858569,-0.15590202797301655,-0.05141838905886016,-0.5510858340658963,0.2421184657657665,-0.14365632100956563,-0.3253278462399486,-0.037175744722490446,-0.2798377944779571,0.06660751126637303,-0.1635913779489526,0.39846141299674026,0.3847699420843759,-0.09998172575663714,0.06486884968227648,-0.471746267038282,0.5406895936418216,-0.23707211434229505,0.2960728304298665,0.3458523041038311,0.2348924377316449,-0.17540081194593268,-0.42155569452856845,0.5671393540371195,0.08895077227198978,-0.6813341674484743,0.3745868426870839,0.32016129667003795,-0.1833658426984541,-0.099026057179428,-0.0019815736818545337
feature_16,-0.1274027108118053,-0.18182357757589082,-0.47672244344024384,-0.38199104264630585,0.13529009164804925,-0.1107877536000032,-0.15719830588018768,0.17405400107059504,0.05725775187468083,0.012316031711348907,0.3633791914721208,-0.06378838986443708,-0.2427005415136936,-0.3164564349179169,0.048770062442819714,-0.09252041160322577,1.0,-0.028505061365260504,-0.1944159811601168,-0.3716751902319895,-0.17770525631812661,-0.37879885542827374,-0.09289156231189082,-0.35460469120371074,-0.3447693874893989,-0.24216749824621703,0.07863915036553512,-0.05630769444738983,0.42483198951195655,-0.026822154484901866,0.2596533986118322,0.4439076660931003,0.479662179307532,0.04925338707797755,0.19071285235095886,0.20566001391191932,-0.19776325041149473,-0.09519014454081588,-0.15775545632947016,0.12628126824488595,-0.17299981115208884,0.16865138320414924,0.13468625939679485,0.5259314003333084,0.38459697656044195,0.18006159302004543,-0.0756155118522866,0.12843978155196545,-0.032875996833248475,0.30741850526795067,0.10549273492917625,0.13602884173312008,0.09839992530544135,0.12138391037585006,0.30549479826840986,0.5067161151991546,0.015315125331299468,-0.42028536423589524,0.49640772883826445,0.3194917972604154,-0.11346882397430878,-0.10849378750792674,0.33820174120308755,0.43832340659507946,-0.011277564522382707,0.03863242772877996,0.14673031415504045,0.23717769959972212,-0.6387378518144319,-0.6306316477756304,-0.2559156202898707,-0.036409682666774024,0.33839408890248435,-0.01774897531483251,0.10823925908701909,0.11828476918902549,0.04768768360507201,0.5204530542900784,-0.09782527510553987,0.04476384200421388,0.34563620049204874,0.4785844165410616,0.22297156034691057,0.053780285929010595,0.2921530564549959,-0.4084597054358966,-0.03743221652653197,-0.062482522039089314,-0.22254983442096743,-0.05313080681519077,0.24824437707521688,0.28624421674275186,0.1326894935811268,0.1175071310791248,0.4544771852523169,-0.08752257581864394,-0.2176707679561248,0.19850312678534207,0.016524942210084288,0.34132206185960884
feature_17,-0.046711346073684205,0.2114929370626199,-0.35572225844586464,-0.13540714389075306,0.16824513306418554,-0.30166135119228527,-0.07816438922202999,-0.3772544583141941,0.34066857499461545,-0.174318063611668,0.33644810966511046,-0.402700642636089,0.3431665519382325,-0.43965409629410396,-0.2695787593410562,0.14901173457651606,-0.028505061365260504,1.0,-0.03692376235739368,-0.12195945990991791,-0.4412520357738413,-0.09172942974978346,-0.047670256185390836,0.2744514684065715,-0.40203127721039444,-0.29189744466365763,-0.17715392155826035,-0.30462552706137463,0.601827391078237,0.054066829978581164,0.2014449337826162,-0.0920914742254576,-0.2943134196692382,-0.017729343420115243,0.40530984488299043,-0.3166678853574049,0.2726052860701408,-0.19746351599571058,0.5232173702052051,0.37642268631662207,-0.019368233891736256,-0.2038846222099877,0.26646334231387747,-0.2982070903828595,0.09889348124652232,0.19536870892481548,0.27915004507811186,0.3343775485756423,0.2146123773374426,0.3444036077247892,0.2556954725285016,-0.3995149429406471,-0.3534397937153862,-0.18410136591844342,0.06351079368323602,0.048694406199643055,-0.05969632727079451,-0.128092726449652,0.1480248759853846,0.20171003076167784,-0.3995908366950422,-0.1339582972939745,-0.3385110542394472,-0.2233496826188741,0.39487264556440904,0.6625998330186187,0.21313920695075445,-0.09874153791851571,0.04339009025617362,-0.02283428804730369,0.17003226856901113,0.38991010299942186,-0.5103126789443068,-0.502366434756579,0.04150703654898205,-0.40459638470746384,-0.09153060609285006,-0.3007506444510041,-0.04954018341633826,-0.1428908554826864,-0.4859152765184247,0.36448702088135293,-0.4323200495453747,-0.08500138834686002,-0.081266475586702,0.17231809080092647,0.3583239167390999,-0.17015497020889303,0.5035055741509356,0.11197976194672239,0.7332207668484608,-0.01256584973205425,0.349157801720859,0.13873578974039796,-0.3051473231602409,0.026882125829074146,0.0033036092878460698,0.16913471595122895,0.29433863799108584,0.4603587787935468
feature_18,-0.32846071532262205,-0.24975949451826776,-0.37816156598495765,0.44098348489662853,0.020979693886521454,0.3324344714073809,-0.1034805610503956,-0.3398515317709874,0.5504461026807003,0.163849008698808,-0.24210957188711682,-0.162563911258572,-0.165632546293471,0.06612430215035632,0.2322522702895123,0.64864021956863,-0.1944159811601168,-0.03692376235739368,1.0,0.15928030018010533,-0.2601126034122182,-0.36392923337079197,-0.08594837299125087,0.08279575333488973,0.2770670230109146,-0.2783123265731412,0.2912900696051709,-0.1639664548006385,0.0513317115442756,0.23066523116710394,-0.4666455367027919,-0.06744908769072314,0.03759107814526559,-0.22731896058464193,-0.4926814390638421,0.19957943174415585,0.5202630686568083,0.45108736519403664,0.15175336778035026,0.4344522467552951,-0.1352707425056564,0.014995103517207333,0.24377580245154506,0.14695343073842185,0.22863268478457652,-0.16554908632836854,0.15598912052981267,-0.021787937194930232,-0.014258226651919201,0.34470220658287004,-0.18933536989110247,-0.354679067719314,0.24681842138805096,-0.4965636717891308,-0.3592167752864102,-0.19515050795011857,0.13425201445764945,-0.17002602241561976,0.07724979629162741,-0.11503357723407233,-0.1350847513489788,-0.08720411421248152,-0.1293613936441624,-0.3226579253285892,0.4146605249138966,0.36613756955111293,-0.1654440546262739,0.04247626988303971,0.393421999252201,0.07736185501670383,0.0373578853539454,-0.19565122375569252,-0.3586383364677463,-0.032413181034379235,-0.323644006242162,-0.1040200916534142,0.2712825726086207,-0.11921981826195187,-0.29650687134186166,0.20987355323314855,0.24543960803986625,0.2352224923684778,0.023025877538052086,0.26296752337818036,-0.1979953269606087,0.44894819436017763,-0.3831437920424317,0.24172395040121772,0.011667843620691521,0.18963055124744635,-0.2201343630543027,-0.003568609685963839,0.37731644601546194,-0.2623064349922712,-0.35604800841516543,0.06924493614650125,-0.17439516583587136,-0.007161561917669296,0.04703563514543712,0.12513696753739528
