,feature_0,feature_1,feature_2,feature_3,feature_4,feature_5,feature_6,feature_7,feature_8,feature_9,feature_10,feature_11,feature_12,feature_13,feature_14,feature_15
feature_0,1.0,-0.18675194386138277,-0.026085027843145214,0.3281333279716603,-0.38956808322560094,-0.440537142782359,-0.14629147654615904,0.07904545580444533,0.02226598757630099,-0.03908831808882719,-0.10237674467313967,0.08312236273052112,0.4114582507541035,0.11072892763137498,-0.3202431762330528,-0.5856445604394743
feature_1,-0.18675194386138277,1.0,0.4948694464953151,0.09155127250996153,0.4063256598624858,-0.014148486042045674,-0.30069909023464325,-0.22451540183149038,-0.2932669159386273,-0.07094690507109988,0.2005901819402183,-0.1906220580534291,-0.15003231295930813,-0.12937596669680915,-0.15426378554648784,0.41715427947284106
feature_2,-0.026085027843145214,0.4948694464953151,1.0,0.17205135974450503,0.1967111091942566,0.27863844437280266,-0.53935122103939,-0.10995385389958993,-0.020751622336712707,-0.27273341838335663,0.34815534713224905,0.3579121444156045,0.036980080885865435,0.08287100498874875,0.08133065995585768,0.5437335617393326
feature_3,0.3281333279716603,0.09155127250996153,0.17205135974450503,1.0,-0.2296472607119133,-0.43540791700971476,-0.7090887026898276,0.09039767568928099,-0.2677341125279326,-0.2549697855926937,-0.07244255436145246,0.16338233486477227,0.7167620481321147,-0.28469273273736506,-0.5241399131964778,0.10766879879191836
feature_4,-0.38956808322560094,0.4063256598624858,0.1967111091942566,-0.2296472607119133,1.0,-0.1181746275916582,0.04115604840436131,-0.5000084916517085,0.05596505995819352,-0.12623991848328386,0.28491042214324225,0.06709013906442353,-0.61338932334965,0.3604249116156009,0.46502013146062876,0.24055377125066285
feature_5,-0.440537142782359,-0.014148486042045674,0.27863844437280266,-0.43540791700971476,-0.1181746275916582,1.0,0.3399718480754446,-0.22246472378848434,0.21493224114524126,-0.4570043643617255,0.1096747128307589,0.2668369552976458,-0.3176873681378692,0.053923361713940736,0.29506379640138364,0.2907013730819393
feature_6,-0.14629147654615904,-0.30069909023464325,-0.53935122103939,-0.7090887026898276,0.04115604840436131,0.3399718480754446,1.0,-0.2514947112163681,0.21322102391683237,0.01132896331920834,-0.214817088270706,-0.06297978887147875,-0.5776376369797589,0.23908511525261536,0.2972602433635207,-0.48328943637797384
feature_7,0.07904545580444533,-0.22451540183149038,-0.10995385389958993,0.09039767568928099,-0.5000084916517085,-0.22246472378848434,-0.2514947112163681,1.0,-0.18998769997406373,0.6062481515337506,-0.04790975073810079,-0.11760176406324917,0.43655454571633007,-0.3157749088883342,-0.31390675235926696,0.1713231436870088
feature_8,0.02226598757630099,-0.2932669159386273,-0.020751622336712707,-0.2677341125279326,0.05596505995819352,0.21493224114524126,0.21322102391683237,-0.18998769997406373,1.0,0.07943227361763679,0.04876711562072135,0.10267196190135629,-0.1736698458137512,0.6327350891986493,0.2769085457417789,0.16400656363477797
feature_9,-0.03908831808882719,-0.07094690507109988,-0.27273341838335663,-0.2549697855926937,-0.12623991848328386,-0.4570043643617255,0.01132896331920834,0.6062481515337506,0.07943227361763679,1.0,-0.07173186155471196,-0.585307512418941,0.02997928758011104,-0.06863689614117605,-0.159890738624564,0.08029169275742334
feature_10,-0.10237674467313967,0.2005901819402183,0.34815534713224905,-0.07244255436145246,0.28491042214324225,0.1096747128307589,-0.214817088270706,-0.04790975073810079,0.04876711562072135,-0.07173186155471196,1.0,0.22606190775972512,-0.11030984812144037,0.2278608372863684,0.5833774058131131,0.4088909886955327
feature_11,0.08312236273052112,-0.1906220580534291,0.3579121444156045,0.16338233486477227,0.06709013906442353,0.2668369552976458,-0.06297978887147875,-0.11760176406324917,0.10267196190135629,-0.585307512418941,0.22606190775972512,1.0,0.03254315701791528,0.28254004995468457,0.21705492227275036,-0.03525265142927243
feature_12,0.4114582507541035,-0.15003231295930813,0.036980080885865435,0.7167620481321147,-0.61338932334965,-0.3176873681378692,-0.5776376369797589,0.43655454571633007,-0.1736698458137512,0.02997928758011104,-0.11030984812144037,0.03254315701791528,1.0,-0.34840967000767814,-0.539123649431265,-0.03796077681151293
feature_13,0.11072892763137498,-0.12937596669680915,0.08287100498874875,-0.28469273273736506,0.3604249116156009,0.053923361713940736,0.23908511525261536,-0.3157749088883342,0.6327350891986493,-0.06863689614117605,0.2278608372863684,0.28254004995468457,-0.34840967000767814,1.0,0.407324338969636,-0.005414580053958895
feature_14,-0.3202431762330528,-0.15426378554648784,0.08133065995585768,-0.5241399131964778,0.46502013146062876,0.29506379640138364,0.2972602433635207,-0.31390675235926696,0.2769085457417789,-0.159890738624564,0.5833774058131131,0.21705492227275036,-0.539123649431265,0.407324338969636,1.0,0.13145459806555754
feature_15,-0.5856445604394743,0.41715427947284106,0.5437335617393326,0.10766879879191836,0.24055377125066285,0.2907013730819393,-0.48328943637797384,0.1713231436870088,0.16400656363477797,0.08029169275742334,0.4088909886955327,-0.03525265142927243,-0.03796077681151293,-0.005414580053958895,0.13145459806555754,1.0
