,feature_0,feature_1,feature_2,feature_3,feature_4,feature_5,feature_6,feature_7,feature_8,feature_9,feature_10,feature_11,feature_12,feature_13,feature_14,feature_15
feature_0,1.0,-0.20952546811152678,0.179758055883407,-0.14994960025764295,0.10176456660328466,0.29853031286449194,-0.2944379463514974,0.09031983976449093,0.22929929042216474,0.1841754992180603,0.096073594831207,-0.26494926540812985,-0.17125833042636007,0.03778484104889684,0.0046780612692136556,0.22301259273001803
feature_1,-0.20952546811152678,1.0,0.45267760128435913,-0.5018236102601309,0.09761221743087853,-0.12700116124180863,-0.327326618577907,-0.6342649631729028,0.17222950274466764,0.15649686343144514,-0.005197032671601474,0.583355364225114,0.18027412397418144,0.42023121759237947,-0.5763715580365589,-0.46326814518607073
feature_2,0.179758055883407,0.45267760128435913,1.0,-0.015873367821290788,0.6619899705726896,-0.18590366402537575,-0.28757390011408884,0.06639072063733466,0.5907793429996734,0.551472797143525,0.1306446578537704,0.05993034928487671,-0.11638062051753512,0.792549047765305,-0.6666321983450478,0.19150353779228807
feature_3,-0.14994960025764295,-0.5018236102601309,-0.015873367821290788,1.0,0.06152811408352985,-0.44589359665333905,0.6127595864800233,0.5251513696730636,0.1355146715407059,0.18456140998097081,0.0548936003837037,-0.38282478605694265,-0.4141868540535284,0.017503145101256803,0.2814690170409157,0.601329698931157
feature_4,0.10176456660328466,0.09761221743087853,0.6619899705726896,0.06152811408352985,1.0,-0.19487555863174413,-0.3657086984414059,0.3787150594819233,0.42516645479518245,0.30056894524729855,-0.23138220040318674,-0.058803771424824604,-0.2156354494020136,0.7173913958120413,-0.6039829470957528,0.4510543242166364
feature_5,0.29853031286449194,-0.12700116124180863,-0.18590366402537575,-0.44589359665333905,-0.19487555863174413,1.0,-0.2552253689907798,0.12221483797637414,-0.09266387708201979,0.19903826546470932,0.18221496437230975,-0.12196588720546434,-0.25250496376212084,-0.24544184915281522,0.16846604750026645,-0.24779513280648746
feature_6,-0.2944379463514974,-0.327326618577907,-0.28757390011408884,0.6127595864800233,-0.3657086984414059,-0.2552253689907798,1.0,0.14841784816835002,-0.3076804413319706,0.01921775124117576,0.23239607335232182,-0.14955334100347126,-0.18164882278927907,-0.3615829552685703,0.49462911182226704,0.15952084104292358
feature_7,0.09031983976449093,-0.6342649631729028,0.06639072063733466,0.5251513696730636,0.3787150594819233,0.12221483797637414,0.14841784816835002,1.0,0.0904042713741434,0.1789497306919835,0.12753418080931164,-0.2536089541345727,-0.4168353493488123,0.17855921265733274,0.1595371881605855,0.6188488965571239
feature_8,0.22929929042216474,0.17222950274466764,0.5907793429996734,0.1355146715407059,0.42516645479518245,-0.09266387708201979,-0.3076804413319706,0.0904042713741434,1.0,0.6945891592780679,0.09106739734986366,-0.3648202525535593,-0.16348402282670949,0.6154124664299158,-0.4209997350663687,0.35993581467870084
feature_9,0.1841754992180603,0.15649686343144514,0.551472797143525,0.18456140998097081,0.30056894524729855,0.19903826546470932,0.01921775124117576,0.1789497306919835,0.6945891592780679,1.0,0.34346325585342935,-0.3356069376454401,-0.4575996265461829,0.4351264126662026,-0.278874596758183,0.25290907688973074
feature_10,0.096073594831207,-0.005197032671601474,0.1306446578537704,0.0548936003837037,-0.23138220040318674,0.18221496437230975,0.23239607335232182,0.12753418080931164,0.09106739734986366,0.34346325585342935,1.0,0.040073267856591585,0.00011271808064597963,0.20604973401510251,0.20290363799785796,-0.06867252540751916
feature_11,-0.26494926540812985,0.583355364225114,0.05993034928487671,-0.38282478605694265,-0.058803771424824604,-0.12196588720546434,-0.14955334100347126,-0.2536089541345727,-0.3648202525535593,-0.3356069376454401,0.040073267856591585,1.0,0.1729231798066968,0.2934267923493028,-0.30075476492592046,-0.2573161093639161
feature_12,-0.17125833042636007,0.18027412397418144,-0.11638062051753512,-0.4141868540535284,-0.2156354494020136,-0.25250496376212084,-0.18164882278927907,-0.4168353493488123,-0.16348402282670949,-0.4575996265461829,0.00011271808064597963,0.1729231798066968,1.0,-0.11570504469474267,0.055934296611053064,-0.2955510454997795
feature_13,0.03778484104889684,0.42023121759237947,0.792549047765305,0.017503145101256803,0.7173913958120413,-0.24544184915281522,-0.3615829552685703,0.17855921265733274,0.6154124664299158,0.4351264126662026,0.20604973401510251,0.2934267923493028,-0.11570504469474267,1.0,-0.6064014810789958,0.28364091915904566
feature_14,0.0046780612692136556,-0.5763715580365589,-0.6666321983450478,0.2814690170409157,-0.6039829470957528,0.16846604750026645,0.49462911182226704,0.1595371881605855,-0.4209997350663687,-0.278874596758183,0.20290363799785796,-0.30075476492592046,0.055934296611053064,-0.6064014810789958,1.0,-0.25133177540760127
feature_15,0.22301259273001803,-0.46326814518607073,0.19150353779228807,0.601329698931157,0.4510543242166364,-0.24779513280648746,0.15952084104292358,0.6188488965571239,0.35993581467870084,0.25290907688973074,-0.06867252540751916,-0.2573161093639161,-0.2955510454997795,0.28364091915904566,-0.25133177540760127,1.0
