,feature_0,feature_1,feature_2,feature_3,feature_4,feature_5,feature_6,feature_7,feature_8,feature_9,feature_10,feature_11,feature_12,feature_13,feature_14,feature_15,feature_16,feature_17,feature_18,feature_19,feature_20,feature_21,feature_22,feature_23,feature_24,feature_25,feature_26,feature_27,feature_28,feature_29,feature_30,feature_31,feature_32,feature_33,feature_34,feature_35,feature_36,feature_37,feature_38,feature_39,feature_40,feature_41,feature_42,feature_43,feature_44,feature_45,feature_46,feature_47,feature_48,feature_49,feature_50,feature_51,feature_52,feature_53,feature_54,feature_55,feature_56,feature_57,feature_58,feature_59,feature_60,feature_61,feature_62,feature_63,feature_64,feature_65,feature_66,feature_67,feature_68,feature_69,feature_70,feature_71,feature_72,feature_73,feature_74,feature_75,feature_76,feature_77,feature_78,feature_79,feature_80,feature_81,feature_82,feature_83,feature_84,feature_85,feature_86,feature_87,feature_88,feature_89,feature_90,feature_91,feature_92,feature_93,feature_94,feature_95,feature_96,feature_97,feature_98,feature_99
feature_0,1.0,0.5365339744208519,-0.14242175798496212,-0.34237281441934564,0.20570302230936513,0.4619716657176849,0.1556340719866076,0.15075518793508064,-0.07437476684630356,-0.2032891652896312,0.013529595542878962,-0.10191564768184203,0.008364505578882696,0.07563328767961842,-0.17236759201123442,0.22341800197003292,-0.44453082571668606,0.2721134465997342,0.1349092503038327,-0.31816753208932813,0.21201634104580505,0.2720114325113333,-0.07777730858443446,-0.332195465777192,0.16223168042760786,-0.03045972477983772,-0.439440784850664,-0.3748128945016932,0.4053022086635171,0.2561277660340163,-0.3013790089062658,0.10137510311512705,-0.1428918379164579,0.03436311701007727,0.020512629208711775,0.07337049215334399,0.0896957432297587,0.10620228026197788,0.02487342577243448,0.1349730367134371,-0.15744319478695332,-0.05330521244399077,-0.2638785924155215,-0.35141109761499967,-0.4483453731337148,-0.18396178742206293,-0.45208085520939006,-0.16738685851276858,0.16996383518755803,-0.1598911721176011,0.022012359682857602,-0.279916035743317,0.25408535304003427,-0.04003221220475865,-0.13687893628222086,0.032009763093302813,-0.06241007607653138,-0.058138431439581834,0.22333901567913583,-0.10274723938090094,-0.4179206626006512,0.4023523669087015,-0.29095433936355164,0.12730457970667206,-0.15473187448837472,0.11670453415042903,-0.4064916163904825,-0.30872176190678774,0.3585165373121953,0.21105028039332271,0.10614314691578763,0.011690914918423388,0.3941968594164718,0.22008800154548824,-0.12341131645141047,0.07728561603645714,0.31872256130011867,0.5962685477592373,-0.06655151908365023,-0.027854725490048908,0.00027566096241772326,-0.20445956138523225,0.28266667794469874,0.060853579214701504,0.525089608206194,0.3269541173487185,-0.0987442342478093,0.07091765764971879,-0.27811572947279467,-0.3107835254201479,-0.5039466605933683,-0.33635713369539094,0.3556314494444867,0.00658542173187734,0.26408680375873644,0.26399897223152274,0.32969529122804886,-0.1429594561059909,-0.12796587740039705,0.23245418262449735
feature_1,0.5365339744208519,1.0,0.07331174952165181,-0.3001333974873284,0.2476473579410303,0.38958896658511166,-0.08470936018660608,-0.010696514346715482,0.006788044135751002,-0.14202738632568412,-0.3555549860562353,-0.3522678347418088,-0.08159516044164712,0.12420638525019666,-0.5704889195987283,0.45107221378003326,-0.33152366961336033,0.2383803147779219,0.2555398723566943,-0.4397946231870166,-0.12305586545481616,0.12872578540813512,-0.21903505786325853,-0.5911750037802562,0.3381769722290842,-0.2011605152505939,-0.5819714037502625,-0.3592682869808566,0.27338252098024707,0.47319899156824324,-0.23457197054929935,0.05945693694084476,-0.32573315310032175,-0.2803376537380891,0.36722610332527317,-0.35807814422874384,0.03252993603510953,-0.2248611736981244,-0.23188971861012628,0.24873751286610868,-0.06905680867375404,0.013627669552301599,0.2121003983963115,-0.3999657127572455,-0.031617201217803856,-0.27158438524538125,-0.4141558750401077,0.10548394455157356,0.5303598770483963,-0.08881734335488067,-0.3017837742711905,-0.5178892350079387,0.026246900980297545,0.09062899113704509,-0.3253154237816654,-0.22935194440124004,-0.10705890706356014,-0.12985125379792947,0.25969001404206055,0.05761534512305696,-0.28916129566953336,0.47880527382722093,-0.3442783320161321,0.33461780342266395,-0.31986656634262683,-0.08338883320792334,-0.1029549483558124,-0.40087443836328823,0.13101689942361772,0.4874789807534196,0.025540074032659833,-0.36629994956387896,0.2761036127865693,0.24625620446661503,-0.15158868510868448,0.11454133196327464,0.2935726059614252,0.562618182850516,0.4451422769356987,0.1441991824715667,0.2364410414700325,-0.3565780954144276,0.09273503865735155,0.04305345676514668,0.4285249765745831,0.2470390013055402,0.1704316249726238,-0.03708695240998468,-0.0009688743530650207,-0.4589220718812388,-0.4977822599923623,-0.175264304581138,0.4249225967341962,0.06481837169597915,0.5687480208591665,0.4219614985831907,0.4306423009212867,-0.13050336939452295,0.09296048412203206,0.5115086746170215
feature_2,-0.14242175798496212,0.07331174952165181,1.0,0.14676439336697222,-0.025584775343782985,0.06215653738370845,-0.49671543813088015,-0.05741356640070491,0.005945629726771312,0.14709523044731335,-0.5901265843534637,-0.028659528307400244,-0.00937350980731309,0.15978322533285882,-0.2476072312087372,0.5078814872780701,-0.03875232721523183,-0.0009013873172650885,-0.10970288681090312,-0.264945705484396,-0.39926453877766527,-0.3454261305352523,-0.17976155222942017,-0.3911458205971869,0.10151958251323734,-0.4506507588777523,0.09823104190888195,0.17786981843966343,-0.11849278045704624,0.4532128634283975,-0.22581464523504258,0.16221533541012811,-0.5287563090335662,-0.37775469576396054,0.32756022041362204,-0.4185711746881606,0.24451966779701764,-0.6271284004405555,-0.18497699019402455,0.1250894130343459,0.4560870308624337,0.09251796338416696,0.32851789834554845,-0.25939708552225266,0.16336916103969346,-0.087264410538959,0.022091951001699642,-0.13801738875634878,0.38077404119994085,0.24378982254025944,-0.17299513371083566,0.050324744412565375,-0.36043694699700674,0.5064027684242304,-0.06602674068297644,-0.12757566870394196,0.13445747839144934,-0.06088662419904349,-0.09288097656481006,0.04503655941114001,0.45666470107204477,-0.06698831811131918,-0.2557239787172638,0.30339419573591786,0.24418117809837223,-0.45726830301622484,0.47130529628547946,-0.4009022039326129,-0.0028234615165455817,-0.10432481021813671,-0.1466517649032382,-0.55987217067677,0.06432599851318323,-0.01803691045913388,0.1344065457143523,0.1363603852933996,0.05046862067461846,-0.09804160708042738,0.44171740605809356,0.46891568058884336,0.5203848024816857,0.01883245915534897,-0.28545636644532674,0.3531222985883398,-0.061621231709169534,-0.3511865687976609,0.09215801603361941,-0.32733663391493173,0.2903542168775609,-0.23505405889681474,0.3217697883237551,-0.29892502780210056,0.3073885772562198,-0.013133589438091283,0.2894550425516784,-0.0655627807165886,0.0005279431690126405,0.04465957249648268,0.43489717113251014,-0.02158633578247109
feature_3,-0.34237281441934564,-0.3001333974873284,0.14676439336697222,1.0,-0.02557802613796717,-0.0974259327763325,-0.18799960127314297,-0.35717003483584814,0.22809295683007183,0.470879800091236,0.13746193000022766,0.067279756570705,0.19358513041666597,-0.4114863651541706,0.1600002954163229,0.09748738070003293,-0.0024990734300552996,-0.031049418388105248,0.0978120538729713,0.4074976957007268,-0.289810733319834,0.11155361899236503,-0.08001805145211839,0.04724892320230207,-0.44571398333950707,-0.3107322423660773,0.17100461441684406,0.24760936716624046,0.015062347818516692,-0.1762583055390555,-0.0283958645478539,0.060451092608168604,0.16012489997033316,-0.007703869167013826,0.08601303855154371,0.26596597808570027,-0.11949305793292649,-0.054233070707047776,-0.291290842602855,-0.252529112193186,-0.10567968012661545,0.11062389587181647,-0.0012943676582233248,-0.12913806045012952,0.12387529762120619,0.07255092917458206,0.5760253951250803,-0.3814570297156904,-0.21789647497767745,0.12185554104884545,-0.4177621440065367,0.5143123382980577,-0.018883264383521593,0.26498636630069616,0.4479592160887543,-0.21443354352941696,-0.17551798985759248,0.3228241330871624,-0.2739958152885213,0.09102528310495575,0.1678962622844699,-0.2799396043054554,0.158777940992578,-0.07034498418295561,0.5552754315188421,-0.2812112390078898,0.1578807119284662,0.2982867483365664,0.10735617102147774,-0.2630165128487293,0.1071283064137893,-0.07052726980850424,-0.2362538243741438,-0.14924202502358253,0.22897020033847698,-0.16771020291736446,-0.07562336673096837,-0.18221120758831105,-0.0014599920761152576,0.4643978365309811,0.0062979302133929415,0.4109358156800764,-0.37463111013220063,0.04275830364316081,-0.0655732359321599,-0.41729036704884626,0.42177249212118123,-0.018200249475555968,0.1991925289260497,-0.30767613300224805,0.29166292765264373,-0.12145917814605227,0.39728185677349626,0.02025468775711187,-0.1317158177777335,-0.3312036073936645,-0.4800567862567442,0.1298356406672592,-0.09361951805269426,-0.3242970296847198
feature_4,0.20570302230936513,0.2476473579410303,-0.025584775343782985,-0.02557802613796717,1.0,0.5432263676318454,0.03159300492198416,0.40266736612127235,-0.43824042943360014,0.17235636781040856,0.2600175698904514,-0.5898392331707477,-0.429596961485527,-0.3598820907521336,-0.2915543716246799,0.2211948003413216,-0.1001715152322826,0.2256584241402218,0.17922312128277304,0.17405725759562307,-0.09853860257170687,0.30283585695204196,-0.26661742009004,-0.10210792873665837,-0.15973861305827838,-0.08250077504135721,-0.2929791508254125,-0.296897931349511,0.05590621083896188,-0.03462717355125698,-0.3812376242303505,0.08672889235952481,0.3305369253067842,0.13212619123316305,0.1982819702174022,0.29449162028285686,0.11844331198821179,0.08732017281408132,-0.19635166400478224,0.27301976190878174,-0.41590120851788326,-0.006653214817567972,0.08498651180475449,0.21764629242425995,-0.10610055418103284,-0.45280272922144144,-0.20329896024667235,-0.1550352426824674,0.0696103163046414,0.11704117277487133,-0.2760287103676229,-0.14499483637365068,-0.08049241501621901,-0.004532703809374154,-0.4280405809421984,0.1377695531371447,-0.27764691576807504,0.3941198491361121,0.4426289003874485,0.2797156662299252,0.056088319489213716,0.1564748257205235,0.1862410978725236,-0.39538382488316215,-0.022169512859928932,-0.3288788629254257,-0.013005485919985493,-0.3582632860753022,-0.01895785518088712,0.33563979105689934,-0.27481682147576847,-0.07307159186871587,0.32456332220204404,0.36690060009961994,0.09342520193936653,-0.01343012368298036,-0.4642058330763826,0.312008676564404,-0.19174799803985323,0.025302859113749136,0.19790872729195702,-0.6336813512946521,-0.17770912850791015,-0.38831747468621847,-0.10752893271885657,0.06413306240691485,0.08958233614233169,-0.4686036326387866,-0.3629776255290669,-0.0475482481091278,-0.18677841252349545,0.09457755400339668,0.2222007897141343,-0.5626849887988312,0.5065059117922461,-0.28795322775053384,-0.017383429568369708,0.0334072819990015,-0.26212272183720187,-0.06046188156839447
feature_5,0.4619716657176849,0.38958896658511166,0.06215653738370845,-0.0974259327763325,0.5432263676318454,1.0,0.07321387089916839,0.3731793572026409,-0.35514892742648996,0.05680154386499932,0.10734213617105626,-0.05916135733025491,-0.15561910406458376,-0.030721829304536468,-0.27890818350092517,0.10362555921386717,-0.581255410331009,0.01973928537429487,0.2912168690978428,0.02796410251928427,-0.24726802602236397,0.28151622505105106,-0.12252667218357433,-0.11774592983142698,0.09789436161026988,-0.27025909770268974,-0.44555319099635454,-0.13692423464790374,0.35558758705629445,0.08668969037564328,-0.4855538861831792,0.10987572920402393,-0.028893885619955272,0.2510503027877685,0.15432275577240898,0.24605832775661352,0.15518247882596523,-0.00925957405765075,-0.12811325419808917,0.3824718951272677,-0.03093918836351566,0.18585802832290277,-0.011062753245210973,-0.28713890362733024,-0.16812420582316676,-0.19466388878862975,-0.47808703621762016,-0.004696443573507926,0.16487501030948565,-0.2572061991419343,-0.2764183210901131,-0.17345670263097865,0.14049641473500118,-0.06916957026333613,-0.2840355265459739,0.0730074987346071,0.0006679980848363598,-0.031617421865969685,0.21783239750833178,0.41760558500010936,-0.12845410304557428,0.22156595562616427,-0.08886605123162533,-0.07058545830913576,-0.014900053365280688,-0.06465713300010292,-0.17207695277263702,-0.35916838953926,0.27235035068806157,0.120809839879203,0.06923068218413286,-0.1743080773812709,0.6218133815631269,0.5200217591717368,0.2007554535179323,-0.050472013955831334,-0.05716418579638449,0.4206314941875097,0.001167581828582946,0.0017590921209997756,0.1926941645873964,-0.23320480240900165,-0.1382143054524401,-0.11394314222006573,0.17089662799356725,0.0668714947377487,0.02517199810599951,-0.38200821964028625,-0.4431418328337746,-0.44115847531477204,-0.2686075355371742,-0.09111717817565286,0.3880432840775893,-0.5044312793145176,0.6049982136281878,-0.19893638563894903,-0.1320223194779785,-0.163666457836479,-0.15095160430011056,0.11099500040154847
feature_6,0.1556340719866076,-0.08470936018660608,-0.49671543813088015,-0.18799960127314297,0.03159300492198416,0.07321387089916839,1.0,-0.21720625427092644,0.019997788710496515,-0.27589831289776057,0.43017134653976685,0.13009416487284836,0.4410716564411868,0.043594060752206634,0.32230409044286257,-0.5931751249160815,0.0029996017887216164,-0.1680581027529125,0.13186380297530695,0.4367362157469098,0.6570581679691805,0.19583863190631745,-0.004228502774105414,0.4166457536180657,-0.048704216492157185,0.28537235503426966,0.019766040415635244,-0.07875638657216455,0.051548965153777264,-0.43401766912777945,-0.01862874695899653,-0.19543424451030827,0.5027220105138082,0.2114651295502212,-0.009939615171005698,0.30591842107102424,-0.5765017996192093,0.4870972021649422,0.4878120526894103,-0.4623387340278142,-0.12621521945956046,-0.025646385972196078,-0.09493073077596252,0.16245863747003025,-0.21906727363218853,-0.1270569895056926,-0.05194525475654873,0.12568947119388604,-0.10331937953372143,0.04242093294137339,0.066978164909468,-0.10545341453038411,0.6725964633981281,-0.4358965666361187,0.42410159333833314,-0.2434006686694528,0.28076409618531273,0.32952554897167324,-0.0791075101518971,-0.09606962583554585,-0.32610812011359475,0.3540178293162188,0.24422069370331376,-0.22926923311290986,-0.14784623563690233,0.6016130442923395,-0.03714579597007435,0.4091337269930968,0.4374190749593797,0.127384676864007,-0.1355027041160611,0.2898476353544083,-0.2527853666992392,-0.3299583904305578,-0.615604849343478,-0.31429819853256685,-0.03863762974618359,-0.01015432013371198,-0.38354230459080935,-0.2301062631802486,-0.16529385265525368,-0.14354307996782187,0.37080634152140024,0.021069066835438705,0.10000905697487217,0.4607221900766024,-0.24064035147733287,0.09632800194545861,-0.04970210007311112,0.19754929105846292,-0.027441093513577253,0.09255630364861031,-0.03904036925053533,0.03999595334637349,-0.19047737930857858,0.0658632404803223,0.19129598513925652,0.0013938502212038932,-0.2664628767195528,0.08776343628260709
feature_7,0.15075518793508064,-0.010696514346715482,-0.05741356640070491,-0.35717003483584814,0.40266736612127235,0.3731793572026409,-0.21720625427092644,1.0,-0.5107993993421514,-0.09777482664869178,0.15585796431787713,-0.0737615732353975,-0.6563965916735294,-0.01311640757275972,-0.019085720235452307,0.06945066079353286,-0.18188962591504618,0.1818600107161442,-0.21220196912145264,-0.22516288951810817,-0.2146493270641001,0.05035004825820833,0.21081293256082945,0.016664022732717595,-0.14316139382091775,-0.15144775801349927,-0.18623408551377413,-0.27108457989363505,-0.021094188905900303,-0.03261915123156725,-0.2029131770700145,0.07676400013095501,-0.11105701299150857,0.524984441956592,-0.20426256722403244,0.14942742883266458,0.5995033103801686,0.07050263327572368,-0.3310526316651409,0.7864253935999566,-0.09513896499101507,-0.07925439507493898,-0.2241803158194348,0.23092246504329972,-0.2818942075454408,-0.18099899886600557,-0.5103412177711636,-0.08778473895970107,-0.07262613163798345,-0.19299972301130305,0.17934499075926574,-0.21355909748152627,-0.33017372682026236,-0.2128364318764707,-0.6241419126874511,0.7393419240689496,-0.16144772140496258,-0.18966809133495333,0.5485326106003153,0.197883932486056,0.0764585181182758,-0.17660383168642815,-0.11341599282269721,-0.510793642418631,0.0645791222327715,-0.36819297900506764,-0.4551730953562366,-0.40632567109773304,-0.23490957652406527,-0.060763846370635526,0.13715153054782972,0.12269449802299957,0.7252177842830938,0.48832222798545866,0.4046140720847031,0.4099451179166328,-0.2706037918948085,0.33234381074950864,-0.10221939480564488,-0.27553105763774727,-0.1084924080150482,-0.3223841092315404,0.022832326438605503,-0.3153706054465057,-0.2708048970023951,-0.016001190902515287,-0.2233821734006717,-0.32468250970399554,-0.5724538657929149,0.15858788658588863,-0.29652835510121967,0.2274673909039244,-0.2241923898405054,-0.5863284971445322,0.3368714312053572,-0.17124508204272343,-0.04588414418031221,0.030498620156193187,-0.04190224782574737,-0.14632021779422738
feature_8,-0.07437476684630356,0.006788044135751002,0.005945629726771312,0.22809295683007183,-0.43824042943360014,-0.35514892742648996,0.019997788710496515,-0.5107993993421514,1.0,-0.059338582769120116,0.016762999332919495,0.1539252664441727,0.2989911473999235,-0.1896478409497742,0.24067205376359835,0.014074648983169116,-0.12762469012450742,-0.1953875004091478,0.0797389827360608,-0.18223610410415952,0.07782868178056557,-0.26039468461642595,-0.12302828957696534,-0.1836129869230119,-0.10958252059430053,-0.23531626304766307,-0.08363311976048489,-0.05458995101033392,0.24636285879507341,0.22035161082641283,0.23282293534871398,-0.18183257640393222,-0.026418705837547213,-0.22109485852399996,-0.11738476696456875,-0.16079272177782764,-0.1763662835854948,0.10103019412467772,-0.1028661500905129,-0.330947582369879,-0.06330053363240977,0.3784186387977137,-0.06589569433547263,-0.43451713407450626,0.101617449644736,0.13482797926636203,0.3955232326251602,-0.0037838542360369505,-0.0845426896410451,-0.17925580013887926,-0.2872723892971039,0.193196212538634,0.1683685127035207,-0.11628012080846045,0.44514967235840924,-0.3061668906609231,0.05800198620514308,0.1507541849485737,-0.32217541402006056,-0.2648208953710751,-0.2414408789130653,0.01758168936162509,0.0018008542509318248,0.41311169278596943,-0.10940928942018624,0.21079081428345953,0.061674584742715956,0.5315374095149317,0.18563610334757163,0.11482627353780443,0.21077339413783286,-0.07850685291880455,-0.3320935270572003,-0.3504474184841808,-0.2812762679850079,-0.13655033626376112,0.5115878267551333,0.011398284195871605,0.1189569544612183,0.028704982006063973,-0.34424141732234254,0.5278686486791839,-0.011069691586402178,0.36754852127452103,0.2550286868970205,0.00011827709676773826,0.29989181860608194,0.4649192856623947,0.58847365448227,-0.03610937801130409,0.10143992381814357,-0.2957769189735236,0.06944494356741644,0.5604279030701238,-0.12556012399313596,0.0917767547547153,0.048673593727866796,0.1563365559706128,0.2366425941039847,0.2719907094838437
feature_9,-0.2032891652896312,-0.14202738632568412,0.14709523044731335,0.470879800091236,0.17235636781040856,0.05680154386499932,-0.27589831289776057,-0.09777482664869178,-0.059338582769120116,1.0,-0.027906054982864425,-0.07172391150455226,0.019471042209815898,-0.07138528031706798,-0.18258361909570367,0.06609989181428905,0.04022053805677177,-0.19691598791851647,0.45498813966442536,0.39734887452791373,-0.33135260692142443,0.28296806130047103,0.11078123940446032,-0.14670040304274934,0.04512630472049138,-0.018737485233721794,-0.06880215541720514,0.3165057106812642,-0.0773910970214948,-0.021161482699790835,0.0012481718753699605,0.5116436032390966,-0.00446658905609435,-0.02539191397672652,0.2977133829203973,0.1505364169699783,0.2504898150412702,-0.374539204397349,-0.04665068942393565,-0.04619905260047501,0.06027439263637514,-0.05225789168340296,0.44533326066637274,-0.08217232121301594,0.5110280861157692,0.2124975578635308,0.06904580082816676,0.1763214664118743,0.061641460605256215,0.2163529032385119,-0.21972359703366307,0.5107924831531142,0.09940101005783847,0.49719566544664384,0.02248664399354496,-0.08791463810625837,0.22277138839252186,0.0012341431824460796,-0.3943147946078115,0.6596815449893064,0.5775828937862739,-0.24583399461272648,-0.05810882452467418,0.08176503839355827,0.38258843655223584,-0.26902347307467955,0.3155420781227464,0.06289082583211071,-0.21394902877900623,-0.30758373854281845,0.16494717671790823,-0.3299335504443067,-0.003679318596761239,0.33614038055422335,0.37867378501068255,-0.4877750230447317,-0.05128626805131734,-0.2969878818306641,-0.04747030523437839,0.25093204640805516,0.21682338765685608,0.10161657320689613,-0.7677991024495535,0.04053322929565895,-0.5532480394236665,-0.17460208161798485,0.5119029500117701,-0.4082188798673297,-0.12111027099245368,-0.0522577421000909,0.3664304673198538,-0.09818381673480107,0.11477973172402074,-0.4734580175179203,-0.10392298507403434,-0.26443889300753437,-0.5058389281522983,-0.49958730995230466,-0.36517030394211647,-0.47887814252340694
feature_10,0.013529595542878962,-0.3555549860562353,-0.5901265843534637,0.13746193000022766,0.2600175698904514,0.10734213617105626,0.43017134653976685,0.15585796431787713,0.016762999332919495,-0.027906054982864425,1.0,0.04388062161001428,0.030446627549921345,-0.4516522322424034,0.6110045763805336,-0.38950132175544816,-0.07213245414418185,0.07691088578286331,0.007572075083610941,0.5183739130891223,0.3291646075043575,0.23883675964404613,0.0962147260923786,0.49924655414979224,-0.4139072515430795,0.09266350900578162,-0.06210888000974032,-0.32609527379635045,0.35494604418337367,-0.5658136661104346,0.13604490427188948,-0.09389990056606008,0.8116300305446146,0.49825164486608287,-0.5088973517970028,0.6867682468876816,-0.18006468387548014,0.8083666485995581,0.031971610222200623,-0.1697150805403904,-0.46742582731275273,0.16552656454026027,-0.4438300393961592,0.3193380246082347,-0.4184447801166738,-0.16924133223769122,0.28702307730614157,-0.1865997224327098,-0.6718090006160534,-0.29548540993292666,0.019710880886292918,0.25316305870067385,0.2669600703959462,-0.5199473926023727,0.21897794490903957,0.2998761192660471,-0.193643037383712,0.4409454744011716,0.12143417822659146,-0.011709248453286195,-0.3187423540428004,-0.05321212612473828,0.6354836646472293,-0.4236891038142357,-0.03934735378444164,0.2922674083566579,-0.3447613911040581,0.566211947170531,0.19551303550621588,0.013040355002649747,0.18611462997815081,0.565655224048042,-0.0037961795906238673,-0.1252708642357296,-0.04486492815804829,-0.0978690257352492,-0.30453859741569766,0.13161833263076303,-0.7791144134899236,-0.15852802851405107,-0.5226621439158649,0.14526685345247115,0.18959062472711694,-0.22733248215891988,-0.08421113464511867,0.016645731997776362,-0.10004510815018655,0.03641985290253082,-0.23836858100290875,0.29954516445453616,-0.002895607967531667,0.1852993215844202,-0.18498592964109745,-0.12797145054088302,-0.24413830732342462,-0.4162941851243723,-0.2232120607472317,0.18451324915616235,-0.557266515756034,-0.33969572187635316
feature_11,-0.10191564768184203,-0.3522678347418088,-0.028659528307400244,0.067279756570705,-0.5898392331707477,-0.05916135733025491,0.13009416487284836,-0.0737615732353975,0.1539252664441727,-0.07172391150455226,0.04388062161001428,1.0,0.28317788336545935,0.33142182724862634,0.43895925295619037,-0.45814422001432287,-0.15428142265746467,-0.4958098281939154,-0.14743007857325718,0.1270959487813297,0.022362234145172615,-0.33646876569289785,0.31570310455454004,0.40243123200305203,0.14419970330678117,0.0454073036979448,0.18380005110031242,0.38286580152301436,-0.04073144045110218,-0.08716574553449033,-0.055066973851883756,-0.14427236157018833,-0.21846312216633618,0.2411897106175397,-0.3485261289330051,0.09750338022345668,0.02367613983428463,0.025391979657671822,0.1809318308498797,-0.07627777017061345,0.43840989000718406,0.273565399569769,-0.16911419286042126,-0.2743766835931784,-0.05285779499872808,0.23335554033492947,-0.036957122008078915,0.19250724846455086,-0.09536092405674931,-0.2939123814838146,0.2787256304691266,0.2845674167721854,0.28650851198623295,-0.2348517672593941,0.49998956278883927,-0.03349257054855705,0.3786275388842065,-0.12170999714492096,-0.5553192976056933,0.003558874391472577,-0.07120830289430836,-0.11143460960737987,-0.07337436734192633,0.07388989009048487,0.19134624488664007,0.3160662697015521,-0.1768443810350075,0.3572053078117742,0.30049693208108175,-0.3767933883163784,0.36633792990792474,0.05970184682061064,0.05946691695084863,-0.08093517326734088,0.10934996273251045,0.0010706245921485427,0.3092250242635892,-0.2964296514948154,0.0194116942497704,-0.04426143496056047,-0.030768522182201906,0.5096583073621618,0.019208256722894286,0.2566591026227737,0.01084001578992507,0.00872567363011162,-0.32652671407941675,0.24205906037262576,-0.07342312146874565,0.012016538621672705,0.13544624482637926,0.007857413527921216,-0.09290260270814185,0.1727761083435597,-0.28224743028092697,-0.14973762843795999,-0.2830004788723102,-0.002455864686955472,0.08000115725031277,-0.036437614696034695
feature_12,0.008364505578882696,-0.08159516044164712,-0.00937350980731309,0.19358513041666597,-0.429596961485527,-0.15561910406458376,0.4410716564411868,-0.6563965916735294,0.2989911473999235,0.019471042209815898,0.030446627549921345,0.28317788336545935,1.0,0.2701923242812163,0.1725327935776277,-0.2741208759115924,0.019901065380675646,-0.12126787803364944,0.24166280529680761,0.38131632777324886,0.4227533955174942,0.027773723615966993,0.0005539248706007084,0.08481257782968232,0.17765290814663173,0.10642697412335063,0.10536990249062002,0.25761182928614335,0.20517126529189983,-0.11036314286729673,0.2057607029515928,0.11374316616621592,0.1628931311056393,-0.19157411056811205,0.16429847160038527,-0.05998091458613582,-0.5577864212000894,0.03681516489204642,0.4640488354565472,-0.6575817521930126,0.33783079268653765,-0.022780641191044948,0.11690995620274838,-0.16099809076203309,0.07724881553337426,0.15047217154418419,0.3151768096554142,0.08211896128347243,0.021452192312575044,0.1400374871357606,-0.08071295680941089,0.25528349456103805,0.6211691675653938,0.17936110441634964,0.6709723971327348,-0.5975362644456448,0.31214920032777216,0.07036082396638565,-0.5395804865518213,-0.04081205188457576,-0.050756540171323854,0.3865515718979993,0.02186953456066826,0.3441045228120912,0.13632521858594937,0.3864377195073479,0.29878940170576745,0.42930399477946507,0.457219717143373,-0.028695632631079524,0.11567843753055881,-0.160118788867136,-0.5289304425811054,-0.5456696370950118,-0.5490664783211653,-0.4419723307614236,0.41523484544277645,-0.2263740405939247,-0.030729033760368858,0.25968318530970835,0.07839266627843007,0.3008831397889542,0.10769476718276251,0.570102810179936,0.18960014838949404,0.11869815034609338,0.008287244071231365,0.0030101184646682422,0.3474201569525493,-0.1556111866772711,0.1283787524470388,-0.25591359932215785,0.17996567401974448,0.2980352057949263,-0.47688952096541315,0.2743828665080922,0.13379353662094737,-0.16185285849563927,-0.1464717028656926,-0.07377815021195665
feature_13,0.07563328767961842,0.12420638525019666,0.15978322533285882,-0.4114863651541706,-0.3598820907521336,-0.030721829304536468,0.043594060752206634,-0.01311640757275972,-0.1896478409497742,-0.07138528031706798,-0.4516522322424034,0.33142182724862634,0.2701923242812163,1.0,-0.2000452082949816,-0.08835483510934782,-0.0010744960177000076,-0.29542788376174006,-0.04739978576561342,-0.14094950887067148,0.08286359904644944,-0.26212227181586695,0.2836622344637341,-0.12037858789509384,0.5434247371048179,0.1333049051968503,-0.11025250986203022,0.30816564134743374,-0.13396345012617816,0.2506920910482216,-0.053901459272605,0.09315482566456651,-0.42144699337753455,-0.3094177495173359,0.25798874843694003,-0.49412424401840044,0.03850352471543665,-0.3750745968367871,0.2881141918244044,0.13333940729566038,0.6340836302770427,-0.19612368325199458,0.38418571425756515,-0.12226615322972437,0.26680835589231233,0.13181516253455505,-0.33022739328754486,0.5023749291175795,0.4862609767691521,-0.06763184254035333,0.19266229012497846,-0.12378451369196504,0.17534551323546152,0.13035574379707068,-0.03592957678896784,-0.25214334034233143,0.45470935898593584,-0.37372963435816003,-0.31146343870143073,0.1698444619798233,0.18382320856640905,0.24451102164005617,-0.24476540272278016,0.356750681750965,-0.030720563882336675,-0.005240694020057092,0.1401572849286599,-0.14242808805139137,0.13906537709119837,-0.05559736062350458,0.18469815231408307,-0.38203836546569236,0.026639510926904583,-0.05880417436608299,-0.15487676523021643,0.04807792363758791,0.40066069444624347,-0.18000429807894577,0.31652152770064085,-0.0074629513006673025,0.37020907223557203,-0.006491958021013505,0.058731998659564605,0.19091542812802437,-0.07349665266271031,0.24402531590276974,-0.23742571396368192,-0.22580378504168136,-0.06587907626606039,-0.05486127584784757,-0.17157416688716237,-0.10460234410311169,-0.11351750820231264,0.016431783301687274,-0.13972130827750148,0.4477098340719817,0.2894339486724038,-0.18251229977324077,0.1320872899679152,0.16021212453354491
feature_14,-0.17236759201123442,-0.5704889195987283,-0.2476072312087372,0.1600002954163229,-0.2915543716246799,-0.27890818350092517,0.32230409044286257,-0.019085720235452307,0.24067205376359835,-0.18258361909570367,0.6110045763805336,0.43895925295619037,0.1725327935776277,-0.2000452082949816,1.0,-0.4340017570652314,-0.005681291375590784,-0.12832719099808282,-0.28109416630335604,0.3171393294600863,0.295069428598527,-0.20110982067007577,0.34044728762628135,0.5896746406637703,-0.3628515147830994,-0.02130273022253316,0.2778084894338662,-0.18821817881846128,0.011664755833665344,-0.3690836527593211,0.18793014366877012,-0.2794883106257861,0.4346541107787852,0.38903095030961865,-0.5435157905401347,0.303040524402518,-0.2193600013685604,0.5124039322647419,0.023164215330426948,-0.2456298799460064,-0.05985035352576803,0.15060278073626088,-0.35369570285832574,0.2195041115591874,-0.4145854369279254,-0.12919219288300748,0.3400758527137887,-0.20154985964032646,-0.4657860976254523,-0.25839376893624216,0.24378408884935282,0.2120904798716662,0.14339844591189485,-0.5229505883212516,0.47678247035668164,0.27550473944721354,0.03694801518544711,0.33201497950783687,-0.13002195856157714,-0.23998248013307627,-0.20481057697459845,-0.1312877569230338,0.4078486366819465,-0.24949345470446432,0.08512123994138088,0.3254874408165228,-0.25017225222954054,0.6746786369540274,0.24915519571873282,-0.26685435651528316,0.30216166725775206,0.4468183657690691,-0.20804451814718902,-0.44314466538773717,-0.11555038810143545,0.11617194441683186,-0.1450046762496948,-0.11884519789808473,-0.5221290092996038,-0.0056106998648795,-0.4129815754468903,0.4369086611057318,0.3054027053329466,0.030239272497456365,-0.11297637188011952,-0.07373979019011893,-0.200511595901706,0.263078942583863,-0.04676400582772827,0.4960185996628458,0.2870878418836554,0.2301475830349678,-0.24406510209048404,0.25567900056617193,-0.42954730643419003,-0.19468933142080327,-0.05263750663525607,0.3020366147926385,-0.2027269012354373,-0.28422763447558813
feature_15,0.22341800197003292,0.45107221378003326,0.5078814872780701,0.09748738070003293,0.2211948003413216,0.10362555921386717,-0.5931751249160815,0.06945066079353286,0.014074648983169116,0.06609989181428905,-0.38950132175544816,-0.45814422001432287,-0.2741208759115924,-0.08835483510934782,-0.4340017570652314,1.0,-0.2290695175488585,0.4534393226622107,-0.036711220991851985,-0.47155695066843883,-0.29408276721222426,0.08966033496360931,-0.37546394918376885,-0.7311578623144718,-0.13425142146090865,-0.47581069805200604,-0.3579466376604553,-0.17416897306500695,0.2785155524776838,0.35010877254035283,-0.04254839173895303,0.23672400515942296,-0.3575017021086721,-0.36890377054276213,0.29424617069696835,-0.2779874203471643,0.24840196965213227,-0.31914335057325705,-0.47332850896668555,0.2633138309298953,-0.10081268698163055,-0.031786310032863446,0.07393147704011338,-0.294967601609003,-0.0634977445563582,-0.0688960481712617,0.03779357742921353,-0.29691785380122426,0.16859323340597276,0.06873182287383298,-0.35638042738890063,-0.07314131390232051,-0.4498676762143792,0.4589881933764296,-0.34345722667631734,0.013818770351157899,-0.3532491158653416,-0.07994432182062743,0.3506541875615879,-0.06145826486801484,-0.008483608763985847,-0.04978100725927586,-0.19475472665250332,0.23877277915789466,0.11328374461332545,-0.5441062389761526,0.08331020501068026,-0.47877762638735116,-0.1054782857774347,0.13646070136204508,0.005915964213696337,-0.3153627163804343,0.18871603933099293,0.13424586889865273,0.2860191136163129,0.22010149758004452,0.14064519550313906,0.3958890047000657,0.3283016753530547,0.44634006885429117,0.1400674957815357,-0.07545839777262259,-0.04757945034972471,0.028782167186805797,0.26291778615357975,-0.25104719068325576,0.376217126264685,-0.14331664748923661,0.18538277301845568,-0.433773815689755,-0.21154903766158017,-0.363117050396907,0.3900153005433359,-0.006191472505478189,0.4054371593149407,0.08584320181973483,0.10258428363282315,0.026984936167988784,0.1371283978598352,0.13790885596025698
feature_16,-0.44453082571668606,-0.33152366961336033,-0.03875232721523183,-0.0024990734300552996,-0.1001715152322826,-0.581255410331009,0.0029996017887216164,-0.18188962591504618,-0.12762469012450742,0.04022053805677177,-0.07213245414418185,-0.15428142265746467,0.019901065380675646,-0.0010744960177000076,-0.005681291375590784,-0.2290695175488585,1.0,-0.010359995906160019,-0.1410351353780596,0.1943019008893655,0.23451493786197844,-0.2056480994857329,-0.057816407454360175,0.2789465564206078,0.14254241911711316,0.5867812528114008,0.5526582489045396,0.1469572183164837,-0.5719753691778943,-0.07047345932135239,0.30033992648002494,-0.059354507297406,0.15231372358435671,-0.19295548340524585,-0.14269268820182185,-0.09578386576298344,-0.02620315207823283,-0.01729767458146492,0.26086771226882655,-0.2961090150268006,0.005039464819252886,-0.5042714057886946,0.007665069200999457,0.6007966792669512,0.24251656193478638,-0.024063960362515666,0.20463914682391246,0.020370782126788452,-0.04271246587186431,0.5272939015157061,0.3757360505307122,-0.013085011859198773,-0.244015878696252,0.08885345634746418,0.05969904091863631,-0.11911439283568508,-0.10218631831290433,0.07045755807892487,-0.06508427799615579,-0.2717452226316926,0.397993515895173,-0.08601170040399873,0.21991338100603847,-0.11630896048033168,-0.0926899117269461,-0.03779002535316405,0.3995843239664377,0.04324954768029051,-0.3018908687239226,-0.03004724207317537,-0.5380710030695547,0.131336982060209,-0.3954417553802269,-0.32874432737142306,-0.2223729265147715,0.0625716667334866,-0.3302322453379018,-0.4210566341757532,-0.07551842418277056,-0.127901633420208,0.15133372173410412,-0.18759319013208883,-0.029008487292158183,-0.05371631570456083,-0.3283708863250194,-0.18533324317397437,-0.37319435915947174,0.11107633376762434,0.2742424125323908,0.3677528582262184,0.3066604959010663,0.20872026029083302,-0.43400981878486555,0.18355226075716682,-0.41485406944480596,0.026965025469042746,0.03084197662262105,0.19722100538450218,0.19183729095534108,-0.3191551867739406
feature_17,0.2721134465997342,0.2383803147779219,-0.0009013873172650885,-0.031049418388105248,0.2256584241402218,0.01973928537429487,-0.1680581027529125,0.1818600107161442,-0.1953875004091478,-0.19691598791851647,0.07691088578286331,-0.4958098281939154,-0.12126787803364944,-0.29542788376174006,-0.12832719099808282,0.4534393226622107,-0.010359995906160019,1.0,-0.08330724735195304,-0.16233578018278524,0.17456669351683562,0.4581278686435289,-0.2041589173474714,-0.32249900367015866,-0.3389896975597389,-0.06992641187735368,-0.12831474778868973,-0.39834072500893913,0.34249859801153276,-0.17409959025038976,0.1989855498377728,0.35400679066241447,0.14892078307244513,0.07227349033820317,0.08943768813732123,0.17416901401396556,-0.05106247529704246,0.23256631938814945,-0.162806621742007,0.022554904723054117,-0.424061896070458,-0.30081041022129523,-0.3278804655866752,0.20790583379383304,-0.5057876181178453,-0.16168712965338722,0.0841431018554867,-0.5508283910542425,-0.29290300663620544,0.2463299604036132,0.04770045942863145,-0.0755373179387092,-0.2112925825022121,0.25485299041686515,-0.3140408501255997,0.3008090366394025,-0.48750046751405873,-0.13136992992416768,0.5854908531921493,-0.2338978308785584,-0.23944015259741835,0.03534197479126508,-0.041609562729373425,-0.1960845237314107,0.11396330424590045,-0.10210272200134683,-0.2274306293155891,-0.3175799726076029,-0.21401839650800916,0.12380001484585029,-0.023206001379027643,0.24892347446137286,0.058755411005328155,-0.04624208548741944,0.08797221905007234,0.2252824695355896,-0.18711462389013786,0.4666109490829576,-0.17373571735540605,0.23717218896450776,-0.17454089698513917,-0.24247803723057368,0.4664826490824768,0.014714606438364275,0.20990149563938357,-0.016007678561500205,0.09134397466668703,-0.047283844879534805,-0.03286004483906191,-0.10203613385769346,-0.2707439504003074,-0.07402097263106676,0.16337419229194677,-0.08015918492232445,0.004528804206816607,0.1354033798224295,0.2623721373787268,-0.06511123891978998,-0.2400536902338182,-0.21812224111515524
feature_18,0.1349092503038327,0.2555398723566943,-0.10970288681090312,0.0978120538729713,0.17922312128277304,0.2912168690978428,0.13186380297530695,-0.21220196912145264,0.0797389827360608,0.45498813966442536,0.007572075083610941,-0.14743007857325718,0.24166280529680761,-0.04739978576561342,-0.28109416630335604,-0.036711220991851985,-0.1410351353780596,-0.08330724735195304,1.0,0.27599793079505425,-0.09701361105457876,0.41562180864426934,-0.145089860321558,-0.13245144981064622,0.23380447969325527,0.08368543123711226,-0.28986906786776556,0.10267177353657284,0.19319181968163332,0.04657397657323124,0.005517131908703816,0.2320388490786701,0.0933614655678188,0.06859036994374226,0.32878280384833997,0.06482220667975472,-0.09787970956861664,-0.1273816767984593,0.11165721722121869,-0.1558969709467418,-0.07581949854375412,0.03411154072992204,0.29093924505995333,-0.285456727190204,0.372430200315511,0.19206061043064696,-0.19687783799212355,0.3276202956064953,0.14085391682171405,0.11157737538299578,-0.2853146462551229,0.1267320399933092,0.3913900618471575,0.19831469636184718,-0.0050877408394594936,-0.30901810234541166,0.205774395439815,-0.13250196887363586,-0.231684959948075,0.5602685685584947,0.07956003957479128,0.1941915253940877,-0.12285538311395582,0.1351230422005989,-0.049514102776239466,0.19280011057979132,0.2092997861762826,0.07694274255266394,0.03557490746089393,0.07685815229221647,0.09120478571163955,-0.2484840797944051,0.04396510553373951,0.27515768924585227,-0.04739252196563029,-0.5382031784360081,0.13439633320737038,0.03720277901929018,0.0989203926431264,-0.004443864538928727,0.12735585564153573,-0.028615806247486088,-0.3870293531327905,0.13190789729434763,-0.027488307484794416,0.15708492735789792,0.3580519537840853,-0.17605509478838732,-0.10216076570566024,-0.2584393486650763,0.08035124083525773,-0.025327287548940338,0.10692460084212521,-0.2551864041943605,0.09027177062925451,-0.02161828234411806,-0.1860307572387753,-0.5145928135650669,-0.22994627925633354,0.01948245048055008
