,feature_0,feature_1,feature_2,feature_3,feature_4,feature_5,feature_6,feature_7,feature_8,feature_9,feature_10,feature_11,feature_12,feature_13,feature_14,feature_15
feature_0,1.0,0.48968311873458586,0.15916424241004445,0.04729002579982131,0.2473113824322598,0.2181908214875779,-0.2512046255915567,-0.14988752510113773,-0.21515119574938832,0.11800052769461941,0.2915779630672695,0.544553409667813,-0.630878536321474,-0.49182332292450004,0.2617510654591013,-0.022792903757128342
feature_1,0.48968311873458586,1.0,0.022285801290377168,-0.496661781309123,-0.03884612136260413,-0.27251449116388476,-0.7516387837451247,-0.2281203219831082,-0.022451753796932115,0.46304814455912985,0.49588177124419786,0.3993765237755006,-0.5337037683402481,0.1337606076271187,-0.24891879362776725,-0.10258101812615475
feature_2,0.15916424241004445,0.022285801290377168,1.0,-0.17967873276033902,0.6701085655105823,0.6619621768017853,-0.23955503594467595,-0.6088651005049895,-0.6404825866814549,-0.2665429083892287,0.06894276850447481,0.13486628330508077,-0.5646299946901931,0.03910362271313827,0.7525294612844551,0.7181630453263259
feature_3,0.04729002579982131,-0.496661781309123,-0.17967873276033902,1.0,0.1023407175482245,0.16656429121765728,0.5545949390106906,0.5474036404259419,0.24500841602176657,-0.25169370805044866,-0.6555301610799198,-0.3726344587855062,0.27883339137334784,-0.3257591847364926,0.26228741644448755,-0.09149074203027494
feature_4,0.2473113824322598,-0.03884612136260413,0.6701085655105823,0.1023407175482245,1.0,0.3679875411751949,0.003810732929665254,-0.1585664080748065,-0.33237636118012914,-0.1352690426469371,-0.2073384667049534,0.16956094312883307,-0.2559234591384795,-0.2507027797894201,0.7810709004485364,0.7094696513074632
feature_5,0.2181908214875779,-0.27251449116388476,0.6619621768017853,0.16656429121765728,0.3679875411751949,1.0,0.06341401402460495,-0.33831689418439814,-0.834337822896611,-0.27558422188918097,-0.02621572312766893,0.05273970447891632,-0.41326432153498577,-0.1947460746976541,0.6600066414672794,0.3784059225503039
feature_6,-0.2512046255915567,-0.7516387837451247,-0.23955503594467595,0.5545949390106906,0.003810732929665254,0.06341401402460495,1.0,0.4295197569279652,0.293047988368578,-0.18445768977114427,-0.37359648735305323,-0.11204075704046246,0.5767855142767466,-0.23400069561901313,0.07324473594547791,-0.08402690120081514
feature_7,-0.14988752510113773,-0.2281203219831082,-0.6088651005049895,0.5474036404259419,-0.1585664080748065,-0.33831689418439814,0.4295197569279652,1.0,0.5624305568928862,0.13871246996892217,-0.35171650604144683,-0.2641007668138054,0.7024699402016208,-0.14524190633535994,-0.23257317985245993,-0.18747186854075035
feature_8,-0.21515119574938832,-0.022451753796932115,-0.6404825866814549,0.24500841602176657,-0.33237636118012914,-0.834337822896611,0.293047988368578,0.5624305568928862,1.0,0.12897125850606478,-0.25246783356772917,-0.20802070677126466,0.4892094551047449,0.10135179804545334,-0.5831264089465428,-0.35903566040677126
feature_9,0.11800052769461941,0.46304814455912985,-0.2665429083892287,-0.25169370805044866,-0.1352690426469371,-0.27558422188918097,-0.18445768977114427,0.13871246996892217,0.12897125850606478,1.0,0.39224235213082326,0.4745676950119461,0.017514354136430026,0.1022291589237053,-0.4768137356253902,-0.3054229426894853
feature_10,0.2915779630672695,0.49588177124419786,0.06894276850447481,-0.6555301610799198,-0.2073384667049534,-0.02621572312766893,-0.37359648735305323,-0.35171650604144683,-0.25246783356772917,0.39224235213082326,1.0,0.6395292334449313,-0.36528050995084527,0.024104143006670315,-0.20434623135014643,-0.12231806143915866
feature_11,0.544553409667813,0.3993765237755006,0.13486628330508077,-0.3726344587855062,0.16956094312883307,0.05273970447891632,-0.11204075704046246,-0.2641007668138054,-0.20802070677126466,0.4745676950119461,0.6395292334449313,1.0,-0.42589164168282406,-0.439064276217767,-0.012575829304266817,0.016375112885249062
feature_12,-0.630878536321474,-0.5337037683402481,-0.5646299946901931,0.27883339137334784,-0.2559234591384795,-0.41326432153498577,0.5767855142767466,0.7024699402016208,0.4892094551047449,0.017514354136430026,-0.36528050995084527,-0.42589164168282406,1.0,0.06272404911684767,-0.30938863109417397,-0.24054564622055008
feature_13,-0.49182332292450004,0.1337606076271187,0.03910362271313827,-0.3257591847364926,-0.2507027797894201,-0.1947460746976541,-0.23400069561901313,-0.14524190633535994,0.10135179804545334,0.1022291589237053,0.024104143006670315,-0.439064276217767,0.06272404911684767,1.0,-0.26439935930120656,-0.046917487730267875
feature_14,0.2617510654591013,-0.24891879362776725,0.7525294612844551,0.26228741644448755,0.7810709004485364,0.6600066414672794,0.07324473594547791,-0.23257317985245993,-0.5831264089465428,-0.4768137356253902,-0.20434623135014643,-0.012575829304266817,-0.30938863109417397,-0.26439935930120656,1.0,0.7454018628609979
feature_15,-0.022792903757128342,-0.10258101812615475,0.7181630453263259,-0.09149074203027494,0.7094696513074632,0.3784059225503039,-0.08402690120081514,-0.18747186854075035,-0.35903566040677126,-0.3054229426894853,-0.12231806143915866,0.016375112885249062,-0.24054564622055008,-0.046917487730267875,0.7454018628609979,1.0
