,embedded_0,embedded_1,embedded_2,embedded_3,embedded_4,embedded_5,embedded_6,embedded_7,embedded_8,embedded_9,embedded_10,embedded_11,embedded_12,embedded_13,embedded_14,embedded_15
embedded_0,,,,,,,,,,,,,,,,
embedded_1,,1.0,0.940632056952547,-0.9820356873226176,-0.9148032177800359,0.9725797738116613,,,0.49415547978492946,,0.3679752590568327,-0.8955801456023119,0.96249495288895,-0.9347041067250632,0.8905963682608822,0.9380347618644408
embedded_2,,0.940632056952547,1.0,-0.960963050488506,-0.9798402536467514,0.9132223726036082,,,0.3870394087016873,,0.4853452564552262,-0.9593753367758059,0.9899703348456724,-0.9639737605021148,0.9319777094562787,0.9826968059677096
embedded_3,,-0.9820356873226176,-0.960963050488506,1.0,0.9087000030983436,-0.9746405228949335,,,-0.5031903542444166,,-0.28385663394419425,0.8779555561958958,-0.9577245662090135,0.9090547275184846,-0.8526873847845509,-0.9279694508856926
embedded_4,,-0.9148032177800359,-0.9798402536467514,0.9087000030983436,1.0,-0.860292944438651,,,-0.35369094622629194,,-0.6436737521856196,0.9958361263609828,-0.9885595244981372,0.9929506853782207,-0.9833732031228452,-0.994116412309651
embedded_5,,0.9725797738116613,0.9132223726036082,-0.9746405228949335,-0.860292944438651,1.0,,,0.488554833672616,,0.23294355731874233,-0.8284035098784633,0.9260111905553758,-0.8714814051836455,0.8126052183154757,0.8886779131772876
embedded_6,,,,,,,,,,,,,,,,
embedded_7,,,,,,,,,,,,,,,,
embedded_8,,0.49415547978492946,0.3870394087016873,-0.5031903542444166,-0.35369094622629194,0.488554833672616,,,1.0,,-0.004856867685946779,-0.3462585246892684,0.4067257994901134,-0.38406030377891653,0.3397934604470161,0.37626265570233236
embedded_9,,,,,,,,,,,,,,,,
embedded_10,,0.3679752590568327,0.4853452564552262,-0.28385663394419425,-0.6436737521856196,0.23294355731874233,,,-0.004856867685946779,,1.0,-0.7022097640489872,0.5399183918372488,-0.656048659798382,0.7410639557463076,0.6085438296395582
embedded_11,,-0.8955801456023119,-0.9593753367758059,0.8779555561958958,0.9958361263609828,-0.8284035098784633,,,-0.3462585246892684,,-0.7022097640489872,1.0,-0.9761340934844448,0.9939084557577764,-0.9935703163249053,-0.986807146434045
embedded_12,,0.96249495288895,0.9899703348456724,-0.9577245662090135,-0.9885595244981372,0.9260111905553758,,,0.4067257994901134,,0.5399183918372488,-0.9761340934844448,1.0,-0.9876671852772941,0.962949638512207,0.9936205447747053
embedded_13,,-0.9347041067250632,-0.9639737605021148,0.9090547275184846,0.9929506853782207,-0.8714814051836455,,,-0.38406030377891653,,-0.656048659798382,0.9939084557577764,-0.9876671852772941,1.0,-0.9926995038218752,-0.9925714162010484
embedded_14,,0.8905963682608822,0.9319777094562787,-0.8526873847845509,-0.9833732031228452,0.8126052183154757,,,0.3397934604470161,,0.7410639557463076,-0.9935703163249053,0.962949638512207,-0.9926995038218752,1.0,0.9780373996452837
embedded_15,,0.9380347618644408,0.9826968059677096,-0.9279694508856926,-0.994116412309651,0.8886779131772876,,,0.37626265570233236,,0.6085438296395582,-0.986807146434045,0.9936205447747053,-0.9925714162010484,0.9780373996452837,1.0
