,embedded_0,embedded_1,embedded_2,embedded_3,embedded_4,embedded_5,embedded_6,embedded_7,embedded_8,embedded_9,embedded_10,embedded_11,embedded_12,embedded_13,embedded_14,embedded_15
embedded_0,,,,,,,,,,,,,,,,
embedded_1,,1.0,,,-0.9998006630195065,0.9963483252459359,0.9999803635188476,,0.9990437031952026,-0.9747366992316143,0.9999739953187556,-0.9995074315732444,-0.9996413656811063,0.9963426420158068,-0.797941719959754,0.9989849382907986
embedded_2,,,,,,,,,,,,,,,,
embedded_3,,,,,,,,,,,,,,,,
embedded_4,,-0.9998006630195065,,,1.0,-0.9944522045887902,-0.9999061459050645,,-0.9979718472299782,0.9790016904836176,-0.9996322073594116,0.9999347785420999,0.9999586975823465,-0.9944442679918821,0.8092001968849466,-0.9978866550766112
embedded_5,,0.9963483252459359,,,-0.9944522045887902,1.0,0.9957961934925968,,0.9991094282012413,-0.9521928390338028,0.9969319764185285,-0.9931893932607876,-0.9938155813645986,0.9999992837724356,-0.7474588922698288,0.9991634527555834
embedded_6,,0.9999803635188476,,,-0.9999061459050645,0.9957961934925968,1.0,,0.9987501129213434,-0.9761172864640597,0.9999097123538891,-0.9996844699086059,-0.9997836220046027,0.9957898433381522,-0.8015204307034126,0.9986830540849782
embedded_7,,,,,,,,,,,,,,,,
embedded_8,,0.9990437031952026,,,-0.9979718472299782,0.9991094282012413,0.9987501129213434,,1.0,-0.964039758166841,0.9993284992548654,-0.9971797679954945,-0.9975596838780016,0.9991078305487444,-0.7720110778472201,0.9999991169270777
embedded_9,,-0.9747366992316143,,,0.9790016904836176,-0.9521928390338028,-0.9761172864640597,,-0.964039758166841,1.0,-0.9731200680618803,0.9812660102109725,0.9801548635520404,-0.9521639047720906,0.9058595915473152,-0.963686842959775
embedded_10,,0.9999739953187556,,,-0.9996322073594116,0.9969319764185285,0.9999097123538891,,0.9993284992548654,-0.9731200680618803,1.0,-0.999257606635343,-0.999425908018203,0.9969278854542701,-0.7940187134453678,0.9992792405542796
embedded_11,,-0.9995074315732444,,,0.9999347785420999,-0.9931893932607876,-0.9996844699086059,,-0.9971797679954945,0.9812660102109725,-0.999257606635343,1.0,0.9999604786554808,-0.9931802524806355,0.815506695919666,-0.9970794796505734
embedded_12,,-0.9996413656811063,,,0.9999586975823465,-0.9938155813645986,-0.9997836220046027,,-0.9975596838780016,0.9801548635520404,-0.999425908018203,0.9999604786554808,1.0,-0.9937987636559168,0.8120577220528297,-0.9974663289216326
embedded_13,,0.9963426420158068,,,-0.9944442679918821,0.9999992837724356,0.9957898433381522,,0.9991078305487444,-0.9521639047720906,0.9969278854542701,-0.9931802524806355,-0.9937987636559168,1.0,-0.7474462434986744,0.9991620636344969
embedded_14,,-0.797941719959754,,,0.8092001968849466,-0.7474588922698288,-0.8015204307034126,,-0.7720110778472201,0.9058595915473152,-0.7940187134453678,0.815506695919666,0.8120577220528297,-0.7474462434986744,1.0,-0.7712131168193801
embedded_15,,0.9989849382907986,,,-0.9978866550766112,0.9991634527555834,0.9986830540849782,,0.9999991169270777,-0.963686842959775,0.9992792405542796,-0.9970794796505734,-0.9974663289216326,0.9991620636344969,-0.7712131168193801,1.0
