,feature_0,feature_1,feature_2,feature_3,feature_4,feature_5,feature_6,feature_7,feature_8,feature_9,feature_10,feature_11,feature_12,feature_13,feature_14,feature_15
feature_0,1.0,-0.6230314010824762,0.16336501069650472,0.30514547738523,0.33395192346341673,0.08541537550938186,-0.6345482827430854,0.3104028014056557,0.1917111533008969,-0.5027283818282214,-0.438670372029306,0.34066099337676203,-0.588589377105654,-0.4576183466415918,0.6408440537534231,-0.6896211843013647
feature_1,-0.6230314010824762,1.0,-0.25392299652060746,0.24727314262213174,-0.4694797447671806,-0.6575977577267581,0.223779920239608,-0.03923565965998067,0.35758076626266183,0.7701688973387848,0.591776410663038,0.004838263572894815,0.49723422023387337,-0.05200436253440155,-0.38294016680519477,0.1673055756096739
feature_2,0.16336501069650472,-0.25392299652060746,1.0,-0.24606780128079123,0.3865348328660569,0.3727855820286401,0.023870701645180823,0.04444545514662518,-0.05634495722159482,-0.17625281756754027,0.0906881650656257,-0.03594948093062595,-0.4863124064389858,0.07074192817375385,0.009298204789492823,-0.30547619843045387
feature_3,0.30514547738523,0.24727314262213174,-0.24606780128079123,1.0,-0.4344017267867638,-0.38427816220234895,-0.2711196084721215,0.1308588912525786,0.2751597142779732,0.07823844340479617,-0.3000635806941637,0.23961317288381526,0.050482049879627795,-0.2401376900843311,0.2042420893466497,-0.3340232648344741
feature_4,0.33395192346341673,-0.4694797447671806,0.3865348328660569,-0.4344017267867638,1.0,0.4678157326969626,-0.1287316211304516,-0.1284354191726322,-0.28372812182494356,-0.3216598664411593,-0.01881792650392709,-0.18050330651751553,-0.45025626730724966,-0.17420000330572474,0.11618148219787681,-0.34674976858171797
feature_5,0.08541537550938186,-0.6575977577267581,0.3727855820286401,-0.38427816220234895,0.4678157326969626,1.0,0.3015012984195111,-0.5346081787555413,-0.4356619046752774,-0.6281292135514922,-0.36424923452760194,-0.4011965496076294,-0.1419100245749507,0.285040148830481,0.03682351771308336,0.2778761716533879
feature_6,-0.6345482827430854,0.223779920239608,0.023870701645180823,-0.2711196084721215,-0.1287316211304516,0.3015012984195111,1.0,-0.4758161287517288,-0.2562527329378948,0.04910293302086784,0.18067048245196188,-0.5560212524294277,0.3263561693171005,0.4630022855227631,-0.4388161189894826,0.5701143729817394
feature_7,0.3104028014056557,-0.03923565965998067,0.04444545514662518,0.1308588912525786,-0.1284354191726322,-0.5346081787555413,-0.4758161287517288,1.0,0.16894042565071568,0.28816487102338784,0.2275378533733496,0.49017401077058126,-0.2843381099415494,-0.07271332291777895,0.30199696190694203,-0.5045584330384975
feature_8,0.1917111533008969,0.35758076626266183,-0.05634495722159482,0.2751597142779732,-0.28372812182494356,-0.4356619046752774,-0.2562527329378948,0.16894042565071568,1.0,0.29799149098542466,0.1891793452360623,0.2995164848329748,0.03853862067659855,-0.5632023442839473,0.19712963294808666,-0.26575047193046497
feature_9,-0.5027283818282214,0.7701688973387848,-0.17625281756754027,0.07823844340479617,-0.3216598664411593,-0.6281292135514922,0.04910293302086784,0.28816487102338784,0.29799149098542466,1.0,0.8264849126343191,0.36831059406548433,0.44000723850757456,-0.1360772950811907,-0.24431185828978705,0.02902223488909063
feature_10,-0.438670372029306,0.591776410663038,0.0906881650656257,-0.3000635806941637,-0.01881792650392709,-0.36424923452760194,0.18067048245196188,0.2275378533733496,0.1891793452360623,0.8264849126343191,1.0,0.13765000754720041,0.1961056310867414,-0.16163195206227912,-0.28629364099974564,-0.07142163752922384
feature_11,0.34066099337676203,0.004838263572894815,-0.03594948093062595,0.23961317288381526,-0.18050330651751553,-0.4011965496076294,-0.5560212524294277,0.49017401077058126,0.2995164848329748,0.36831059406548433,0.13765000754720041,1.0,0.20798819255013604,-0.15433646915931448,0.47127022459451334,-0.32486941695508864
feature_12,-0.588589377105654,0.49723422023387337,-0.4863124064389858,0.050482049879627795,-0.45025626730724966,-0.1419100245749507,0.3263561693171005,-0.2843381099415494,0.03853862067659855,0.44000723850757456,0.1961056310867414,0.20798819255013604,1.0,0.2340286026176082,-0.08276120474424867,0.5853658881704681
feature_13,-0.4576183466415918,-0.05200436253440155,0.07074192817375385,-0.2401376900843311,-0.17420000330572474,0.285040148830481,0.4630022855227631,-0.07271332291777895,-0.5632023442839473,-0.1360772950811907,-0.16163195206227912,-0.15433646915931448,0.2340286026176082,1.0,-0.1068265607877078,0.5431984789335723
feature_14,0.6408440537534231,-0.38294016680519477,0.009298204789492823,0.2042420893466497,0.11618148219787681,0.03682351771308336,-0.4388161189894826,0.30199696190694203,0.19712963294808666,-0.24431185828978705,-0.28629364099974564,0.47127022459451334,-0.08276120474424867,-0.1068265607877078,1.0,-0.35172697732949626
feature_15,-0.6896211843013647,0.1673055756096739,-0.30547619843045387,-0.3340232648344741,-0.34674976858171797,0.2778761716533879,0.5701143729817394,-0.5045584330384975,-0.26575047193046497,0.02902223488909063,-0.07142163752922384,-0.32486941695508864,0.5853658881704681,0.5431984789335723,-0.35172697732949626,1.0
