,feature_0,feature_1,feature_2,feature_3,feature_4,feature_5,feature_6,feature_7,feature_8,feature_9,feature_10,feature_11,feature_12,feature_13,feature_14,feature_15
feature_0,1.0,-0.2936248887724397,0.2953563224364681,-0.035988410900244544,0.3354857512412482,0.3077997119269694,-0.02729623797102208,0.46202313603236334,-0.0969692503051012,0.3339904490854341,-0.03795465329193319,0.35633927217970285,0.27939939592196855,-0.2711149877894493,-0.11311619215823654,-0.27338468822557815
feature_1,-0.2936248887724397,1.0,0.36884675934591293,-0.22249317595201196,-0.32683961619574836,-0.25344731891627986,-0.06525993102155958,-0.24735212977277155,-0.0356675268750945,-0.4690850318962721,-0.06549789426979995,-0.24212871812785697,-0.09535379543778466,0.008006739635978845,-0.35594864636929546,-0.15775433269114375
feature_2,0.2953563224364681,0.36884675934591293,1.0,-0.07715648385853738,0.43961734790991225,-0.11182891140645383,-0.03288150428007916,-0.01239405874770544,-0.2760376570215793,0.014678090772621565,-0.21571190296297219,0.30265731851581157,-0.056439470579525176,-0.21209885663784067,-0.4552772115249827,-0.1291734296215194
feature_3,-0.035988410900244544,-0.22249317595201196,-0.07715648385853738,1.0,-0.16652612267602615,0.3074355632507742,0.183079874752763,0.11382745297653402,-0.22451593158893662,0.01319371207044707,-0.11609900384872467,-0.021980298444432327,-0.1917032151002506,-0.25720890175106154,0.02495372727703125,-0.439953816557906
feature_4,0.3354857512412482,-0.32683961619574836,0.43961734790991225,-0.16652612267602615,1.0,-0.014649386560689514,0.015896728201472882,0.30233823767595247,0.21466225874149447,0.47678698067705233,0.05824339413629904,0.4259475031287221,0.16136026926172756,-0.29990674811650125,-0.21988570614934855,0.12709294688354425
feature_5,0.3077997119269694,-0.25344731891627986,-0.11182891140645383,0.3074355632507742,-0.014649386560689514,1.0,0.07751282947308787,0.361911011922973,-0.06306725882889733,0.431686523667344,-0.14405058282706332,0.10084417160141533,0.17221274420570595,0.38430113428678336,-0.19353615572237753,-0.3852616650036622
feature_6,-0.02729623797102208,-0.06525993102155958,-0.03288150428007916,0.183079874752763,0.015896728201472882,0.07751282947308787,1.0,-0.19643489069934597,0.20355644971803613,0.05727790906152965,-0.5365281884508565,-0.5309801235170677,0.30108707777707566,0.2863238639742148,-0.5245340941755987,-0.07995666170892539
feature_7,0.46202313603236334,-0.24735212977277155,-0.01239405874770544,0.11382745297653402,0.30233823767595247,0.361911011922973,-0.19643489069934597,1.0,0.3008391727097356,0.6267605255101677,0.3598330510231095,0.12111081169161007,0.10045392302183555,-0.3404383708541949,0.0693111899332899,-0.20782076562243149
feature_8,-0.0969692503051012,-0.0356675268750945,-0.2760376570215793,-0.22451593158893662,0.21466225874149447,-0.06306725882889733,0.20355644971803613,0.3008391727097356,1.0,0.17245731251856708,0.28286092171007954,-0.19930297200876135,0.41090370571213364,-0.10545865139985502,-0.11290582783191953,0.11547007425910637
feature_9,0.3339904490854341,-0.4690850318962721,0.014678090772621565,0.01319371207044707,0.47678698067705233,0.431686523667344,0.05727790906152965,0.6267605255101677,0.17245731251856708,1.0,0.03335734718237136,0.18043577093668303,0.12169588259667082,0.030634585800138833,-0.03167421303585816,-0.10221026494749491
feature_10,-0.03795465329193319,-0.06549789426979995,-0.21571190296297219,-0.11609900384872467,0.05824339413629904,-0.14405058282706332,-0.5365281884508565,0.3598330510231095,0.28286092171007954,0.03335734718237136,1.0,0.18533823538905161,0.1132031935349542,-0.3051803642099903,0.3672852043582324,0.008968473991157133
feature_11,0.35633927217970285,-0.24212871812785697,0.30265731851581157,-0.021980298444432327,0.4259475031287221,0.10084417160141533,-0.5309801235170677,0.12111081169161007,-0.19930297200876135,0.18043577093668303,0.18533823538905161,1.0,-0.06917877049674574,-0.2249270630316123,0.08328631098625058,0.24506292005355892
feature_12,0.27939939592196855,-0.09535379543778466,-0.056439470579525176,-0.1917032151002506,0.16136026926172756,0.17221274420570595,0.30108707777707566,0.10045392302183555,0.41090370571213364,0.12169588259667082,0.1132031935349542,-0.06917877049674574,1.0,0.02946262463134827,-0.29985401061483263,-0.18514217370750147
feature_13,-0.2711149877894493,0.008006739635978845,-0.21209885663784067,-0.25720890175106154,-0.29990674811650125,0.38430113428678336,0.2863238639742148,-0.3404383708541949,-0.10545865139985502,0.030634585800138833,-0.3051803642099903,-0.2249270630316123,0.02946262463134827,1.0,-0.13589282135372202,0.20060110569566736
feature_14,-0.11311619215823654,-0.35594864636929546,-0.4552772115249827,0.02495372727703125,-0.21988570614934855,-0.19353615572237753,-0.5245340941755987,0.0693111899332899,-0.11290582783191953,-0.03167421303585816,0.3672852043582324,0.08328631098625058,-0.29985401061483263,-0.13589282135372202,1.0,0.09041962931988609
feature_15,-0.27338468822557815,-0.15775433269114375,-0.1291734296215194,-0.439953816557906,0.12709294688354425,-0.3852616650036622,-0.07995666170892539,-0.20782076562243149,0.11547007425910637,-0.10221026494749491,0.008968473991157133,0.24506292005355892,-0.18514217370750147,0.20060110569566736,0.09041962931988609,1.0
