,feature_0,feature_1,feature_2,feature_3,feature_4,feature_5,feature_6,feature_7,feature_8,feature_9,feature_10,feature_11,feature_12,feature_13,feature_14,feature_15
feature_0,1.0,0.06526022303963953,-0.2525960977056766,0.4376406282277319,0.5983479838984418,0.4942226067362131,0.06630110779586312,0.18018172703025662,-0.5292864375687634,0.23429519443469313,-0.09229543178683308,0.17226078399976028,0.03832424045267719,-0.1574392471950286,0.07198131194868886,-0.2830340365719168
feature_1,0.06526022303963953,1.0,0.23766829402269143,-0.1873397677417014,0.12804737264009067,-0.16532826802884126,-0.5512060415081723,0.3575155730279695,-0.16115995873106745,-0.2928650166620741,0.004844346042341241,0.18232066464754898,-0.24188781978356866,0.0700186624641013,0.2995239767184408,0.04361835862871874
feature_2,-0.2525960977056766,0.23766829402269143,1.0,-0.35121402991814304,-0.22378673041546418,-0.21366773757521587,-0.11416878881805374,0.27773564648981697,0.07857893728601983,-0.31994793508181596,-0.13206861965620884,0.0759177602452677,0.21521833693581824,0.1168570621332766,-0.32584014532002625,-0.20771666634093872
feature_3,0.4376406282277319,-0.1873397677417014,-0.35121402991814304,1.0,0.5230566529120573,0.4187296779942569,0.12409544668400677,0.015711592166637985,-0.47733747292667933,0.2121201090836883,-0.31770198866684507,0.24229841715121064,-0.27017815600962064,-0.23716732284394587,-0.11869856681428832,-0.41807674240090076
feature_4,0.5983479838984418,0.12804737264009067,-0.22378673041546418,0.5230566529120573,1.0,0.2599925056420479,0.2719989305897556,0.18795968615804207,-0.7135509234149986,0.3026615381208686,-0.1764982444557572,0.07239167041470096,-0.11244324030289818,-0.12676858700434265,-0.10486476558067596,-0.059793486036421206
feature_5,0.4942226067362131,-0.16532826802884126,-0.21366773757521587,0.4187296779942569,0.2599925056420479,1.0,0.060104012514047955,0.5109226585830848,-0.2149444809475134,0.37976974029657173,0.0226957762675435,0.20756436629559893,-0.013777148506606633,-0.04169925761557589,-0.0922831802868759,-0.5424847851614195
feature_6,0.06630110779586312,-0.5512060415081723,-0.11416878881805374,0.12409544668400677,0.2719989305897556,0.060104012514047955,1.0,-0.07358385381428309,-0.044242430377797515,0.524544142995108,-0.07741374680849979,-0.5293103846713382,0.25944973998633697,-0.18862545282382548,-0.4475735768405704,0.1507791311073625
feature_7,0.18018172703025662,0.3575155730279695,0.27773564648981697,0.015711592166637985,0.18795968615804207,0.5109226585830848,-0.07358385381428309,1.0,-0.1667689303116879,0.20312785178715095,0.16371373203372191,0.08542766205493742,0.11612525454276712,-0.011272219732360146,-0.001025203611155061,-0.3375176391459456
feature_8,-0.5292864375687634,-0.16115995873106745,0.07857893728601983,-0.47733747292667933,-0.7135509234149986,-0.2149444809475134,-0.044242430377797515,-0.1667689303116879,1.0,-0.04096022905345593,0.3555293818002171,-0.1330991537951435,0.2503285923070172,0.29010112180094877,0.1184801185200333,0.351567826490597
feature_9,0.23429519443469313,-0.2928650166620741,-0.31994793508181596,0.2121201090836883,0.3026615381208686,0.37976974029657173,0.524544142995108,0.20312785178715095,-0.04096022905345593,1.0,0.28016856003306073,-0.20258327851533992,0.28554443544500824,0.20924145933959834,-0.06783307003179731,-0.09034477206669538
feature_10,-0.09229543178683308,0.004844346042341241,-0.13206861965620884,-0.31770198866684507,-0.1764982444557572,0.0226957762675435,-0.07741374680849979,0.16371373203372191,0.3555293818002171,0.28016856003306073,1.0,-0.04791060868169822,0.02216553215388867,0.6596056505532536,0.3697081951163992,0.33953663346454555
feature_11,0.17226078399976028,0.18232066464754898,0.0759177602452677,0.24229841715121064,0.07239167041470096,0.20756436629559893,-0.5293103846713382,0.08542766205493742,-0.1330991537951435,-0.20258327851533992,-0.04791060868169822,1.0,0.09064089071088426,0.29295265968702705,-0.03518739969292117,-0.3994656421286851
feature_12,0.03832424045267719,-0.24188781978356866,0.21521833693581824,-0.27017815600962064,-0.11244324030289818,-0.013777148506606633,0.25944973998633697,0.11612525454276712,0.2503285923070172,0.28554443544500824,0.02216553215388867,0.09064089071088426,1.0,0.05366267084179421,-0.3119463061577504,0.017501667532144393
feature_13,-0.1574392471950286,0.0700186624641013,0.1168570621332766,-0.23716732284394587,-0.12676858700434265,-0.04169925761557589,-0.18862545282382548,-0.011272219732360146,0.29010112180094877,0.20924145933959834,0.6596056505532536,0.29295265968702705,0.05366267084179421,1.0,0.2004783468590208,0.16713982273223382
feature_14,0.07198131194868886,0.2995239767184408,-0.32584014532002625,-0.11869856681428832,-0.10486476558067596,-0.0922831802868759,-0.4475735768405704,-0.001025203611155061,0.1184801185200333,-0.06783307003179731,0.3697081951163992,-0.03518739969292117,-0.3119463061577504,0.2004783468590208,1.0,0.22803907613654972
feature_15,-0.2830340365719168,0.04361835862871874,-0.20771666634093872,-0.41807674240090076,-0.059793486036421206,-0.5424847851614195,0.1507791311073625,-0.3375176391459456,0.351567826490597,-0.09034477206669538,0.33953663346454555,-0.3994656421286851,0.017501667532144393,0.16713982273223382,0.22803907613654972,1.0
